#======================================
Workload_ID,    App_ID,SubmitTime,Tr:StartTime,Tr:EndTime,Tr:NetworkTime,   Tr:Size,Tr:Channel,Pr:StartTime,Pr:EndTime,Pr:CPUTime,   Pr:Size,Tr:StartTime,Tr:EndTime,Tr:NetworkTime,   Tr:Size,Tr:Channel,Pr:StartTime,Pr:EndTime,Pr:CPUTime,   Pr:Size,Tr:StartTime,Tr:EndTime,Tr:NetworkTime,   Tr:Size,Tr:Channel,ResponseTime,
 0, 6, 0, 0, 0.871, 0.871, 9000, 0, 0.871, 1.864, 0.993, 763, 1.864, 2.56, 0.697, 4000, 0, 2.56, 3.408, 0.848, 400, 3.408, 3.598, 0.19, 2000, 0,     2.537,
 1, 6, 1, 1, 1.998, 0.998, 10000, 0, 1.998, 3.038, 1.04, 831, 3.038, 3.886, 0.848, 5000, 0, 3.886, 4.935, 1.049, 500, 4.935, 5.127, 0.192, 2000, 0,     2.937,
 2, 6, 2, 2, 2.911, 0.911, 9000, 0, 2.911, 4.019, 1.108, 787, 4.019, 4.729, 0.71, 4000, 0, 4.729, 5.728, 1, 400, 5.728, 5.905, 0.177, 2000, 0,     2.817,
 3, 6, 3, 3, 4.124, 1.124, 11000, 0, 4.124, 5.273, 1.149, 912, 5.273, 6.102, 0.829, 5000, 0, 6.102, 7.117, 1.016, 500, 7.117, 7.289, 0.171, 2000, 0,     2.994,
 4, 6, 4, 4, 4.915, 0.915, 8000, 0, 4.915, 6.118, 1.202, 661, 6.118, 6.761, 0.643, 4000, 0, 6.761, 7.903, 1.142, 400, 7.903, 8.081, 0.178, 2000, 0,     2.988,
 5, 6, 5, 5, 6.108, 1.108, 11000, 0, 6.108, 7.281, 1.174, 922, 7.281, 8.094, 0.813, 5000, 0, 8.094, 9.099, 1.005, 500, 9.099, 9.283, 0.184, 2000, 0,     2.992,
 6, 6, 6, 6, 7.143, 1.143, 10000, 0, 7.143, 8.342, 1.2, 841, 8.342, 9.216, 0.874, 5000, 0, 9.216, 10.192, 0.976, 500, 10.192, 10.388, 0.196, 2000, 0,     3.049,
 7, 6, 7, 7, 7.943, 0.943, 8000, 0, 7.943, 9.263, 1.32, 716, 9.263, 9.91, 0.647, 4000, 0, 9.91, 10.986, 1.076, 400, 10.986, 11.169, 0.183, 2000, 0,     3.043,
 8, 6, 8, 8, 8.905, 0.905, 9000, 0, 8.905, 10.282, 1.377, 795, 10.282, 10.949, 0.667, 4000, 0, 10.949, 11.822, 0.873, 400, 11.822, 12.007, 0.185, 2000, 0,     2.917,
 9, 6, 9, 9, 9.986, 0.986, 10000, 0, 9.986, 11.392, 1.405, 867, 11.392, 12.237, 0.846, 5000, 0, 12.237, 13.255, 1.017, 500, 13.255, 13.448, 0.193, 2000, 0,     3.268,
 10, 6, 10, 10, 11.094, 1.094, 11000, 0, 11.094, 12.566, 1.473, 935, 12.566, 13.436, 0.869, 5000, 0, 13.436, 14.414, 0.979, 500, 14.414, 14.589, 0.175, 2000, 0,     3.321,
 11, 6, 11, 11, 11.991, 0.991, 9000, 0, 11.991, 13.583, 1.592, 790, 13.583, 14.26, 0.677, 4000, 0, 14.26, 15.212, 0.952, 400, 15.212, 15.412, 0.199, 2000, 0,     3.221,
 12, 6, 12, 12, 12.812, 0.812, 8000, 0, 12.812, 14.432, 1.62, 674, 14.432, 15.11, 0.678, 4000, 0, 15.11, 16.03, 0.92, 400, 16.03, 16.213, 0.183, 2000, 0,     3.218,
 13, 6, 13, 13, 14.121, 1.121, 11000, 0, 14.121, 15.576, 1.455, 919, 15.576, 16.431, 0.855, 5000, 0, 16.431, 17.458, 1.027, 500, 17.458, 17.651, 0.193, 2000, 0,     3.337,
 14, 6, 14, 14, 14.932, 0.932, 8000, 0, 14.932, 16.49, 1.558, 693, 16.49, 17.157, 0.667, 4000, 0, 17.157, 18.252, 1.095, 400, 18.252, 18.441, 0.189, 2000, 0,     3.320,
 15, 6, 15, 15, 15.829, 0.829, 8000, 0, 15.829, 17.39, 1.561, 657, 17.39, 18.072, 0.681, 4000, 0, 18.072, 19.031, 0.959, 400, 19.031, 19.219, 0.188, 2000, 0,     3.202,
 16, 6, 16, 16, 16.845, 0.845, 8000, 0, 16.845, 18.252, 1.407, 684, 18.252, 18.937, 0.685, 4000, 0, 18.937, 19.852, 0.915, 400, 19.852, 20.049, 0.196, 2000, 0,     3.008,
 17, 6, 17, 17, 18.023, 1.023, 10000, 0, 18.023, 19.35, 1.327, 862, 19.35, 20.189, 0.839, 5000, 0, 20.189, 21.193, 1.003, 500, 21.193, 21.377, 0.184, 2000, 0,     3.170,
 18, 6, 18, 18, 18.956, 0.956, 9000, 0, 18.956, 20.343, 1.387, 789, 20.343, 21.001, 0.658, 4000, 0, 21.001, 22.015, 1.013, 400, 22.015, 22.21, 0.195, 2000, 0,     3.058,
 19, 6, 19, 19, 20.131, 1.131, 11000, 0, 20.131, 21.472, 1.341, 884, 21.472, 22.331, 0.859, 5000, 0, 22.331, 23.313, 0.981, 500, 23.313, 23.5, 0.187, 2000, 0,     3.182,
 20, 6, 20, 20, 20.949, 0.949, 8000, 0, 20.949, 22.351, 1.402, 704, 22.351, 23.025, 0.674, 4000, 0, 23.025, 24.14, 1.115, 400, 24.14, 24.319, 0.179, 2000, 0,     3.191,
 21, 6, 21, 21, 22.022, 1.022, 10000, 0, 22.022, 23.446, 1.424, 852, 23.446, 24.277, 0.831, 5000, 0, 24.277, 25.281, 1.004, 500, 25.281, 25.464, 0.183, 2000, 0,     3.259,
 22, 6, 22, 22, 22.931, 0.931, 9000, 0, 22.931, 24.356, 1.425, 741, 24.356, 25.048, 0.692, 4000, 0, 25.048, 26.101, 1.053, 400, 26.101, 26.284, 0.184, 2000, 0,     3.170,
 23, 6, 23, 23, 23.792, 0.792, 8000, 0, 23.792, 25.162, 1.37, 651, 25.162, 25.827, 0.665, 4000, 0, 25.827, 26.932, 1.105, 400, 26.932, 27.129, 0.197, 2000, 0,     3.140,
 24, 6, 24, 24, 24.79, 0.79, 8000, 0, 24.79, 26.019, 1.229, 678, 26.019, 26.699, 0.681, 4000, 0, 26.699, 27.753, 1.053, 400, 27.753, 27.953, 0.2, 2000, 0,     2.963,
 25, 6, 25, 25, 26.092, 1.092, 11000, 0, 26.092, 27.266, 1.174, 918, 27.266, 28.121, 0.855, 5000, 0, 28.121, 29.125, 1.004, 500, 29.125, 29.314, 0.189, 2000, 0,     3.033,
 26, 6, 26, 26, 27.114, 1.114, 10000, 0, 27.114, 28.283, 1.169, 806, 28.283, 29.125, 0.843, 5000, 0, 29.125, 30.122, 0.997, 500, 30.122, 30.314, 0.192, 2000, 0,     3.009,
 27, 6, 27, 27, 27.917, 0.917, 8000, 0, 27.917, 29.067, 1.151, 642, 29.067, 29.8, 0.733, 4000, 0, 29.8, 30.925, 1.125, 400, 30.925, 31.111, 0.185, 2000, 0,     3.009,
 28, 6, 28, 28, 28.926, 0.926, 9000, 0, 28.926, 30.072, 1.146, 747, 30.072, 30.755, 0.682, 4000, 0, 30.755, 31.727, 0.972, 400, 31.727, 31.897, 0.17, 2000, 0,     2.801,
 29, 6, 29, 29, 29.914, 0.914, 9000, 0, 29.914, 31.056, 1.142, 776, 31.056, 31.73, 0.674, 4000, 0, 31.73, 32.529, 0.799, 400, 32.529, 32.706, 0.177, 2000, 0,     2.615,
 30, 6, 30, 30, 30.822, 0.822, 8000, 0, 30.822, 31.862, 1.04, 655, 31.862, 32.53, 0.669, 4000, 0, 32.53, 33.355, 0.825, 400, 33.355, 33.54, 0.185, 2000, 0,     2.533,
 31, 6, 31, 31, 31.938, 0.938, 9000, 0, 31.938, 32.945, 1.007, 792, 32.945, 33.615, 0.67, 4000, 0, 33.615, 34.44, 0.826, 400, 34.44, 34.629, 0.189, 2000, 0,     2.502,
 32, 6, 32, 32, 33.145, 1.145, 11000, 0, 33.145, 34.301, 1.155, 914, 34.301, 35.167, 0.867, 5000, 0, 35.167, 36.173, 1.006, 500, 36.173, 36.36, 0.187, 2000, 0,     3.028,
 33, 6, 33, 33, 34.225, 1.225, 11000, 0, 34.225, 35.414, 1.189, 909, 35.414, 36.248, 0.833, 5000, 0, 36.248, 37.272, 1.024, 500, 37.272, 37.462, 0.19, 2000, 0,     3.047,
 34, 6, 34, 34, 35.348, 1.348, 11000, 0, 35.348, 36.565, 1.217, 921, 36.565, 37.394, 0.829, 5000, 0, 37.394, 38.39, 0.996, 500, 38.39, 38.571, 0.181, 2000, 0,     3.042,
 35, 6, 35, 35, 36.159, 1.159, 8000, 0, 36.159, 37.411, 1.252, 665, 37.411, 38.095, 0.683, 4000, 0, 38.095, 39.167, 1.072, 400, 39.167, 39.353, 0.186, 2000, 0,     3.008,
 36, 6, 36, 36, 37.172, 1.172, 10000, 0, 37.172, 38.449, 1.276, 847, 38.449, 39.319, 0.87, 5000, 0, 39.319, 40.34, 1.021, 500, 40.34, 40.52, 0.18, 2000, 0,     3.168,
 37, 6, 37, 37, 38.244, 1.244, 11000, 0, 38.244, 39.56, 1.316, 903, 39.56, 40.402, 0.842, 5000, 0, 40.402, 41.367, 0.965, 500, 41.367, 41.548, 0.181, 2000, 0,     3.124,
 38, 6, 38, 38, 39.203, 1.203, 10000, 0, 39.203, 40.634, 1.431, 855, 40.634, 41.475, 0.841, 5000, 0, 41.475, 42.495, 1.019, 500, 42.495, 42.687, 0.193, 2000, 0,     3.291,
 39, 6, 39, 39, 40.193, 1.193, 10000, 0, 40.193, 41.669, 1.476, 849, 41.669, 42.521, 0.852, 5000, 0, 42.521, 43.511, 0.99, 500, 43.511, 43.691, 0.18, 2000, 0,     3.319,
 40, 6, 40, 40, 41.317, 1.317, 11000, 0, 41.317, 42.864, 1.547, 908, 42.864, 43.674, 0.811, 5000, 0, 43.674, 44.659, 0.985, 500, 44.659, 44.855, 0.196, 2000, 0,     3.342,
 41, 6, 41, 41, 42.13, 1.13, 8000, 0, 42.13, 43.76, 1.63, 708, 43.76, 44.446, 0.686, 4000, 0, 44.446, 45.455, 1.009, 400, 45.455, 45.64, 0.185, 2000, 0,     3.325,
 42, 6, 42, 42, 43.034, 1.034, 9000, 0, 43.034, 44.695, 1.662, 741, 44.695, 45.364, 0.668, 4000, 0, 45.364, 46.251, 0.887, 400, 46.251, 46.446, 0.195, 2000, 0,     3.217,
 43, 6, 43, 43, 44.152, 1.152, 11000, 0, 44.152, 45.898, 1.745, 938, 45.898, 46.727, 0.829, 5000, 0, 46.727, 47.756, 1.029, 500, 47.756, 47.948, 0.191, 2000, 0,     3.604,
 44, 6, 44, 44, 44.947, 0.947, 8000, 0, 44.947, 46.827, 1.879, 708, 46.827, 47.503, 0.677, 4000, 0, 47.503, 48.531, 1.028, 400, 48.531, 48.721, 0.19, 2000, 0,     3.584,
 45, 6, 45, 45, 45.803, 0.803, 8000, 0, 45.803, 47.645, 1.843, 666, 47.645, 48.333, 0.687, 4000, 0, 48.333, 49.348, 1.015, 400, 49.348, 49.534, 0.186, 2000, 0,     3.545,
 46, 6, 46, 46, 46.83, 0.83, 8000, 0, 46.83, 48.521, 1.691, 660, 48.521, 49.195, 0.674, 4000, 0, 49.195, 50.174, 0.978, 400, 50.174, 50.37, 0.196, 2000, 0,     3.344,
 47, 6, 47, 47, 47.794, 0.794, 8000, 0, 47.794, 49.315, 1.521, 659, 49.315, 50.003, 0.688, 4000, 0, 50.003, 50.97, 0.967, 400, 50.97, 51.163, 0.192, 2000, 0,     3.176,
 48, 6, 48, 48, 48.906, 0.906, 9000, 0, 48.906, 50.316, 1.41, 780, 50.316, 50.977, 0.662, 4000, 0, 50.977, 51.774, 0.796, 400, 51.774, 51.96, 0.186, 2000, 0,     2.868,
 49, 6, 49, 49, 50.099, 1.099, 11000, 0, 50.099, 51.542, 1.442, 958, 51.542, 52.358, 0.816, 5000, 0, 52.358, 53.389, 1.031, 500, 53.389, 53.585, 0.197, 2000, 0,     3.289,
 50, 6, 50, 50, 51.013, 1.013, 9000, 0, 51.013, 52.479, 1.466, 736, 52.479, 53.135, 0.657, 4000, 0, 53.135, 54.169, 1.034, 400, 54.169, 54.359, 0.19, 2000, 0,     3.157,
 51, 6, 51, 51, 51.913, 0.913, 9000, 0, 51.913, 53.484, 1.572, 798, 53.484, 54.169, 0.685, 4000, 0, 54.169, 54.984, 0.815, 400, 54.984, 55.179, 0.194, 2000, 0,     3.072,
 52, 6, 52, 52, 52.994, 0.994, 10000, 0, 52.994, 54.558, 1.563, 856, 54.558, 55.414, 0.856, 5000, 0, 55.414, 56.423, 1.008, 500, 56.423, 56.612, 0.19, 2000, 0,     3.428,
 53, 6, 53, 53, 53.832, 0.832, 8000, 0, 53.832, 55.395, 1.563, 668, 55.395, 56.106, 0.711, 4000, 0, 56.106, 57.232, 1.126, 400, 57.232, 57.418, 0.186, 2000, 0,     3.400,
 54, 6, 54, 54, 55.125, 1.125, 11000, 0, 55.125, 56.503, 1.378, 880, 56.503, 57.342, 0.839, 5000, 0, 57.342, 58.34, 0.998, 500, 58.34, 58.528, 0.188, 2000, 0,     3.215,
 55, 6, 55, 55, 56.245, 1.245, 11000, 0, 56.245, 57.667, 1.422, 949, 57.667, 58.482, 0.815, 5000, 0, 58.482, 59.49, 1.008, 500, 59.49, 59.673, 0.183, 2000, 0,     3.245,
 56, 6, 56, 56, 57.265, 1.265, 10000, 0, 57.265, 58.678, 1.414, 826, 58.678, 59.502, 0.823, 5000, 0, 59.502, 60.508, 1.006, 500, 60.508, 60.698, 0.19, 2000, 0,     3.243,
 57, 6, 57, 57, 58.188, 1.188, 9000, 0, 58.188, 59.679, 1.492, 785, 59.679, 60.37, 0.691, 4000, 0, 60.37, 61.306, 0.936, 400, 61.306, 61.486, 0.179, 2000, 0,     3.119,
 58, 6, 58, 58, 59.268, 1.268, 11000, 0, 59.268, 60.873, 1.605, 953, 60.873, 61.722, 0.849, 5000, 0, 61.722, 62.73, 1.008, 500, 62.73, 62.907, 0.177, 2000, 0,     3.462,
 59, 6, 59, 59, 60.187, 1.187, 9000, 0, 60.187, 61.814, 1.626, 748, 61.814, 62.501, 0.688, 4000, 0, 62.501, 63.522, 1.021, 400, 63.522, 63.713, 0.191, 2000, 0,     3.335,
 60, 6, 60, 60, 61.268, 1.268, 11000, 0, 61.268, 63.007, 1.739, 929, 63.007, 63.848, 0.841, 5000, 0, 63.848, 64.862, 1.014, 500, 64.862, 65.043, 0.181, 2000, 0,     3.595,
 61, 6, 61, 61, 62.267, 1.267, 10000, 0, 62.267, 64.032, 1.765, 843, 64.032, 64.871, 0.839, 5000, 0, 64.871, 65.885, 1.014, 500, 65.885, 66.069, 0.183, 2000, 0,     3.618,
 62, 6, 62, 62, 63.089, 1.089, 8000, 0, 63.089, 64.876, 1.787, 690, 64.876, 65.55, 0.674, 4000, 0, 65.55, 66.695, 1.145, 400, 66.695, 66.883, 0.188, 2000, 0,     3.606,
 63, 6, 63, 63, 63.915, 0.915, 8000, 0, 63.915, 65.728, 1.812, 658, 65.728, 66.401, 0.673, 4000, 0, 66.401, 67.51, 1.109, 400, 67.51, 67.697, 0.187, 2000, 0,     3.595,
 64, 6, 64, 64, 64.825, 0.825, 8000, 0, 64.825, 66.563, 1.738, 680, 66.563, 67.237, 0.674, 4000, 0, 67.237, 68.301, 1.064, 400, 68.301, 68.473, 0.172, 2000, 0,     3.476,
 65, 6, 65, 65, 66.002, 1.002, 10000, 0, 66.002, 67.581, 1.579, 806, 67.581, 68.413, 0.832, 5000, 0, 68.413, 69.448, 1.035, 500, 69.448, 69.628, 0.179, 2000, 0,     3.446,
 66, 6, 66, 66, 66.809, 0.809, 8000, 0, 66.809, 68.469, 1.66, 695, 68.469, 69.125, 0.657, 4000, 0, 69.125, 70.228, 1.103, 400, 70.228, 70.421, 0.193, 2000, 0,     3.419,
 67, 6, 67, 67, 68.025, 1.025, 10000, 0, 68.025, 69.555, 1.53, 851, 69.555, 70.412, 0.857, 5000, 0, 70.412, 71.417, 1.006, 500, 71.417, 71.603, 0.186, 2000, 0,     3.392,
 68, 6, 68, 68, 68.827, 0.827, 8000, 0, 68.827, 70.417, 1.589, 679, 70.417, 71.132, 0.715, 4000, 0, 71.132, 72.238, 1.107, 400, 72.238, 72.424, 0.186, 2000, 0,     3.411,
 69, 6, 69, 69, 69.813, 0.813, 8000, 0, 69.813, 71.3, 1.487, 715, 71.3, 71.967, 0.667, 4000, 0, 71.967, 73.077, 1.11, 400, 73.077, 73.267, 0.19, 2000, 0,     3.264,
 70, 6, 70, 70, 70.846, 0.846, 8000, 0, 70.846, 72.154, 1.309, 691, 72.154, 72.805, 0.651, 4000, 0, 72.805, 73.848, 1.042, 400, 73.848, 74.037, 0.189, 2000, 0,     3.002,
 71, 6, 71, 71, 71.82, 0.82, 8000, 0, 71.82, 73.048, 1.228, 689, 73.048, 73.716, 0.669, 4000, 0, 73.716, 74.682, 0.965, 400, 74.682, 74.872, 0.19, 2000, 0,     2.862,
 72, 6, 72, 72, 73.103, 1.103, 11000, 0, 73.103, 74.214, 1.11, 916, 74.214, 75.077, 0.864, 5000, 0, 75.077, 76.063, 0.986, 500, 76.063, 76.244, 0.181, 2000, 0,     2.960,
 73, 6, 73, 73, 74.216, 1.216, 11000, 0, 74.216, 75.372, 1.157, 950, 75.372, 76.204, 0.832, 5000, 0, 76.204, 77.197, 0.993, 500, 77.197, 77.392, 0.195, 2000, 0,     2.982,
 74, 6, 74, 74, 75.262, 1.262, 10000, 0, 75.262, 76.492, 1.23, 863, 76.492, 77.357, 0.865, 5000, 0, 77.357, 78.349, 0.992, 500, 78.349, 78.545, 0.196, 2000, 0,     3.087,
 75, 6, 75, 75, 76.37, 1.37, 11000, 0, 76.37, 77.662, 1.292, 942, 77.662, 78.475, 0.813, 5000, 0, 78.475, 79.491, 1.017, 500, 79.491, 79.684, 0.193, 2000, 0,     3.121,
 76, 6, 76, 76, 77.286, 1.286, 9000, 0, 77.286, 78.569, 1.283, 730, 78.569, 79.245, 0.676, 4000, 0, 79.245, 80.289, 1.043, 400, 80.289, 80.466, 0.177, 2000, 0,     3.003,
 77, 6, 77, 77, 78.189, 1.189, 9000, 0, 78.189, 79.483, 1.294, 724, 79.483, 80.157, 0.673, 4000, 0, 80.157, 81.101, 0.944, 400, 81.101, 81.297, 0.196, 2000, 0,     2.912,
 78, 6, 78, 78, 79.309, 1.309, 11000, 0, 79.309, 80.602, 1.294, 900, 80.602, 81.46, 0.857, 5000, 0, 81.46, 82.464, 1.004, 500, 82.464, 82.65, 0.186, 2000, 0,     3.155,
 79, 6, 79, 79, 80.392, 1.392, 11000, 0, 80.392, 81.718, 1.325, 897, 81.718, 82.566, 0.848, 5000, 0, 82.566, 83.598, 1.033, 500, 83.598, 83.791, 0.192, 2000, 0,     3.206,
 80, 6, 80, 80, 81.466, 1.466, 11000, 0, 81.466, 82.881, 1.416, 931, 82.881, 83.718, 0.837, 5000, 0, 83.718, 84.723, 1.004, 500, 84.723, 84.903, 0.18, 2000, 0,     3.257,
 81, 6, 81, 81, 82.352, 1.352, 9000, 0, 82.352, 83.833, 1.481, 793, 83.833, 84.487, 0.655, 4000, 0, 84.487, 85.539, 1.051, 400, 85.539, 85.726, 0.187, 2000, 0,     3.187,
 82, 6, 82, 82, 83.434, 1.434, 11000, 0, 83.434, 85.05, 1.615, 954, 85.05, 85.893, 0.844, 5000, 0, 85.893, 86.892, 0.999, 500, 86.892, 87.08, 0.188, 2000, 0,     3.458,
 83, 6, 83, 83, 84.33, 1.33, 9000, 0, 84.33, 85.974, 1.643, 723, 85.974, 86.632, 0.658, 4000, 0, 86.632, 87.699, 1.067, 400, 87.699, 87.883, 0.184, 2000, 0,     3.369,
 84, 6, 84, 84, 85.324, 1.324, 10000, 0, 85.324, 86.994, 1.669, 804, 86.994, 87.833, 0.84, 5000, 0, 87.833, 88.854, 1.021, 500, 88.854, 89.033, 0.179, 2000, 0,     3.530,
 85, 6, 85, 85, 86.388, 1.388, 11000, 0, 86.388, 88.178, 1.79, 957, 88.178, 89.015, 0.837, 5000, 0, 89.015, 90.043, 1.028, 500, 90.043, 90.225, 0.182, 2000, 0,     3.655,
 86, 6, 86, 86, 87.304, 1.304, 9000, 0, 87.304, 89.159, 1.855, 772, 89.159, 89.802, 0.643, 4000, 0, 89.802, 90.838, 1.036, 400, 90.838, 91.035, 0.197, 2000, 0,     3.534,
 87, 6, 87, 87, 88.221, 1.221, 9000, 0, 88.221, 90.185, 1.964, 767, 90.185, 90.856, 0.67, 4000, 0, 90.856, 91.661, 0.805, 400, 91.661, 91.837, 0.176, 2000, 0,     3.440,
 88, 6, 88, 88, 89.218, 1.218, 10000, 0, 89.218, 91.162, 1.944, 804, 91.162, 92.016, 0.854, 5000, 0, 92.016, 93.044, 1.028, 500, 93.044, 93.231, 0.187, 2000, 0,     3.826,
 89, 6, 89, 89, 90.336, 1.336, 11000, 0, 90.336, 92.288, 1.952, 915, 92.288, 93.109, 0.821, 5000, 0, 93.109, 94.106, 0.997, 500, 94.106, 94.297, 0.191, 2000, 0,     3.770,
 90, 6, 90, 90, 91.126, 1.126, 8000, 0, 91.126, 93.155, 2.03, 683, 93.155, 93.83, 0.675, 4000, 0, 93.83, 94.931, 1.101, 400, 94.931, 95.119, 0.188, 2000, 0,     3.806,
 91, 6, 91, 91, 92.219, 1.219, 11000, 0, 92.219, 94.349, 2.131, 911, 94.349, 95.219, 0.87, 5000, 0, 95.219, 96.219, 0.999, 500, 96.219, 96.417, 0.199, 2000, 0,     4.000,
 92, 6, 92, 92, 93.228, 1.228, 10000, 0, 93.228, 95.448, 2.219, 853, 95.448, 96.267, 0.819, 5000, 0, 96.267, 97.263, 0.996, 500, 97.263, 97.44, 0.177, 2000, 0,     4.034,
 93, 6, 93, 93, 94.229, 1.229, 10000, 0, 94.229, 96.529, 2.3, 864, 96.529, 97.338, 0.809, 5000, 0, 97.338, 98.367, 1.029, 500, 98.367, 98.563, 0.197, 2000, 0,     4.137,
 94, 6, 94, 94, 95.145, 1.145, 9000, 0, 95.145, 97.449, 2.304, 720, 97.449, 98.131, 0.682, 4000, 0, 98.131, 99.166, 1.035, 400, 99.166, 99.361, 0.194, 2000, 0,     4.021,
 95, 6, 95, 95, 96.063, 1.063, 9000, 0, 96.063, 98.352, 2.289, 722, 98.352, 99.036, 0.684, 4000, 0, 99.036, 99.998, 0.962, 400, 99.998, 100.196, 0.198, 2000, 0,     3.935,
 96, 6, 96, 96, 96.956, 0.956, 9000, 0, 96.956, 99.272, 2.316, 737, 99.272, 99.958, 0.686, 4000, 0, 99.958, 100.792, 0.834, 400, 100.792, 100.981, 0.189, 2000, 0,     3.837,
 97, 6, 97, 97, 98.155, 1.155, 11000, 0, 98.155, 100.399, 2.244, 897, 100.399, 101.254, 0.856, 5000, 0, 101.254, 102.254, 0.999, 500, 102.254, 102.45, 0.196, 2000, 0,     4.099,
 98, 6, 98, 98, 99.178, 1.178, 10000, 0, 99.178, 101.396, 2.218, 815, 101.396, 102.222, 0.826, 5000, 0, 102.222, 103.255, 1.033, 500, 103.255, 103.449, 0.194, 2000, 0,     4.078,
 99, 6, 99, 99, 100.076, 1.076, 9000, 0, 100.076, 102.388, 2.312, 776, 102.388, 103.067, 0.679, 4000, 0, 103.067, 104.039, 0.972, 400, 104.039, 104.223, 0.185, 2000, 0,     3.963,
 100, 6, 100, 100, 100.854, 0.854, 8000, 0, 100.854, 103.278, 2.425, 717, 103.278, 103.969, 0.691, 4000, 0, 103.969, 104.86, 0.891, 400, 104.86, 105.047, 0.188, 2000, 0,     4.006,
 101, 6, 101, 101, 102.002, 1.002, 10000, 0, 102.002, 104.226, 2.224, 800, 104.226, 105.102, 0.875, 5000, 0, 105.102, 106.113, 1.012, 500, 106.113, 106.3, 0.186, 2000, 0,     4.111,
 102, 6, 102, 102, 103.098, 1.098, 11000, 0, 103.098, 105.355, 2.257, 887, 105.355, 106.199, 0.844, 5000, 0, 106.199, 107.19, 0.991, 500, 107.19, 107.385, 0.195, 2000, 0,     4.091,
 103, 6, 103, 103, 103.888, 0.888, 8000, 0, 103.888, 106.193, 2.305, 669, 106.193, 106.83, 0.637, 4000, 0, 106.83, 107.989, 1.159, 400, 107.989, 108.175, 0.186, 2000, 0,     4.101,
 104, 6, 104, 104, 104.913, 0.913, 9000, 0, 104.913, 107.138, 2.225, 762, 107.138, 107.822, 0.685, 4000, 0, 107.822, 108.789, 0.967, 400, 108.789, 108.98, 0.191, 2000, 0,     3.876,
 105, 6, 105, 105, 105.998, 0.998, 10000, 0, 105.998, 108.142, 2.144, 820, 108.142, 108.966, 0.824, 5000, 0, 108.966, 109.964, 0.998, 500, 109.964, 110.149, 0.185, 2000, 0,     3.966,
 106, 6, 106, 106, 107.066, 1.066, 11000, 0, 107.066, 109.275, 2.208, 942, 109.275, 110.098, 0.823, 5000, 0, 110.098, 111.111, 1.014, 500, 111.111, 111.298, 0.187, 2000, 0,     4.045,
 107, 6, 107, 107, 107.989, 0.989, 9000, 0, 107.989, 110.22, 2.231, 726, 110.22, 110.89, 0.67, 4000, 0, 110.89, 111.936, 1.047, 400, 111.936, 112.12, 0.184, 2000, 0,     3.947,
 108, 6, 108, 108, 108.982, 0.982, 10000, 0, 108.982, 111.307, 2.325, 869, 111.307, 112.162, 0.855, 5000, 0, 112.162, 113.163, 1.002, 500, 113.163, 113.363, 0.199, 2000, 0,     4.181,
 109, 6, 109, 109, 109.798, 0.798, 8000, 0, 109.798, 112.158, 2.359, 678, 112.158, 112.837, 0.679, 4000, 0, 112.837, 113.98, 1.143, 400, 113.98, 114.162, 0.182, 2000, 0,     4.182,
 110, 6, 110, 110, 111.087, 1.087, 11000, 0, 111.087, 113.326, 2.239, 909, 113.326, 114.176, 0.85, 5000, 0, 114.176, 115.207, 1.03, 500, 115.207, 115.392, 0.185, 2000, 0,     4.120,
 111, 6, 111, 111, 111.98, 0.98, 9000, 0, 111.98, 114.233, 2.253, 752, 114.233, 114.888, 0.655, 4000, 0, 114.888, 116.011, 1.123, 400, 116.011, 116.198, 0.187, 2000, 0,     4.031,
 112, 6, 112, 112, 112.97, 0.97, 10000, 0, 112.97, 115.275, 2.305, 856, 115.275, 116.168, 0.893, 5000, 0, 116.168, 117.186, 1.018, 500, 117.186, 117.361, 0.175, 2000, 0,     4.216,
 113, 6, 113, 113, 113.987, 0.987, 10000, 0, 113.987, 116.331, 2.344, 849, 116.331, 117.165, 0.834, 5000, 0, 117.165, 118.171, 1.007, 500, 118.171, 118.365, 0.194, 2000, 0,     4.184,
 114, 6, 114, 114, 114.805, 0.805, 8000, 0, 114.805, 117.22, 2.415, 708, 117.22, 117.904, 0.684, 4000, 0, 117.904, 119.013, 1.109, 400, 119.013, 119.193, 0.179, 2000, 0,     4.208,
 115, 6, 115, 115, 116.001, 1.001, 10000, 0, 116.001, 118.302, 2.301, 873, 118.302, 119.124, 0.822, 5000, 0, 119.124, 120.127, 1.003, 500, 120.127, 120.313, 0.186, 2000, 0,     4.126,
 116, 6, 116, 116, 117.033, 1.033, 10000, 0, 117.033, 119.386, 2.353, 858, 119.386, 120.221, 0.834, 5000, 0, 120.221, 121.225, 1.005, 500, 121.225, 121.41, 0.184, 2000, 0,     4.192,
 117, 6, 117, 117, 118.022, 1.022, 10000, 0, 118.022, 120.466, 2.444, 867, 120.466, 121.301, 0.835, 5000, 0, 121.301, 122.317, 1.016, 500, 122.317, 122.499, 0.183, 2000, 0,     4.295,
 118, 6, 118, 118, 119.138, 1.138, 11000, 0, 119.138, 121.562, 2.424, 880, 121.562, 122.402, 0.84, 5000, 0, 122.402, 123.392, 0.99, 500, 123.392, 123.576, 0.184, 2000, 0,     4.254,
 119, 6, 119, 119, 119.945, 0.945, 8000, 0, 119.945, 122.407, 2.463, 670, 122.407, 123.078, 0.67, 4000, 0, 123.078, 124.189, 1.111, 400, 124.189, 124.374, 0.185, 2000, 0,     4.244,
 120, 6, 120, 120, 120.919, 0.919, 9000, 0, 120.919, 123.33, 2.411, 728, 123.33, 124.037, 0.707, 4000, 0, 124.037, 124.993, 0.956, 400, 124.993, 125.19, 0.197, 2000, 0,     4.074,
 121, 6, 121, 121, 122.081, 1.081, 11000, 0, 122.081, 124.526, 2.445, 945, 124.526, 125.346, 0.819, 5000, 0, 125.346, 126.361, 1.015, 500, 126.361, 126.543, 0.182, 2000, 0,     4.280,
 122, 6, 122, 122, 123.054, 1.054, 10000, 0, 123.054, 125.547, 2.494, 818, 125.547, 126.395, 0.847, 5000, 0, 126.395, 127.414, 1.019, 500, 127.414, 127.608, 0.194, 2000, 0,     4.360,
 123, 6, 123, 123, 124.178, 1.178, 11000, 0, 124.178, 126.69, 2.512, 913, 126.69, 127.536, 0.845, 5000, 0, 127.536, 128.547, 1.011, 500, 128.547, 128.734, 0.187, 2000, 0,     4.369,
 124, 6, 124, 124, 125.178, 1.178, 10000, 0, 125.178, 127.785, 2.607, 834, 127.785, 128.64, 0.855, 5000, 0, 128.64, 129.615, 0.975, 500, 129.615, 129.792, 0.176, 2000, 0,     4.437,
 125, 6, 125, 125, 126.279, 1.279, 11000, 0, 126.279, 128.93, 2.651, 911, 128.93, 129.774, 0.844, 5000, 0, 129.774, 130.777, 1.003, 500, 130.777, 130.966, 0.189, 2000, 0,     4.498,
 126, 6, 126, 126, 127.067, 1.067, 8000, 0, 127.067, 129.768, 2.7, 656, 129.768, 130.417, 0.65, 4000, 0, 130.417, 131.56, 1.143, 400, 131.56, 131.74, 0.18, 2000, 0,     4.493,
 127, 6, 127, 127, 127.868, 0.868, 8000, 0, 127.868, 130.61, 2.742, 665, 130.61, 131.303, 0.693, 4000, 0, 131.303, 132.373, 1.07, 400, 132.373, 132.559, 0.185, 2000, 0,     4.505,
 128, 6, 128, 128, 128.803, 0.803, 8000, 0, 128.803, 131.453, 2.65, 676, 131.453, 132.119, 0.666, 4000, 0, 132.119, 133.168, 1.049, 400, 133.168, 133.347, 0.179, 2000, 0,     4.365,
 129, 6, 129, 129, 130.119, 1.119, 11000, 0, 130.119, 132.625, 2.505, 936, 132.625, 133.45, 0.825, 5000, 0, 133.45, 134.438, 0.988, 500, 134.438, 134.648, 0.21, 2000, 0,     4.319,
 130, 6, 130, 130, 130.942, 0.942, 8000, 0, 130.942, 133.458, 2.515, 674, 133.458, 134.14, 0.683, 4000, 0, 134.14, 135.257, 1.117, 400, 135.257, 135.454, 0.197, 2000, 0,     4.315,
 131, 6, 131, 131, 132.105, 1.105, 11000, 0, 132.105, 134.657, 2.552, 943, 134.657, 135.501, 0.844, 5000, 0, 135.501, 136.503, 1.002, 500, 136.503, 136.693, 0.189, 2000, 0,     4.399,
 132, 6, 132, 132, 133.081, 1.081, 10000, 0, 133.081, 135.725, 2.644, 872, 135.725, 136.601, 0.876, 5000, 0, 136.601, 137.616, 1.015, 500, 137.616, 137.803, 0.187, 2000, 0,     4.535,
 133, 6, 133, 133, 134.203, 1.203, 11000, 0, 134.203, 136.882, 2.679, 941, 136.882, 137.729, 0.847, 5000, 0, 137.729, 138.728, 0.999, 500, 138.728, 138.923, 0.195, 2000, 0,     4.525,
 134, 6, 134, 134, 135.332, 1.332, 11000, 0, 135.332, 137.995, 2.662, 884, 137.995, 138.821, 0.826, 5000, 0, 138.821, 139.818, 0.997, 500, 139.818, 140, 0.182, 2000, 0,     4.486,
 135, 6, 135, 135, 136.428, 1.428, 11000, 0, 136.428, 139.095, 2.667, 907, 139.095, 139.973, 0.878, 5000, 0, 139.973, 140.97, 0.997, 500, 140.97, 141.155, 0.185, 2000, 0,     4.542,
 136, 6, 136, 136, 137.237, 1.237, 8000, 0, 137.237, 139.93, 2.693, 675, 139.93, 140.639, 0.709, 4000, 0, 140.639, 141.787, 1.148, 400, 141.787, 141.966, 0.179, 2000, 0,     4.550,
 137, 6, 137, 137, 138.346, 1.346, 11000, 0, 138.346, 141.031, 2.684, 886, 141.031, 141.88, 0.85, 5000, 0, 141.88, 142.865, 0.984, 500, 142.865, 143.052, 0.187, 2000, 0,     4.518,
 138, 6, 138, 138, 139.356, 1.356, 10000, 0, 139.356, 142.165, 2.809, 877, 142.165, 143.006, 0.841, 5000, 0, 143.006, 144.02, 1.014, 500, 144.02, 144.207, 0.187, 2000, 0,     4.664,
 139, 6, 139, 139, 140.248, 1.248, 9000, 0, 140.248, 143.115, 2.867, 751, 143.115, 143.784, 0.669, 4000, 0, 143.784, 144.821, 1.037, 400, 144.821, 145.01, 0.188, 2000, 0,     4.574,
 140, 6, 140, 140, 141.348, 1.348, 11000, 0, 141.348, 144.223, 2.876, 886, 144.223, 145.067, 0.843, 5000, 0, 145.067, 146.07, 1.003, 500, 146.07, 146.263, 0.193, 2000, 0,     4.722,
 141, 6, 141, 141, 142.449, 1.449, 11000, 0, 142.449, 145.355, 2.907, 910, 145.355, 146.204, 0.849, 5000, 0, 146.204, 147.209, 1.005, 500, 147.209, 147.384, 0.175, 2000, 0,     4.761,
 142, 6, 142, 142, 143.459, 1.459, 10000, 0, 143.459, 146.364, 2.905, 815, 146.364, 147.225, 0.861, 5000, 0, 147.225, 148.229, 1.004, 500, 148.229, 148.417, 0.188, 2000, 0,     4.770,
 143, 6, 143, 143, 144.257, 1.257, 8000, 0, 144.257, 147.206, 2.948, 695, 147.206, 147.89, 0.684, 4000, 0, 147.89, 149.022, 1.132, 400, 149.022, 149.199, 0.177, 2000, 0,     4.765,
 144, 6, 144, 144, 145.292, 1.292, 10000, 0, 145.292, 148.31, 3.017, 854, 148.31, 149.136, 0.826, 5000, 0, 149.136, 150.124, 0.988, 500, 150.124, 150.31, 0.186, 2000, 0,     4.831,
 145, 6, 145, 145, 146.309, 1.309, 10000, 0, 146.309, 149.37, 3.06, 840, 149.37, 150.245, 0.875, 5000, 0, 150.245, 151.238, 0.993, 500, 151.238, 151.431, 0.193, 2000, 0,     4.929,
 146, 6, 146, 146, 147.455, 1.455, 11000, 0, 147.455, 150.552, 3.097, 949, 150.552, 151.381, 0.829, 5000, 0, 151.381, 152.372, 0.991, 500, 152.372, 152.566, 0.193, 2000, 0,     4.917,
 147, 6, 147, 147, 148.426, 1.426, 10000, 0, 148.426, 151.687, 3.261, 878, 151.687, 152.508, 0.821, 5000, 0, 152.508, 153.524, 1.016, 500, 153.524, 153.72, 0.196, 2000, 0,     5.098,
 148, 6, 148, 148, 149.215, 1.215, 8000, 0, 149.215, 152.582, 3.368, 684, 152.582, 153.256, 0.674, 4000, 0, 153.256, 154.293, 1.037, 400, 154.293, 154.485, 0.192, 2000, 0,     5.078,
 149, 6, 149, 149, 150.141, 1.141, 9000, 0, 150.141, 153.506, 3.366, 764, 153.506, 154.152, 0.646, 4000, 0, 154.152, 155.108, 0.956, 400, 155.108, 155.284, 0.176, 2000, 0,     4.968,
 150, 6, 150, 150, 151.183, 1.183, 10000, 0, 151.183, 154.571, 3.388, 859, 154.571, 155.424, 0.852, 5000, 0, 155.424, 156.441, 1.018, 500, 156.441, 156.618, 0.176, 2000, 0,     5.258,
 151, 6, 151, 151, 152.104, 1.104, 9000, 0, 152.104, 155.531, 3.427, 739, 155.531, 156.208, 0.677, 4000, 0, 156.208, 157.256, 1.048, 400, 157.256, 157.432, 0.176, 2000, 0,     5.152,
 152, 6, 152, 152, 153.011, 1.011, 9000, 0, 153.011, 156.515, 3.504, 775, 156.515, 157.196, 0.681, 4000, 0, 157.196, 158.065, 0.868, 400, 158.065, 158.254, 0.19, 2000, 0,     5.053,
 153, 6, 153, 153, 153.821, 0.821, 8000, 0, 153.821, 157.394, 3.573, 681, 157.394, 158.089, 0.695, 4000, 0, 158.089, 158.873, 0.784, 400, 158.873, 159.065, 0.193, 2000, 0,     5.052,
 154, 6, 154, 154, 155.014, 1.014, 10000, 0, 155.014, 158.434, 3.421, 815, 158.434, 159.297, 0.862, 5000, 0, 159.297, 160.287, 0.99, 500, 160.287, 160.466, 0.179, 2000, 0,     5.273,
 155, 6, 155, 155, 156.086, 1.086, 11000, 0, 156.086, 159.654, 3.568, 958, 159.654, 160.501, 0.847, 5000, 0, 160.501, 161.498, 0.996, 500, 161.498, 161.685, 0.188, 2000, 0,     5.412,
 156, 6, 156, 156, 157.192, 1.192, 11000, 0, 157.192, 160.873, 3.681, 944, 160.873, 161.698, 0.825, 5000, 0, 161.698, 162.714, 1.015, 500, 162.714, 162.904, 0.19, 2000, 0,     5.521,
 157, 6, 157, 157, 158.218, 1.218, 10000, 0, 158.218, 161.857, 3.639, 801, 161.857, 162.701, 0.844, 5000, 0, 162.701, 163.71, 1.01, 500, 163.71, 163.894, 0.184, 2000, 0,     5.492,
 158, 6, 158, 158, 159.225, 1.225, 10000, 0, 159.225, 162.955, 3.73, 879, 162.955, 163.805, 0.85, 5000, 0, 163.805, 164.796, 0.991, 500, 164.796, 164.997, 0.201, 2000, 0,     5.572,
 159, 6, 159, 159, 160.032, 1.032, 8000, 0, 160.032, 163.827, 3.795, 703, 163.827, 164.472, 0.645, 4000, 0, 164.472, 165.602, 1.13, 400, 165.602, 165.786, 0.184, 2000, 0,     5.570,
 160, 6, 160, 160, 161.156, 1.156, 11000, 0, 161.156, 165.02, 3.864, 908, 165.02, 165.883, 0.863, 5000, 0, 165.883, 166.887, 1.004, 500, 166.887, 167.083, 0.196, 2000, 0,     5.731,
 161, 6, 161, 161, 162.258, 1.258, 11000, 0, 162.258, 166.156, 3.898, 903, 166.156, 167, 0.843, 5000, 0, 167, 168, 1, 500, 168, 168.182, 0.182, 2000, 0,     5.742,
 162, 6, 162, 162, 163.327, 1.327, 11000, 0, 163.327, 167.262, 3.934, 904, 167.262, 168.095, 0.834, 5000, 0, 168.095, 169.08, 0.984, 500, 169.08, 169.269, 0.189, 2000, 0,     5.752,
 163, 6, 163, 163, 164.209, 1.209, 9000, 0, 164.209, 168.227, 4.018, 771, 168.227, 168.935, 0.707, 4000, 0, 168.935, 169.869, 0.935, 400, 169.869, 170.062, 0.193, 2000, 0,     5.660,
 164, 6, 164, 164, 165.022, 1.022, 8000, 0, 165.022, 169.048, 4.026, 670, 169.048, 169.725, 0.677, 4000, 0, 169.725, 170.669, 0.944, 400, 170.669, 170.862, 0.193, 2000, 0,     5.647,
 165, 6, 165, 165, 165.834, 0.834, 8000, 0, 165.834, 169.944, 4.11, 711, 169.944, 170.633, 0.689, 4000, 0, 170.633, 171.449, 0.815, 400, 171.449, 171.644, 0.195, 2000, 0,     5.614,
 166, 6, 166, 166, 166.964, 0.964, 10000, 0, 166.964, 171.065, 4.101, 873, 171.065, 171.907, 0.841, 5000, 0, 171.907, 172.922, 1.016, 500, 172.922, 173.111, 0.189, 2000, 0,     5.958,
 167, 6, 167, 167, 168.091, 1.091, 11000, 0, 168.091, 172.209, 4.118, 907, 172.209, 173.03, 0.821, 5000, 0, 173.03, 174.044, 1.014, 500, 174.044, 174.231, 0.186, 2000, 0,     5.953,
 168, 6, 168, 168, 169.217, 1.217, 11000, 0, 169.217, 173.378, 4.16, 946, 173.378, 174.24, 0.862, 5000, 0, 174.24, 175.255, 1.016, 500, 175.255, 175.443, 0.187, 2000, 0,     6.038,
 169, 6, 169, 169, 170.019, 1.019, 8000, 0, 170.019, 174.208, 4.189, 659, 174.208, 174.911, 0.704, 4000, 0, 174.911, 176.059, 1.148, 400, 176.059, 176.242, 0.183, 2000, 0,     6.040,
 170, 6, 170, 170, 170.84, 0.84, 8000, 0, 170.84, 175.1, 4.26, 712, 175.1, 175.779, 0.679, 4000, 0, 175.779, 176.869, 1.09, 400, 176.869, 177.057, 0.189, 2000, 0,     6.029,
 171, 6, 171, 171, 172.096, 1.096, 11000, 0, 172.096, 176.188, 4.091, 927, 176.188, 177.013, 0.826, 5000, 0, 177.013, 178.015, 1.002, 500, 178.015, 178.201, 0.186, 2000, 0,     5.919,
 172, 6, 172, 172, 172.911, 0.911, 8000, 0, 172.911, 177.053, 4.142, 688, 177.053, 177.678, 0.624, 4000, 0, 177.678, 178.832, 1.154, 400, 178.832, 179.025, 0.194, 2000, 0,     5.921,
 173, 6, 173, 173, 174.118, 1.118, 11000, 0, 174.118, 178.178, 4.06, 908, 178.178, 179.025, 0.848, 5000, 0, 179.025, 180.041, 1.016, 500, 180.041, 180.23, 0.189, 2000, 0,     5.923,
 174, 6, 174, 174, 175.023, 1.023, 9000, 0, 175.023, 179.167, 4.145, 783, 179.167, 179.834, 0.667, 4000, 0, 179.834, 180.851, 1.017, 400, 180.851, 181.039, 0.188, 2000, 0,     5.828,
 175, 6, 175, 175, 175.91, 0.91, 9000, 0, 175.91, 180.104, 4.194, 720, 180.104, 180.768, 0.663, 4000, 0, 180.768, 181.629, 0.861, 400, 181.629, 181.814, 0.185, 2000, 0,     5.719,
 176, 6, 176, 176, 176.821, 0.821, 8000, 0, 176.821, 180.914, 4.093, 643, 180.914, 181.589, 0.675, 4000, 0, 181.589, 182.428, 0.839, 400, 182.428, 182.614, 0.185, 2000, 0,     5.607,
 177, 6, 177, 177, 177.976, 0.976, 10000, 0, 177.976, 181.989, 4.013, 859, 181.989, 182.8, 0.811, 5000, 0, 182.8, 183.787, 0.987, 500, 183.787, 183.979, 0.191, 2000, 0,     5.811,
 178, 6, 178, 178, 178.991, 0.991, 10000, 0, 178.991, 183.103, 4.112, 879, 183.103, 183.929, 0.825, 5000, 0, 183.929, 184.922, 0.993, 500, 184.922, 185.108, 0.186, 2000, 0,     5.930,
 179, 6, 179, 179, 179.828, 0.828, 8000, 0, 179.828, 183.962, 4.134, 682, 183.962, 184.644, 0.682, 4000, 0, 184.644, 185.729, 1.084, 400, 185.729, 185.92, 0.192, 2000, 0,     5.900,
 180, 6, 180, 180, 181.001, 1.001, 10000, 0, 181.001, 184.987, 3.986, 809, 184.987, 185.809, 0.822, 5000, 0, 185.809, 186.847, 1.038, 500, 186.847, 187.029, 0.182, 2000, 0,     5.846,
 181, 6, 181, 181, 181.798, 0.798, 8000, 0, 181.798, 185.803, 4.005, 691, 185.803, 186.477, 0.674, 4000, 0, 186.477, 187.665, 1.188, 400, 187.665, 187.848, 0.183, 2000, 0,     5.868,
 182, 6, 182, 182, 182.899, 0.899, 9000, 0, 182.899, 186.797, 3.898, 791, 186.797, 187.479, 0.683, 4000, 0, 187.479, 188.469, 0.99, 400, 188.469, 188.65, 0.18, 2000, 0,     5.570,
 183, 6, 183, 183, 183.985, 0.985, 10000, 0, 183.985, 187.891, 3.906, 870, 187.891, 188.741, 0.851, 5000, 0, 188.741, 189.732, 0.991, 500, 189.732, 189.915, 0.183, 2000, 0,     5.747,
 184, 6, 184, 184, 184.899, 0.899, 9000, 0, 184.899, 188.773, 3.874, 724, 188.773, 189.442, 0.669, 4000, 0, 189.442, 190.52, 1.078, 400, 190.52, 190.712, 0.192, 2000, 0,     5.621,
 185, 6, 185, 185, 185.886, 0.886, 9000, 0, 185.886, 189.742, 3.857, 766, 189.742, 190.44, 0.697, 4000, 0, 190.44, 191.299, 0.859, 400, 191.299, 191.486, 0.187, 2000, 0,     5.413,
 186, 6, 186, 186, 187.083, 1.083, 11000, 0, 187.083, 190.842, 3.76, 889, 190.842, 191.679, 0.837, 5000, 0, 191.679, 192.691, 1.012, 500, 192.691, 192.877, 0.186, 2000, 0,     5.609,
 187, 6, 187, 187, 187.871, 0.871, 8000, 0, 187.871, 191.72, 3.849, 707, 191.72, 192.407, 0.687, 4000, 0, 192.407, 193.483, 1.076, 400, 193.483, 193.658, 0.175, 2000, 0,     5.612,
 188, 6, 188, 188, 189.128, 1.128, 11000, 0, 189.128, 192.882, 3.754, 936, 192.882, 193.692, 0.81, 5000, 0, 193.692, 194.709, 1.017, 500, 194.709, 194.888, 0.179, 2000, 0,     5.581,
 189, 6, 189, 189, 190.115, 1.115, 10000, 0, 190.115, 193.961, 3.845, 811, 193.961, 194.827, 0.866, 5000, 0, 194.827, 195.83, 1.003, 500, 195.83, 196.012, 0.182, 2000, 0,     5.715,
 190, 6, 190, 190, 191.135, 1.135, 10000, 0, 191.135, 194.975, 3.839, 800, 194.975, 195.851, 0.876, 5000, 0, 195.851, 196.866, 1.016, 500, 196.866, 197.048, 0.182, 2000, 0,     5.731,
 191, 6, 191, 191, 192.059, 1.059, 9000, 0, 192.059, 195.944, 3.886, 783, 195.944, 196.645, 0.701, 4000, 0, 196.645, 197.655, 1.01, 400, 197.655, 197.839, 0.184, 2000, 0,     5.596,
 192, 6, 192, 192, 192.952, 0.952, 9000, 0, 192.952, 196.915, 3.962, 749, 196.915, 197.582, 0.667, 4000, 0, 197.582, 198.456, 0.874, 400, 198.456, 198.635, 0.179, 2000, 0,     5.503,
 193, 6, 193, 193, 193.885, 0.885, 9000, 0, 193.885, 197.895, 4.009, 789, 197.895, 198.592, 0.698, 4000, 0, 198.592, 199.386, 0.793, 400, 199.386, 199.573, 0.188, 2000, 0,     5.500,
 194, 6, 194, 194, 194.794, 0.794, 8000, 0, 194.794, 198.774, 3.98, 701, 198.774, 199.428, 0.654, 4000, 0, 199.428, 200.235, 0.808, 400, 200.235, 200.432, 0.197, 2000, 0,     5.441,
 195, 6, 195, 195, 195.969, 0.969, 10000, 0, 195.969, 199.849, 3.879, 862, 199.849, 200.725, 0.876, 5000, 0, 200.725, 201.717, 0.992, 500, 201.717, 201.902, 0.185, 2000, 0,     5.748,
 196, 6, 196, 196, 197.124, 1.124, 11000, 0, 197.124, 200.961, 3.837, 900, 200.961, 201.814, 0.853, 5000, 0, 201.814, 202.81, 0.995, 500, 202.81, 202.991, 0.181, 2000, 0,     5.685,
 197, 6, 197, 197, 197.905, 0.905, 8000, 0, 197.905, 201.788, 3.884, 649, 201.788, 202.482, 0.694, 4000, 0, 202.482, 203.619, 1.137, 400, 203.619, 203.809, 0.19, 2000, 0,     5.714,
 198, 6, 198, 198, 199.115, 1.115, 11000, 0, 199.115, 202.917, 3.803, 901, 202.917, 203.723, 0.805, 5000, 0, 203.723, 204.752, 1.029, 500, 204.752, 204.939, 0.187, 2000, 0,     5.637,
 199, 6, 199, 199, 200.123, 1.123, 10000, 0, 200.123, 204.018, 3.895, 858, 204.018, 204.852, 0.835, 5000, 0, 204.852, 205.854, 1.002, 500, 205.854, 206.04, 0.186, 2000, 0,     5.731,
 200, 6, 201, 201, 202.013, 1.013, 10000, 0, 202.013, 205.047, 3.034, 812, 205.047, 205.888, 0.842, 5000, 0, 205.888, 206.86, 0.972, 500, 206.86, 207.061, 0.2, 2000, 0,     4.848,
 201, 6, 202, 202, 203.098, 1.098, 11000, 0, 203.098, 206.331, 3.232, 954, 206.331, 207.186, 0.855, 5000, 0, 207.186, 208.174, 0.989, 500, 208.174, 208.369, 0.195, 2000, 0,     5.076,
 202, 6, 203, 203, 204.098, 1.098, 10000, 0, 204.098, 207.344, 3.246, 808, 207.344, 208.203, 0.859, 5000, 0, 208.203, 209.196, 0.993, 500, 209.196, 209.389, 0.193, 2000, 0,     5.098,
 203, 6, 204, 204, 205.105, 1.105, 10000, 0, 205.105, 208.394, 3.289, 832, 208.394, 209.253, 0.859, 5000, 0, 209.253, 210.275, 1.022, 500, 210.275, 210.46, 0.185, 2000, 0,     5.170,
 204, 6, 205, 205, 206.123, 1.123, 10000, 0, 206.123, 209.415, 3.291, 804, 209.415, 210.227, 0.813, 5000, 0, 210.227, 211.245, 1.018, 500, 211.245, 211.435, 0.189, 2000, 0,     5.122,
 205, 6, 206, 206, 206.932, 0.932, 8000, 0, 206.932, 210.292, 3.36, 678, 210.292, 210.978, 0.686, 4000, 0, 210.978, 212.058, 1.08, 400, 212.058, 212.253, 0.194, 2000, 0,     5.126,
 206, 6, 207, 207, 208.098, 1.098, 11000, 0, 208.098, 211.479, 3.381, 956, 211.479, 212.314, 0.835, 5000, 0, 212.314, 213.311, 0.997, 500, 213.311, 213.495, 0.184, 2000, 0,     5.213,
 207, 6, 208, 208, 209.239, 1.239, 11000, 0, 209.239, 212.703, 3.464, 949, 212.703, 213.579, 0.876, 5000, 0, 213.579, 214.587, 1.008, 500, 214.587, 214.773, 0.186, 2000, 0,     5.348,
 208, 6, 209, 209, 210.358, 1.358, 11000, 0, 210.358, 213.86, 3.502, 925, 213.86, 214.671, 0.81, 5000, 0, 214.671, 215.657, 0.986, 500, 215.657, 215.828, 0.171, 2000, 0,     5.299,
 209, 6, 210, 210, 211.175, 1.175, 8000, 0, 211.175, 214.767, 3.592, 698, 214.767, 215.446, 0.679, 4000, 0, 215.446, 216.466, 1.02, 400, 216.466, 216.665, 0.199, 2000, 0,     5.291,
 210, 6, 211, 211, 212.29, 1.29, 11000, 0, 212.29, 215.921, 3.63, 906, 215.921, 216.786, 0.865, 5000, 0, 216.786, 217.775, 0.99, 500, 217.775, 217.973, 0.198, 2000, 0,     5.485,
 211, 6, 212, 212, 213.348, 1.348, 11000, 0, 213.348, 217.055, 3.707, 904, 217.055, 217.899, 0.843, 5000, 0, 217.899, 218.864, 0.965, 500, 218.864, 219.045, 0.182, 2000, 0,     5.516,
 212, 6, 213, 213, 214.349, 1.349, 10000, 0, 214.349, 218.09, 3.741, 839, 218.09, 218.912, 0.822, 5000, 0, 218.912, 219.929, 1.017, 500, 219.929, 220.12, 0.191, 2000, 0,     5.580,
 213, 6, 214, 214, 215.287, 1.287, 9000, 0, 215.287, 219.086, 3.799, 797, 219.086, 219.765, 0.679, 4000, 0, 219.765, 220.75, 0.985, 400, 220.75, 220.924, 0.174, 2000, 0,     5.463,
 214, 6, 215, 215, 216.299, 1.299, 10000, 0, 216.299, 220.116, 3.817, 809, 220.116, 220.964, 0.848, 5000, 0, 220.964, 221.968, 1.004, 500, 221.968, 222.148, 0.18, 2000, 0,     5.668,
 215, 6, 216, 216, 217.274, 1.274, 10000, 0, 217.274, 221.191, 3.917, 828, 221.191, 222.028, 0.837, 5000, 0, 222.028, 223.046, 1.018, 500, 223.046, 223.232, 0.186, 2000, 0,     5.772,
 216, 6, 217, 217, 218.078, 1.078, 8000, 0, 218.078, 222.028, 3.95, 674, 222.028, 222.71, 0.682, 4000, 0, 222.71, 223.846, 1.136, 400, 223.846, 224.042, 0.195, 2000, 0,     5.768,
 217, 6, 218, 218, 219.114, 1.114, 10000, 0, 219.114, 223.011, 3.897, 805, 223.011, 223.858, 0.846, 5000, 0, 223.858, 224.862, 1.004, 500, 224.862, 225.037, 0.175, 2000, 0,     5.747,
 218, 6, 219, 219, 219.945, 0.945, 8000, 0, 219.945, 223.861, 3.916, 675, 223.861, 224.534, 0.673, 4000, 0, 224.534, 225.645, 1.111, 400, 225.645, 225.836, 0.191, 2000, 0,     5.700,
 219, 6, 220, 220, 220.991, 0.991, 10000, 0, 220.991, 224.9, 3.908, 828, 224.9, 225.735, 0.835, 5000, 0, 225.735, 226.734, 0.999, 500, 226.734, 226.939, 0.205, 2000, 0,     5.743,
 220, 6, 221, 221, 221.888, 0.888, 9000, 0, 221.888, 225.807, 3.919, 727, 225.807, 226.498, 0.691, 4000, 0, 226.498, 227.529, 1.032, 400, 227.529, 227.711, 0.182, 2000, 0,     5.641,
 221, 6, 222, 222, 223.105, 1.105, 11000, 0, 223.105, 226.882, 3.777, 890, 226.882, 227.718, 0.836, 5000, 0, 227.718, 228.737, 1.018, 500, 228.737, 228.926, 0.19, 2000, 0,     5.632,
 222, 6, 223, 223, 224.115, 1.115, 10000, 0, 224.115, 227.908, 3.793, 810, 227.908, 228.737, 0.829, 5000, 0, 228.737, 229.753, 1.016, 500, 229.753, 229.94, 0.188, 2000, 0,     5.638,
 223, 6, 224, 224, 225.138, 1.138, 10000, 0, 225.138, 228.914, 3.776, 812, 228.914, 229.764, 0.849, 5000, 0, 229.764, 230.768, 1.004, 500, 230.768, 230.953, 0.186, 2000, 0,     5.630,
 224, 6, 225, 225, 225.984, 0.984, 8000, 0, 225.984, 229.781, 3.797, 689, 229.781, 230.459, 0.678, 4000, 0, 230.459, 231.586, 1.127, 400, 231.586, 231.78, 0.195, 2000, 0,     5.602,
 225, 6, 226, 226, 226.908, 0.908, 9000, 0, 226.908, 230.753, 3.846, 766, 230.753, 231.441, 0.688, 4000, 0, 231.441, 232.405, 0.964, 400, 232.405, 232.591, 0.186, 2000, 0,     5.498,
 226, 6, 227, 227, 227.815, 0.815, 8000, 0, 227.815, 231.66, 3.845, 703, 231.66, 232.367, 0.707, 4000, 0, 232.367, 233.233, 0.866, 400, 233.233, 233.423, 0.189, 2000, 0,     5.419,
 227, 6, 228, 228, 228.817, 0.817, 8000, 0, 228.817, 232.494, 3.677, 668, 232.494, 233.174, 0.68, 4000, 0, 233.174, 234.058, 0.884, 400, 234.058, 234.258, 0.2, 2000, 0,     5.241,
 228, 6, 229, 229, 229.817, 0.817, 8000, 0, 229.817, 233.347, 3.529, 666, 233.347, 234.006, 0.659, 4000, 0, 234.006, 234.857, 0.851, 400, 234.857, 235.042, 0.186, 2000, 0,     5.039,
 229, 6, 230, 230, 231.098, 1.098, 11000, 0, 231.098, 234.49, 3.392, 904, 234.49, 235.331, 0.841, 5000, 0, 235.331, 236.353, 1.021, 500, 236.353, 236.56, 0.207, 2000, 0,     5.255,
 230, 6, 231, 231, 231.869, 0.869, 8000, 0, 231.869, 235.347, 3.478, 683, 235.347, 235.987, 0.64, 4000, 0, 235.987, 237.154, 1.167, 400, 237.154, 237.349, 0.195, 2000, 0,     5.285,
 231, 6, 232, 232, 232.99, 0.99, 10000, 0, 232.99, 236.356, 3.366, 804, 236.356, 237.224, 0.868, 5000, 0, 237.224, 238.211, 0.987, 500, 238.211, 238.401, 0.19, 2000, 0,     5.221,
 232, 6, 233, 233, 233.922, 0.922, 9000, 0, 233.922, 237.272, 3.35, 734, 237.272, 237.94, 0.668, 4000, 0, 237.94, 239.022, 1.083, 400, 239.022, 239.214, 0.192, 2000, 0,     5.101,
 233, 6, 234, 234, 234.927, 0.927, 9000, 0, 234.927, 238.242, 3.315, 757, 238.242, 238.912, 0.67, 4000, 0, 238.912, 239.825, 0.912, 400, 239.825, 240.012, 0.188, 2000, 0,     4.897,
 234, 6, 235, 235, 236.032, 1.032, 10000, 0, 236.032, 239.365, 3.333, 870, 239.365, 240.216, 0.851, 5000, 0, 240.216, 241.243, 1.027, 500, 241.243, 241.44, 0.196, 2000, 0,     5.211,
 235, 6, 236, 236, 236.855, 0.855, 8000, 0, 236.855, 240.267, 3.412, 708, 240.267, 240.92, 0.653, 4000, 0, 240.92, 242.056, 1.135, 400, 242.056, 242.249, 0.193, 2000, 0,     5.200,
 236, 6, 237, 237, 237.995, 0.995, 10000, 0, 237.995, 241.289, 3.294, 815, 241.289, 242.174, 0.884, 5000, 0, 242.174, 243.2, 1.026, 500, 243.2, 243.377, 0.177, 2000, 0,     5.205,
 237, 6, 238, 238, 238.918, 0.918, 9000, 0, 238.918, 242.316, 3.398, 781, 242.316, 243.016, 0.7, 4000, 0, 243.016, 243.997, 0.981, 400, 243.997, 244.19, 0.194, 2000, 0,     5.078,
 238, 6, 239, 239, 239.985, 0.985, 10000, 0, 239.985, 243.41, 3.425, 841, 243.41, 244.246, 0.837, 5000, 0, 244.246, 245.268, 1.021, 500, 245.268, 245.459, 0.191, 2000, 0,     5.283,
 239, 6, 240, 240, 241.022, 1.022, 10000, 0, 241.022, 244.467, 3.445, 835, 244.467, 245.338, 0.871, 5000, 0, 245.338, 246.341, 1.003, 500, 246.341, 246.534, 0.192, 2000, 0,     5.319,
 240, 6, 241, 241, 241.931, 0.931, 9000, 0, 241.931, 245.401, 3.47, 742, 245.401, 246.104, 0.703, 4000, 0, 246.104, 247.165, 1.061, 400, 247.165, 247.352, 0.187, 2000, 0,     5.234,
 241, 6, 242, 242, 242.9, 0.9, 9000, 0, 242.9, 246.358, 3.458, 775, 246.358, 247.006, 0.648, 4000, 0, 247.006, 247.977, 0.971, 400, 247.977, 248.163, 0.186, 2000, 0,     5.077,
 242, 6, 243, 243, 243.917, 0.917, 9000, 0, 243.917, 247.31, 3.392, 750, 247.31, 247.984, 0.674, 4000, 0, 247.984, 248.791, 0.807, 400, 248.791, 248.976, 0.185, 2000, 0,     4.873,
 243, 6, 244, 244, 244.795, 0.795, 8000, 0, 244.795, 248.102, 3.307, 646, 248.102, 248.8, 0.698, 4000, 0, 248.8, 249.581, 0.781, 400, 249.581, 249.77, 0.19, 2000, 0,     4.786,
 244, 6, 245, 245, 245.787, 0.787, 8000, 0, 245.787, 248.953, 3.165, 675, 248.953, 249.641, 0.688, 4000, 0, 249.641, 250.47, 0.829, 400, 250.47, 250.659, 0.189, 2000, 0,     4.683,
 245, 6, 246, 246, 246.894, 0.894, 9000, 0, 246.894, 249.888, 2.994, 758, 249.888, 250.574, 0.686, 4000, 0, 250.574, 251.37, 0.795, 400, 251.37, 251.556, 0.186, 2000, 0,     4.475,
 246, 6, 247, 247, 248.115, 1.115, 11000, 0, 248.115, 251.077, 2.963, 951, 251.077, 251.934, 0.857, 5000, 0, 251.934, 252.929, 0.994, 500, 252.929, 253.128, 0.199, 2000, 0,     4.814,
 247, 6, 248, 248, 249.192, 1.192, 11000, 0, 249.192, 252.177, 2.986, 900, 252.177, 253.006, 0.829, 5000, 0, 253.006, 254.009, 1.003, 500, 254.009, 254.196, 0.187, 2000, 0,     4.818,
 248, 6, 249, 249, 250.311, 1.311, 11000, 0, 250.311, 253.286, 2.975, 884, 253.286, 254.109, 0.823, 5000, 0, 254.109, 255.074, 0.965, 500, 255.074, 255.259, 0.185, 2000, 0,     4.763,
 249, 6, 250, 250, 251.283, 1.283, 10000, 0, 251.283, 254.329, 3.046, 860, 254.329, 255.184, 0.855, 5000, 0, 255.184, 256.174, 0.99, 500, 256.174, 256.36, 0.186, 2000, 0,     4.891,
 250, 6, 251, 251, 252.177, 1.177, 9000, 0, 252.177, 255.289, 3.112, 764, 255.289, 255.973, 0.684, 4000, 0, 255.973, 256.976, 1.003, 400, 256.976, 257.161, 0.185, 2000, 0,     4.799,
 251, 6, 252, 252, 253.168, 1.168, 10000, 0, 253.168, 256.284, 3.115, 821, 256.284, 257.144, 0.861, 5000, 0, 257.144, 258.155, 1.01, 500, 258.155, 258.344, 0.189, 2000, 0,     4.987,
 252, 6, 253, 253, 253.993, 0.993, 8000, 0, 253.993, 257.138, 3.145, 694, 257.138, 257.822, 0.684, 4000, 0, 257.822, 258.944, 1.122, 400, 258.944, 259.129, 0.184, 2000, 0,     4.951,
 253, 6, 254, 254, 254.799, 0.799, 8000, 0, 254.799, 257.964, 3.165, 672, 257.964, 258.645, 0.681, 4000, 0, 258.645, 259.766, 1.121, 400, 259.766, 259.955, 0.189, 2000, 0,     4.967,
 254, 6, 255, 255, 255.891, 0.891, 9000, 0, 255.891, 258.926, 3.035, 790, 258.926, 259.594, 0.667, 4000, 0, 259.594, 260.582, 0.988, 400, 260.582, 260.782, 0.2, 2000, 0,     4.690,
 255, 6, 256, 256, 257.1, 1.1, 11000, 0, 257.1, 260.133, 3.033, 937, 260.133, 261.014, 0.88, 5000, 0, 261.014, 262.027, 1.013, 500, 262.027, 262.218, 0.192, 2000, 0,     4.926,
 256, 6, 257, 257, 258.046, 1.046, 9000, 0, 258.046, 261.034, 2.988, 737, 261.034, 261.712, 0.678, 4000, 0, 261.712, 262.837, 1.126, 400, 262.837, 263.023, 0.186, 2000, 0,     4.791,
 257, 6, 258, 258, 258.856, 0.856, 8000, 0, 258.856, 261.908, 3.052, 697, 261.908, 262.594, 0.687, 4000, 0, 262.594, 263.645, 1.051, 400, 263.645, 263.838, 0.192, 2000, 0,     4.790,
 258, 6, 259, 259, 259.924, 0.924, 9000, 0, 259.924, 262.859, 2.934, 747, 262.859, 263.542, 0.683, 4000, 0, 263.542, 264.434, 0.892, 400, 264.434, 264.613, 0.179, 2000, 0,     4.510,
 259, 6, 260, 260, 261.121, 1.121, 11000, 0, 261.121, 264.07, 2.949, 916, 264.07, 264.925, 0.855, 5000, 0, 264.925, 265.931, 1.006, 500, 265.931, 266.121, 0.191, 2000, 0,     4.810,
 260, 6, 261, 261, 262.137, 1.137, 10000, 0, 262.137, 265.2, 3.064, 876, 265.2, 266.046, 0.846, 5000, 0, 266.046, 267.056, 1.01, 500, 267.056, 267.247, 0.191, 2000, 0,     4.919,
 261, 6, 262, 262, 263.274, 1.274, 11000, 0, 263.274, 266.367, 3.093, 913, 266.367, 267.192, 0.825, 5000, 0, 267.192, 268.195, 1.003, 500, 268.195, 268.382, 0.187, 2000, 0,     4.921,
 262, 6, 263, 263, 264.412, 1.412, 11000, 0, 264.412, 267.504, 3.092, 901, 267.504, 268.351, 0.847, 5000, 0, 268.351, 269.354, 1.003, 500, 269.354, 269.537, 0.183, 2000, 0,     4.942,
 263, 6, 264, 264, 265.415, 1.415, 10000, 0, 265.415, 268.542, 3.127, 828, 268.542, 269.374, 0.832, 5000, 0, 269.374, 270.384, 1.01, 500, 270.384, 270.568, 0.184, 2000, 0,     4.969,
 264, 6, 265, 265, 266.427, 1.427, 10000, 0, 266.427, 269.561, 3.134, 835, 269.561, 270.401, 0.84, 5000, 0, 270.401, 271.417, 1.016, 500, 271.417, 271.606, 0.189, 2000, 0,     4.990,
 265, 6, 266, 266, 267.523, 1.523, 11000, 0, 267.523, 270.775, 3.251, 952, 270.775, 271.633, 0.858, 5000, 0, 271.633, 272.641, 1.008, 500, 272.641, 272.83, 0.19, 2000, 0,     5.117,
 266, 6, 267, 267, 268.621, 1.621, 11000, 0, 268.621, 272, 3.379, 924, 272, 272.849, 0.849, 5000, 0, 272.849, 273.847, 0.998, 500, 273.847, 274.032, 0.184, 2000, 0,     5.226,
 267, 6, 268, 268, 269.527, 1.527, 9000, 0, 269.527, 272.992, 3.464, 784, 272.992, 273.665, 0.673, 4000, 0, 273.665, 274.651, 0.986, 400, 274.651, 274.835, 0.184, 2000, 0,     5.124,
 268, 6, 269, 269, 270.323, 1.323, 8000, 0, 270.323, 273.81, 3.487, 648, 273.81, 274.521, 0.711, 4000, 0, 274.521, 275.448, 0.927, 400, 275.448, 275.639, 0.191, 2000, 0,     5.125,
 269, 6, 270, 270, 271.142, 1.142, 8000, 0, 271.142, 274.618, 3.476, 666, 274.618, 275.302, 0.684, 4000, 0, 275.302, 276.241, 0.94, 400, 276.241, 276.43, 0.189, 2000, 0,     5.099,
 270, 6, 271, 271, 272.055, 1.055, 9000, 0, 272.055, 275.506, 3.45, 736, 275.506, 276.186, 0.68, 4000, 0, 276.186, 277.055, 0.869, 400, 277.055, 277.248, 0.193, 2000, 0,     5.000,
 271, 6, 272, 272, 273.078, 1.078, 10000, 0, 273.078, 276.514, 3.436, 810, 276.514, 277.349, 0.834, 5000, 0, 277.349, 278.319, 0.97, 500, 278.319, 278.504, 0.185, 2000, 0,     5.241,
 272, 6, 273, 273, 274.102, 1.102, 10000, 0, 274.102, 277.601, 3.5, 864, 277.601, 278.435, 0.834, 5000, 0, 278.435, 279.467, 1.032, 500, 279.467, 279.658, 0.19, 2000, 0,     5.366,
 273, 6, 274, 274, 275.12, 1.12, 10000, 0, 275.12, 278.653, 3.533, 826, 278.653, 279.506, 0.853, 5000, 0, 279.506, 280.491, 0.986, 500, 280.491, 280.676, 0.184, 2000, 0,     5.372,
 274, 6, 275, 275, 276.015, 1.015, 9000, 0, 276.015, 279.591, 3.576, 759, 279.591, 280.28, 0.689, 4000, 0, 280.28, 281.284, 1.004, 400, 281.284, 281.475, 0.191, 2000, 0,     5.269,
 275, 6, 276, 276, 277.045, 1.045, 10000, 0, 277.045, 280.568, 3.523, 812, 280.568, 281.41, 0.843, 5000, 0, 281.41, 282.386, 0.976, 500, 282.386, 282.562, 0.176, 2000, 0,     5.341,
 276, 6, 277, 277, 278.058, 1.058, 10000, 0, 278.058, 281.614, 3.557, 837, 281.614, 282.451, 0.837, 5000, 0, 282.451, 283.454, 1.003, 500, 283.454, 283.635, 0.181, 2000, 0,     5.396,
 277, 6, 278, 278, 278.83, 0.83, 8000, 0, 278.83, 282.47, 3.639, 703, 282.47, 283.127, 0.657, 4000, 0, 283.127, 284.249, 1.123, 400, 284.249, 284.442, 0.193, 2000, 0,     5.419,
 278, 6, 279, 279, 280.012, 1.012, 10000, 0, 280.012, 283.492, 3.48, 810, 283.492, 284.348, 0.856, 5000, 0, 284.348, 285.335, 0.986, 500, 285.335, 285.526, 0.191, 2000, 0,     5.323,
 279, 6, 280, 280, 280.831, 0.831, 8000, 0, 280.831, 284.392, 3.561, 708, 284.392, 285.051, 0.66, 4000, 0, 285.051, 286.14, 1.089, 400, 286.14, 286.331, 0.191, 2000, 0,     5.309,
 280, 6, 281, 281, 281.808, 0.808, 8000, 0, 281.808, 285.245, 3.437, 679, 285.245, 285.942, 0.697, 4000, 0, 285.942, 286.954, 1.012, 400, 286.954, 287.149, 0.195, 2000, 0,     5.145,
 281, 6, 282, 282, 282.911, 0.911, 9000, 0, 282.911, 286.164, 3.254, 733, 286.164, 286.856, 0.692, 4000, 0, 286.856, 287.744, 0.888, 400, 287.744, 287.925, 0.18, 2000, 0,     4.834,
 282, 6, 283, 283, 283.836, 0.836, 8000, 0, 283.836, 287.064, 3.228, 694, 287.064, 287.768, 0.703, 4000, 0, 287.768, 288.568, 0.801, 400, 288.568, 288.745, 0.177, 2000, 0,     4.732,
 283, 6, 284, 284, 285.002, 1.002, 10000, 0, 285.002, 288.171, 3.169, 866, 288.171, 288.975, 0.804, 5000, 0, 288.975, 289.975, 0.999, 500, 289.975, 290.153, 0.178, 2000, 0,     4.973,
 284, 6, 285, 285, 286.002, 1.002, 10000, 0, 286.002, 289.23, 3.228, 840, 289.23, 290.095, 0.865, 5000, 0, 290.095, 291.074, 0.979, 500, 291.074, 291.261, 0.187, 2000, 0,     5.072,
 285, 6, 286, 286, 286.988, 0.988, 10000, 0, 286.988, 290.273, 3.284, 843, 290.273, 291.122, 0.849, 5000, 0, 291.122, 292.131, 1.009, 500, 292.131, 292.326, 0.195, 2000, 0,     5.142,
 286, 6, 287, 287, 287.897, 0.897, 9000, 0, 287.897, 291.196, 3.299, 727, 291.196, 291.866, 0.67, 4000, 0, 291.866, 292.91, 1.044, 400, 292.91, 293.098, 0.188, 2000, 0,     5.013,
 287, 6, 288, 288, 288.822, 0.822, 8000, 0, 288.822, 292.032, 3.209, 660, 292.032, 292.692, 0.661, 4000, 0, 292.692, 293.716, 1.024, 400, 293.716, 293.904, 0.188, 2000, 0,     4.893,
 288, 6, 289, 289, 289.824, 0.824, 8000, 0, 289.824, 292.912, 3.087, 689, 292.912, 293.569, 0.657, 4000, 0, 293.569, 294.516, 0.947, 400, 294.516, 294.709, 0.193, 2000, 0,     4.692,
 289, 6, 290, 290, 290.917, 0.917, 9000, 0, 290.917, 293.827, 2.911, 723, 293.827, 294.516, 0.688, 4000, 0, 294.516, 295.312, 0.796, 400, 295.312, 295.499, 0.187, 2000, 0,     4.395,
 290, 6, 291, 291, 291.782, 0.782, 8000, 0, 291.782, 294.672, 2.89, 669, 294.672, 295.36, 0.688, 4000, 0, 295.36, 296.165, 0.805, 400, 296.165, 296.353, 0.188, 2000, 0,     4.383,
 291, 6, 292, 292, 292.81, 0.81, 8000, 0, 292.81, 295.521, 2.711, 675, 295.521, 296.191, 0.67, 4000, 0, 296.191, 296.99, 0.798, 400, 296.99, 297.177, 0.187, 2000, 0,     4.180,
 292, 6, 293, 293, 294.029, 1.029, 10000, 0, 294.029, 296.524, 2.495, 804, 296.524, 297.375, 0.851, 5000, 0, 297.375, 298.382, 1.007, 500, 298.382, 298.562, 0.181, 2000, 0,     4.353,
 293, 6, 294, 294, 295.147, 1.147, 11000, 0, 295.147, 297.753, 2.607, 959, 297.753, 298.58, 0.827, 5000, 0, 298.58, 299.577, 0.997, 500, 299.577, 299.776, 0.199, 2000, 0,     4.430,
 294, 6, 295, 295, 296.228, 1.228, 11000, 0, 296.228, 298.863, 2.635, 889, 298.863, 299.72, 0.857, 5000, 0, 299.72, 300.711, 0.991, 500, 300.711, 300.891, 0.18, 2000, 0,     4.482,
 295, 6, 296, 296, 297.149, 1.149, 9000, 0, 297.149, 299.839, 2.691, 729, 299.839, 300.53, 0.691, 4000, 0, 300.53, 301.503, 0.973, 400, 301.503, 301.696, 0.193, 2000, 0,     4.355,
 296, 6, 297, 297, 298.047, 1.047, 9000, 0, 298.047, 300.832, 2.785, 773, 300.832, 301.51, 0.678, 4000, 0, 301.51, 302.301, 0.791, 400, 302.301, 302.481, 0.18, 2000, 0,     4.254,
 297, 6, 298, 298, 298.953, 0.953, 9000, 0, 298.953, 301.763, 2.81, 733, 301.763, 302.46, 0.697, 4000, 0, 302.46, 303.281, 0.821, 400, 303.281, 303.465, 0.184, 2000, 0,     4.327,
 298, 6, 299, 299, 300.126, 1.126, 11000, 0, 300.126, 302.901, 2.774, 928, 302.901, 303.765, 0.864, 5000, 0, 303.765, 304.777, 1.012, 500, 304.777, 304.967, 0.19, 2000, 0,     4.650,
 299, 6, 300, 300, 301.032, 1.032, 9000, 0, 301.032, 303.821, 2.788, 738, 303.821, 304.513, 0.693, 4000, 0, 304.513, 305.598, 1.085, 400, 305.598, 305.776, 0.178, 2000, 0,     4.566,
 300, 6, 301, 301, 301.814, 0.814, 8000, 0, 301.814, 304.618, 2.804, 641, 304.618, 305.291, 0.673, 4000, 0, 305.291, 306.427, 1.135, 400, 306.427, 306.615, 0.188, 2000, 0,     4.612,
 301, 6, 302, 302, 302.802, 0.802, 8000, 0, 302.802, 305.482, 2.68, 675, 305.482, 306.153, 0.671, 4000, 0, 306.153, 307.225, 1.072, 400, 307.225, 307.417, 0.192, 2000, 0,     4.423,
 302, 6, 303, 303, 304.096, 1.096, 11000, 0, 304.096, 306.649, 2.553, 932, 306.649, 307.487, 0.839, 5000, 0, 307.487, 308.511, 1.024, 500, 308.511, 308.711, 0.2, 2000, 0,     4.415,
 303, 6, 304, 304, 305.219, 1.219, 11000, 0, 305.219, 307.787, 2.567, 888, 307.787, 308.612, 0.826, 5000, 0, 308.612, 309.604, 0.992, 500, 309.604, 309.789, 0.185, 2000, 0,     4.385,
 304, 6, 305, 305, 306.11, 1.11, 9000, 0, 306.11, 308.723, 2.613, 744, 308.723, 309.412, 0.688, 4000, 0, 309.412, 310.418, 1.006, 400, 310.418, 310.613, 0.195, 2000, 0,     4.308,
 305, 6, 306, 306, 307.117, 1.117, 10000, 0, 307.117, 309.72, 2.603, 804, 309.72, 310.574, 0.854, 5000, 0, 310.574, 311.56, 0.986, 500, 311.56, 311.736, 0.175, 2000, 0,     4.444,
 306, 6, 307, 307, 307.904, 0.904, 8000, 0, 307.904, 310.579, 2.675, 672, 310.579, 311.253, 0.674, 4000, 0, 311.253, 312.35, 1.097, 400, 312.35, 312.545, 0.195, 2000, 0,     4.446,
 307, 6, 308, 308, 308.991, 0.991, 10000, 0, 308.991, 311.61, 2.619, 822, 311.61, 312.457, 0.847, 5000, 0, 312.457, 313.466, 1.009, 500, 313.466, 313.658, 0.193, 2000, 0,     4.474,
 308, 6, 309, 309, 310.079, 1.079, 11000, 0, 310.079, 312.738, 2.659, 910, 312.738, 313.564, 0.826, 5000, 0, 313.564, 314.587, 1.022, 500, 314.587, 314.769, 0.183, 2000, 0,     4.507,
 309, 6, 310, 310, 310.987, 0.987, 9000, 0, 310.987, 313.755, 2.768, 782, 313.755, 314.412, 0.657, 4000, 0, 314.412, 315.395, 0.984, 400, 315.395, 315.575, 0.179, 2000, 0,     4.408,
 310, 6, 311, 311, 311.813, 0.813, 8000, 0, 311.813, 314.609, 2.796, 661, 314.609, 315.275, 0.666, 4000, 0, 315.275, 316.203, 0.927, 400, 316.203, 316.392, 0.189, 2000, 0,     4.390,
 311, 6, 312, 312, 313.002, 1.002, 10000, 0, 313.002, 315.675, 2.673, 852, 315.675, 316.543, 0.868, 5000, 0, 316.543, 317.544, 1.001, 500, 317.544, 317.734, 0.19, 2000, 0,     4.542,
 312, 6, 313, 313, 313.926, 0.926, 9000, 0, 313.926, 316.586, 2.66, 729, 316.586, 317.255, 0.669, 4000, 0, 317.255, 318.344, 1.089, 400, 318.344, 318.54, 0.196, 2000, 0,     4.418,
 313, 6, 314, 314, 314.908, 0.908, 9000, 0, 314.908, 317.566, 2.659, 797, 317.566, 318.235, 0.669, 4000, 0, 318.235, 319.158, 0.923, 400, 319.158, 319.345, 0.186, 2000, 0,     4.251,
 314, 6, 315, 315, 315.9, 0.9, 9000, 0, 315.9, 318.508, 2.608, 771, 318.508, 319.192, 0.685, 4000, 0, 319.192, 319.983, 0.791, 400, 319.983, 320.168, 0.185, 2000, 0,     4.084,
 315, 6, 316, 316, 316.909, 0.909, 9000, 0, 316.909, 319.386, 2.477, 746, 319.386, 320.086, 0.701, 4000, 0, 320.086, 320.895, 0.809, 400, 320.895, 321.091, 0.196, 2000, 0,     3.986,
 316, 6, 317, 317, 317.912, 0.912, 9000, 0, 317.912, 320.397, 2.485, 796, 320.397, 321.087, 0.69, 4000, 0, 321.087, 321.907, 0.82, 400, 321.907, 322.112, 0.205, 2000, 0,     3.995,
 317, 6, 318, 318, 319.085, 1.085, 11000, 0, 319.085, 321.559, 2.474, 895, 321.559, 322.405, 0.846, 5000, 0, 322.405, 323.412, 1.007, 500, 323.412, 323.616, 0.204, 2000, 0,     4.327,
 318, 6, 319, 319, 320.216, 1.216, 11000, 0, 320.216, 322.687, 2.47, 886, 322.687, 323.575, 0.888, 5000, 0, 323.575, 324.563, 0.988, 500, 324.563, 324.75, 0.187, 2000, 0,     4.347,
 319, 6, 320, 320, 321.113, 1.113, 9000, 0, 321.113, 323.654, 2.541, 787, 323.654, 324.317, 0.662, 4000, 0, 324.317, 325.376, 1.06, 400, 325.376, 325.556, 0.18, 2000, 0,     4.263,
 320, 6, 321, 321, 321.941, 0.941, 8000, 0, 321.941, 324.517, 2.576, 698, 324.517, 325.165, 0.648, 4000, 0, 325.165, 326.186, 1.021, 400, 326.186, 326.374, 0.189, 2000, 0,     4.245,
 321, 6, 322, 322, 322.9, 0.9, 9000, 0, 322.9, 325.427, 2.527, 735, 325.427, 326.115, 0.688, 4000, 0, 326.115, 326.967, 0.851, 400, 326.967, 327.161, 0.194, 2000, 0,     4.066,
 322, 6, 323, 323, 324.108, 1.108, 11000, 0, 324.108, 326.641, 2.533, 916, 326.641, 327.464, 0.822, 5000, 0, 327.464, 328.487, 1.023, 500, 328.487, 328.67, 0.183, 2000, 0,     4.379,
 323, 6, 324, 324, 325.088, 1.088, 10000, 0, 325.088, 327.66, 2.572, 813, 327.66, 328.497, 0.837, 5000, 0, 328.497, 329.48, 0.983, 500, 329.48, 329.674, 0.194, 2000, 0,     4.392,
 324, 6, 325, 325, 325.98, 0.98, 9000, 0, 325.98, 328.606, 2.626, 751, 328.606, 329.276, 0.67, 4000, 0, 329.276, 330.29, 1.014, 400, 330.29, 330.469, 0.179, 2000, 0,     4.310,
 325, 6, 326, 326, 327.024, 1.024, 10000, 0, 327.024, 329.603, 2.58, 815, 329.603, 330.458, 0.854, 5000, 0, 330.458, 331.457, 0.999, 500, 331.457, 331.635, 0.178, 2000, 0,     4.433,
 326, 6, 327, 327, 327.986, 0.986, 10000, 0, 327.986, 330.656, 2.67, 838, 330.656, 331.502, 0.846, 5000, 0, 331.502, 332.517, 1.015, 500, 332.517, 332.703, 0.185, 2000, 0,     4.531,
 327, 6, 328, 328, 328.905, 0.905, 9000, 0, 328.905, 331.618, 2.713, 742, 331.618, 332.316, 0.699, 4000, 0, 332.316, 333.347, 1.031, 400, 333.347, 333.538, 0.191, 2000, 0,     4.442,
 328, 6, 329, 329, 329.99, 0.99, 10000, 0, 329.99, 332.687, 2.698, 835, 332.687, 333.521, 0.833, 5000, 0, 333.521, 334.528, 1.007, 500, 334.528, 334.711, 0.184, 2000, 0,     4.538,
 329, 6, 330, 330, 330.904, 0.904, 9000, 0, 330.904, 333.643, 2.74, 786, 333.643, 334.316, 0.673, 4000, 0, 334.316, 335.342, 1.026, 400, 335.342, 335.53, 0.188, 2000, 0,     4.438,
 330, 6, 331, 331, 332.002, 1.002, 10000, 0, 332.002, 334.666, 2.664, 818, 334.666, 335.516, 0.85, 5000, 0, 335.516, 336.507, 0.99, 500, 336.507, 336.68, 0.173, 2000, 0,     4.505,
 331, 6, 332, 332, 332.938, 0.938, 9000, 0, 332.938, 335.648, 2.71, 782, 335.648, 336.315, 0.668, 4000, 0, 336.315, 337.298, 0.982, 400, 337.298, 337.482, 0.184, 2000, 0,     4.360,
 332, 6, 333, 333, 334.14, 1.14, 11000, 0, 334.14, 336.854, 2.713, 923, 336.854, 337.684, 0.831, 5000, 0, 337.684, 338.676, 0.992, 500, 338.676, 338.852, 0.176, 2000, 0,     4.536,
 333, 6, 334, 334, 335.038, 1.038, 9000, 0, 335.038, 337.779, 2.741, 723, 337.779, 338.45, 0.671, 4000, 0, 338.45, 339.49, 1.04, 400, 339.49, 339.678, 0.188, 2000, 0,     4.452,
 334, 6, 335, 335, 335.929, 0.929, 9000, 0, 335.929, 338.72, 2.791, 769, 338.72, 339.379, 0.659, 4000, 0, 339.379, 340.306, 0.927, 400, 340.306, 340.491, 0.184, 2000, 0,     4.377,
 335, 6, 336, 336, 336.811, 0.811, 8000, 0, 336.811, 339.583, 2.773, 687, 339.583, 340.258, 0.674, 4000, 0, 340.258, 341.121, 0.863, 400, 341.121, 341.314, 0.193, 2000, 0,     4.310,
 336, 6, 337, 337, 338.032, 1.032, 10000, 0, 338.032, 340.7, 2.669, 861, 340.7, 341.536, 0.836, 5000, 0, 341.536, 342.545, 1.009, 500, 342.545, 342.732, 0.188, 2000, 0,     4.513,
 337, 6, 338, 338, 338.946, 0.946, 9000, 0, 338.946, 341.63, 2.684, 756, 341.63, 342.308, 0.678, 4000, 0, 342.308, 343.375, 1.066, 400, 343.375, 343.567, 0.193, 2000, 0,     4.429,
 338, 6, 339, 339, 339.786, 0.786, 8000, 0, 339.786, 342.468, 2.681, 676, 342.468, 343.157, 0.69, 4000, 0, 343.157, 344.214, 1.057, 400, 344.214, 344.39, 0.176, 2000, 0,     4.428,
 339, 6, 340, 340, 340.827, 0.827, 8000, 0, 340.827, 343.312, 2.485, 664, 343.312, 343.991, 0.679, 4000, 0, 343.991, 344.992, 1.001, 400, 344.992, 345.175, 0.183, 2000, 0,     4.165,
 340, 6, 341, 341, 341.804, 0.804, 8000, 0, 341.804, 344.198, 2.393, 699, 344.198, 344.877, 0.68, 4000, 0, 344.877, 345.804, 0.927, 400, 345.804, 345.992, 0.188, 2000, 0,     4.000,
 341, 6, 342, 342, 342.917, 0.917, 9000, 0, 342.917, 345.123, 2.207, 722, 345.123, 345.794, 0.67, 4000, 0, 345.794, 346.628, 0.834, 400, 346.628, 346.826, 0.198, 2000, 0,     3.711,
 342, 6, 343, 343, 344.022, 1.022, 10000, 0, 344.022, 346.197, 2.175, 862, 346.197, 347.042, 0.845, 5000, 0, 347.042, 348.042, 1, 500, 348.042, 348.223, 0.181, 2000, 0,     4.021,
 343, 6, 344, 344, 344.818, 0.818, 8000, 0, 344.818, 347.037, 2.219, 682, 347.037, 347.722, 0.684, 4000, 0, 347.722, 348.857, 1.135, 400, 348.857, 349.037, 0.179, 2000, 0,     4.039,
 344, 6, 345, 345, 345.858, 0.858, 8000, 0, 345.858, 347.846, 1.988, 644, 347.846, 348.518, 0.671, 4000, 0, 348.518, 349.664, 1.146, 400, 349.664, 349.849, 0.186, 2000, 0,     3.805,
 345, 6, 346, 346, 346.821, 0.821, 8000, 0, 346.821, 348.629, 1.808, 664, 348.629, 349.321, 0.692, 4000, 0, 349.321, 350.478, 1.157, 400, 350.478, 350.662, 0.184, 2000, 0,     3.657,
 346, 6, 347, 347, 348.028, 1.028, 10000, 0, 348.028, 349.669, 1.64, 819, 349.669, 350.503, 0.835, 5000, 0, 350.503, 351.5, 0.996, 500, 351.5, 351.677, 0.177, 2000, 0,     3.472,
 347, 6, 348, 348, 349.124, 1.124, 11000, 0, 349.124, 350.812, 1.688, 900, 350.812, 351.657, 0.845, 5000, 0, 351.657, 352.654, 0.997, 500, 352.654, 352.835, 0.181, 2000, 0,     3.530,
 348, 6, 349, 349, 349.939, 0.939, 8000, 0, 349.939, 351.739, 1.8, 716, 351.739, 352.411, 0.672, 4000, 0, 352.411, 353.474, 1.063, 400, 353.474, 353.657, 0.183, 2000, 0,     3.535,
 349, 6, 350, 350, 350.899, 0.899, 9000, 0, 350.899, 352.648, 1.749, 732, 352.648, 353.336, 0.688, 4000, 0, 353.336, 354.264, 0.928, 400, 354.264, 354.45, 0.186, 2000, 0,     3.365,
 350, 6, 351, 351, 352.101, 1.101, 11000, 0, 352.101, 353.798, 1.698, 909, 353.798, 354.631, 0.833, 5000, 0, 354.631, 355.639, 1.008, 500, 355.639, 355.827, 0.189, 2000, 0,     3.538,
 351, 6, 352, 352, 352.917, 0.917, 8000, 0, 352.917, 354.645, 1.728, 696, 354.645, 355.308, 0.663, 4000, 0, 355.308, 356.433, 1.125, 400, 356.433, 356.616, 0.183, 2000, 0,     3.516,
 352, 6, 353, 353, 353.923, 0.923, 9000, 0, 353.923, 355.642, 1.719, 761, 355.642, 356.319, 0.677, 4000, 0, 356.319, 357.225, 0.905, 400, 357.225, 357.404, 0.18, 2000, 0,     3.301,
 353, 6, 354, 354, 355.091, 1.091, 11000, 0, 355.091, 356.781, 1.69, 887, 356.781, 357.619, 0.838, 5000, 0, 357.619, 358.631, 1.011, 500, 358.631, 358.813, 0.182, 2000, 0,     3.539,
 354, 6, 355, 355, 355.901, 0.901, 8000, 0, 355.901, 357.67, 1.769, 692, 357.67, 358.364, 0.694, 4000, 0, 358.364, 359.44, 1.076, 400, 359.44, 359.622, 0.182, 2000, 0,     3.539,
 355, 6, 356, 356, 357.017, 1.017, 10000, 0, 357.017, 358.801, 1.785, 878, 358.801, 359.63, 0.829, 5000, 0, 359.63, 360.626, 0.996, 500, 360.626, 360.806, 0.18, 2000, 0,     3.609,
 356, 6, 357, 357, 357.84, 0.84, 8000, 0, 357.84, 359.649, 1.809, 682, 359.649, 360.366, 0.717, 4000, 0, 360.366, 361.425, 1.059, 400, 361.425, 361.599, 0.174, 2000, 0,     3.585,
 357, 6, 358, 358, 358.811, 0.811, 8000, 0, 358.811, 360.548, 1.737, 707, 360.548, 361.204, 0.656, 4000, 0, 361.204, 362.237, 1.033, 400, 362.237, 362.417, 0.18, 2000, 0,     3.426,
 358, 6, 359, 359, 360.11, 1.11, 11000, 0, 360.11, 361.724, 1.614, 935, 361.724, 362.57, 0.846, 5000, 0, 362.57, 363.571, 1.001, 500, 363.571, 363.756, 0.185, 2000, 0,     3.461,
 359, 6, 360, 360, 360.927, 0.927, 8000, 0, 360.927, 362.589, 1.661, 704, 362.589, 363.273, 0.684, 4000, 0, 363.273, 364.377, 1.104, 400, 364.377, 364.559, 0.182, 2000, 0,     3.450,
 360, 6, 361, 361, 361.819, 0.819, 8000, 0, 361.819, 363.488, 1.669, 716, 363.488, 364.17, 0.682, 4000, 0, 364.17, 365.204, 1.034, 400, 365.204, 365.388, 0.184, 2000, 0,     3.385,
 361, 6, 362, 362, 362.991, 0.991, 10000, 0, 362.991, 364.533, 1.541, 803, 364.533, 365.397, 0.864, 5000, 0, 365.397, 366.374, 0.977, 500, 366.374, 366.565, 0.191, 2000, 0,     3.382,
 362, 6, 363, 363, 363.994, 0.994, 10000, 0, 363.994, 365.55, 1.556, 802, 365.55, 366.407, 0.857, 5000, 0, 366.407, 367.401, 0.994, 500, 367.401, 367.583, 0.182, 2000, 0,     3.407,
 363, 6, 364, 364, 364.784, 0.784, 8000, 0, 364.784, 366.373, 1.589, 642, 366.373, 367.102, 0.729, 4000, 0, 367.102, 368.208, 1.106, 400, 368.208, 368.402, 0.194, 2000, 0,     3.424,
 364, 6, 365, 365, 365.85, 0.85, 9000, 0, 365.85, 367.304, 1.455, 759, 367.304, 367.975, 0.671, 4000, 0, 367.975, 369.028, 1.053, 400, 369.028, 369.22, 0.192, 2000, 0,     3.178,
 365, 6, 366, 366, 367.098, 1.098, 11000, 0, 367.098, 368.491, 1.392, 943, 368.491, 369.354, 0.863, 5000, 0, 369.354, 370.35, 0.997, 500, 370.35, 370.541, 0.191, 2000, 0,     3.252,
 366, 6, 367, 367, 368.121, 1.121, 10000, 0, 368.121, 369.59, 1.47, 879, 369.59, 370.479, 0.889, 5000, 0, 370.479, 371.47, 0.991, 500, 371.47, 371.658, 0.188, 2000, 0,     3.349,
 367, 6, 368, 368, 369.14, 1.14, 10000, 0, 369.14, 370.595, 1.455, 820, 370.595, 371.447, 0.853, 5000, 0, 371.447, 372.487, 1.04, 500, 372.487, 372.673, 0.186, 2000, 0,     3.347,
 368, 6, 369, 369, 370.225, 1.225, 11000, 0, 370.225, 371.713, 1.488, 887, 371.713, 372.561, 0.848, 5000, 0, 372.561, 373.544, 0.983, 500, 373.544, 373.733, 0.189, 2000, 0,     3.319,
 369, 6, 370, 370, 371.032, 1.032, 8000, 0, 371.032, 372.555, 1.523, 654, 372.555, 373.228, 0.673, 4000, 0, 373.228, 374.349, 1.121, 400, 374.349, 374.537, 0.188, 2000, 0,     3.317,
 370, 6, 371, 371, 372.049, 1.049, 10000, 0, 372.049, 373.579, 1.53, 806, 373.579, 374.406, 0.827, 5000, 0, 374.406, 375.424, 1.018, 500, 375.424, 375.606, 0.181, 2000, 0,     3.376,
 371, 6, 372, 372, 373.025, 1.025, 10000, 0, 373.025, 374.636, 1.612, 826, 374.636, 375.478, 0.842, 5000, 0, 375.478, 376.488, 1.01, 500, 376.488, 376.667, 0.179, 2000, 0,     3.463,
 372, 6, 373, 373, 373.983, 0.983, 9000, 0, 373.983, 375.558, 1.575, 735, 375.558, 376.244, 0.687, 4000, 0, 376.244, 377.29, 1.046, 400, 377.29, 377.475, 0.184, 2000, 0,     3.308,
 373, 6, 374, 374, 375.005, 1.005, 10000, 0, 375.005, 376.686, 1.681, 876, 376.686, 377.508, 0.822, 5000, 0, 377.508, 378.521, 1.013, 500, 378.521, 378.701, 0.181, 2000, 0,     3.516,
 374, 6, 375, 375, 375.893, 0.893, 9000, 0, 375.893, 377.635, 1.742, 753, 377.635, 378.312, 0.677, 4000, 0, 378.312, 379.342, 1.03, 400, 379.342, 379.53, 0.188, 2000, 0,     3.449,
 375, 6, 376, 376, 376.886, 0.886, 9000, 0, 376.886, 378.608, 1.721, 737, 378.608, 379.293, 0.685, 4000, 0, 379.293, 380.108, 0.815, 400, 380.108, 380.303, 0.195, 2000, 0,     3.222,
 376, 6, 377, 377, 377.818, 0.818, 8000, 0, 377.818, 379.437, 1.619, 661, 379.437, 380.133, 0.696, 4000, 0, 380.133, 380.909, 0.776, 400, 380.909, 381.084, 0.175, 2000, 0,     3.091,
 377, 6, 378, 378, 378.899, 0.899, 9000, 0, 378.899, 380.424, 1.526, 776, 380.424, 381.097, 0.673, 4000, 0, 381.097, 381.893, 0.796, 400, 381.893, 382.084, 0.191, 2000, 0,     2.994,
 378, 6, 379, 379, 379.764, 0.764, 8000, 0, 379.764, 381.241, 1.477, 647, 381.241, 381.92, 0.679, 4000, 0, 381.92, 382.717, 0.797, 400, 382.717, 382.905, 0.187, 2000, 0,     2.953,
 379, 6, 380, 380, 381.156, 1.156, 11000, 0, 381.156, 382.458, 1.302, 946, 382.458, 383.286, 0.828, 5000, 0, 383.286, 384.318, 1.032, 500, 384.318, 384.507, 0.189, 2000, 0,     3.162,
 380, 6, 381, 381, 381.926, 0.926, 8000, 0, 381.926, 383.28, 1.354, 649, 383.28, 383.945, 0.665, 4000, 0, 383.945, 385.098, 1.153, 400, 385.098, 385.285, 0.187, 2000, 0,     3.172,
 381, 6, 382, 382, 382.971, 0.971, 10000, 0, 382.971, 384.353, 1.382, 846, 384.353, 385.193, 0.84, 5000, 0, 385.193, 386.175, 0.982, 500, 386.175, 386.362, 0.188, 2000, 0,     3.204,
 382, 6, 383, 383, 384.098, 1.098, 11000, 0, 384.098, 385.422, 1.324, 885, 385.422, 386.226, 0.805, 5000, 0, 386.226, 387.228, 1.001, 500, 387.228, 387.406, 0.178, 2000, 0,     3.130,
 383, 6, 384, 384, 385.189, 1.189, 11000, 0, 385.189, 386.618, 1.429, 915, 386.618, 387.458, 0.84, 5000, 0, 387.458, 388.464, 1.006, 500, 388.464, 388.658, 0.194, 2000, 0,     3.275,
 384, 6, 385, 385, 385.967, 0.967, 8000, 0, 385.967, 387.488, 1.521, 689, 387.488, 388.158, 0.67, 4000, 0, 388.158, 389.24, 1.083, 400, 389.24, 389.421, 0.18, 2000, 0,     3.274,
 385, 6, 386, 386, 387.143, 1.143, 11000, 0, 387.143, 388.57, 1.427, 901, 388.57, 389.398, 0.828, 5000, 0, 389.398, 390.411, 1.014, 500, 390.411, 390.599, 0.188, 2000, 0,     3.268,
 386, 6, 387, 387, 387.971, 0.971, 8000, 0, 387.971, 389.379, 1.407, 677, 389.379, 390.05, 0.672, 4000, 0, 390.05, 391.209, 1.159, 400, 391.209, 391.398, 0.189, 2000, 0,     3.238,
 387, 6, 388, 388, 388.883, 0.883, 9000, 0, 388.883, 390.325, 1.443, 763, 390.325, 391.001, 0.676, 4000, 0, 391.001, 392.017, 1.016, 400, 392.017, 392.208, 0.192, 2000, 0,     3.134,
 388, 6, 389, 389, 389.815, 0.815, 8000, 0, 389.815, 391.134, 1.319, 648, 391.134, 391.84, 0.706, 4000, 0, 391.84, 392.824, 0.984, 400, 392.824, 393.02, 0.196, 2000, 0,     3.009,
 389, 6, 390, 390, 390.987, 0.987, 10000, 0, 390.987, 392.169, 1.183, 815, 392.169, 392.998, 0.829, 5000, 0, 392.998, 394.011, 1.013, 500, 394.011, 394.187, 0.177, 2000, 0,     3.024,
 390, 6, 391, 391, 392.122, 1.122, 11000, 0, 392.122, 393.382, 1.259, 936, 393.382, 394.217, 0.835, 5000, 0, 394.217, 395.217, 1, 500, 395.217, 395.403, 0.186, 2000, 0,     3.095,
 391, 6, 392, 392, 393.116, 1.116, 10000, 0, 393.116, 394.428, 1.312, 817, 394.428, 395.265, 0.837, 5000, 0, 395.265, 396.277, 1.012, 500, 396.277, 396.471, 0.194, 2000, 0,     3.161,
 392, 6, 393, 393, 393.906, 0.906, 8000, 0, 393.906, 395.284, 1.378, 687, 395.284, 395.959, 0.674, 4000, 0, 395.959, 397.069, 1.11, 400, 397.069, 397.254, 0.185, 2000, 0,     3.163,
 393, 6, 394, 394, 395.107, 1.107, 11000, 0, 395.107, 396.416, 1.309, 893, 396.416, 397.25, 0.834, 5000, 0, 397.25, 398.269, 1.019, 500, 398.269, 398.449, 0.181, 2000, 0,     3.162,
 394, 6, 395, 395, 396.108, 1.108, 10000, 0, 396.108, 397.434, 1.326, 800, 397.434, 398.297, 0.862, 5000, 0, 398.297, 399.285, 0.988, 500, 399.285, 399.468, 0.183, 2000, 0,     3.177,
 395, 6, 396, 396, 397.087, 1.087, 10000, 0, 397.087, 398.493, 1.405, 840, 398.493, 399.337, 0.844, 5000, 0, 399.337, 400.348, 1.011, 500, 400.348, 400.52, 0.172, 2000, 0,     3.260,
 396, 6, 397, 397, 397.919, 0.919, 8000, 0, 397.919, 399.315, 1.396, 648, 399.315, 400.011, 0.697, 4000, 0, 400.011, 401.159, 1.148, 400, 401.159, 401.336, 0.177, 2000, 0,     3.240,
 397, 6, 398, 398, 398.808, 0.808, 8000, 0, 398.808, 400.145, 1.337, 682, 400.145, 400.814, 0.669, 4000, 0, 400.814, 401.978, 1.163, 400, 401.978, 402.161, 0.184, 2000, 0,     3.170,
 398, 6, 399, 399, 400.093, 1.093, 11000, 0, 400.093, 401.293, 1.2, 902, 401.293, 402.136, 0.843, 5000, 0, 402.136, 403.145, 1.009, 500, 403.145, 403.328, 0.183, 2000, 0,     3.052,
 399, 6, 400, 400, 400.965, 0.965, 9000, 0, 400.965, 402.244, 1.279, 752, 402.244, 402.901, 0.657, 4000, 0, 402.901, 403.934, 1.033, 400, 403.934, 404.115, 0.181, 2000, 0,     2.969,
 400, 6, 402, 402, 402.819, 0.819, 8000, 0, 402.819, 403.747, 0.928, 710, 403.747, 404.399, 0.652, 4000, 0, 404.399, 405.186, 0.786, 400, 405.186, 405.367, 0.181, 2000, 0,     2.366,
 401, 6, 403, 403, 403.91, 0.91, 9000, 0, 403.91, 404.893, 0.984, 782, 404.893, 405.572, 0.679, 4000, 0, 405.572, 406.37, 0.798, 400, 406.37, 406.545, 0.175, 2000, 0,     2.461,
 402, 6, 404, 404, 405.013, 1.013, 10000, 0, 405.013, 406.017, 1.004, 803, 406.017, 406.882, 0.865, 5000, 0, 406.882, 407.892, 1.009, 500, 407.892, 408.078, 0.186, 2000, 0,     2.878,
 403, 6, 405, 405, 406.103, 1.103, 11000, 0, 406.103, 407.273, 1.17, 911, 407.273, 408.111, 0.838, 5000, 0, 408.111, 409.111, 1.001, 500, 409.111, 409.306, 0.194, 2000, 0,     3.009,
 404, 6, 406, 406, 407.112, 1.112, 10000, 0, 407.112, 408.331, 1.219, 822, 408.331, 409.163, 0.832, 5000, 0, 409.163, 410.169, 1.006, 500, 410.169, 410.357, 0.188, 2000, 0,     3.056,
 405, 6, 407, 407, 407.919, 0.919, 8000, 0, 407.919, 409.149, 1.23, 648, 409.149, 409.844, 0.695, 4000, 0, 409.844, 410.989, 1.145, 400, 410.989, 411.178, 0.189, 2000, 0,     3.070,
 406, 6, 408, 408, 408.908, 0.908, 9000, 0, 408.908, 410.046, 1.137, 730, 410.046, 410.705, 0.659, 4000, 0, 410.705, 411.789, 1.084, 400, 411.789, 411.988, 0.199, 2000, 0,     2.881,
 407, 6, 409, 409, 409.895, 0.895, 9000, 0, 409.895, 411.053, 1.157, 785, 411.053, 411.753, 0.7, 4000, 0, 411.753, 412.586, 0.834, 400, 412.586, 412.779, 0.193, 2000, 0,     2.691,
 408, 6, 410, 410, 410.924, 0.924, 9000, 0, 410.924, 411.996, 1.072, 749, 411.996, 412.694, 0.698, 4000, 0, 412.694, 413.497, 0.804, 400, 413.497, 413.685, 0.188, 2000, 0,     2.574,
 409, 6, 411, 411, 411.922, 0.922, 9000, 0, 411.922, 412.984, 1.062, 775, 412.984, 413.657, 0.673, 4000, 0, 413.657, 414.459, 0.802, 400, 414.459, 414.645, 0.185, 2000, 0,     2.538,
 410, 6, 412, 412, 412.824, 0.824, 8000, 0, 412.824, 413.94, 1.115, 698, 413.94, 414.636, 0.697, 4000, 0, 414.636, 415.426, 0.79, 400, 415.426, 415.615, 0.188, 2000, 0,     2.602,
 411, 6, 413, 413, 414.011, 1.011, 10000, 0, 414.011, 415.041, 1.03, 804, 415.041, 415.901, 0.86, 5000, 0, 415.901, 416.911, 1.009, 500, 416.911, 417.095, 0.184, 2000, 0,     2.900,
 412, 6, 414, 414, 414.89, 0.89, 9000, 0, 414.89, 415.986, 1.096, 767, 415.986, 416.669, 0.683, 4000, 0, 416.669, 417.714, 1.045, 400, 417.714, 417.897, 0.183, 2000, 0,     2.824,
 413, 6, 415, 415, 415.857, 0.857, 9000, 0, 415.857, 416.994, 1.137, 788, 416.994, 417.678, 0.683, 4000, 0, 417.678, 418.557, 0.88, 400, 418.557, 418.736, 0.178, 2000, 0,     2.700,
 414, 6, 416, 416, 416.994, 0.994, 10000, 0, 416.994, 418.018, 1.023, 851, 418.018, 418.861, 0.843, 5000, 0, 418.861, 419.851, 0.99, 500, 419.851, 420.047, 0.196, 2000, 0,     2.856,
 415, 6, 417, 417, 418.091, 1.091, 11000, 0, 418.091, 419.257, 1.166, 931, 419.257, 420.088, 0.831, 5000, 0, 420.088, 421.115, 1.027, 500, 421.115, 421.298, 0.183, 2000, 0,     3.024,
 416, 6, 418, 418, 419.139, 1.139, 11000, 0, 419.139, 420.458, 1.32, 927, 420.458, 421.299, 0.841, 5000, 0, 421.299, 422.311, 1.012, 500, 422.311, 422.501, 0.19, 2000, 0,     3.172,
 417, 6, 419, 419, 420.245, 1.245, 11000, 0, 420.245, 421.623, 1.378, 931, 421.623, 422.483, 0.86, 5000, 0, 422.483, 423.499, 1.016, 500, 423.499, 423.69, 0.191, 2000, 0,     3.253,
 418, 6, 420, 420, 421.038, 1.038, 8000, 0, 421.038, 422.45, 1.412, 674, 422.45, 423.17, 0.721, 4000, 0, 423.17, 424.294, 1.124, 400, 424.294, 424.492, 0.198, 2000, 0,     3.256,
 419, 6, 421, 421, 421.935, 0.935, 9000, 0, 421.935, 423.431, 1.496, 768, 423.431, 424.104, 0.673, 4000, 0, 424.104, 425.108, 1.004, 400, 425.108, 425.301, 0.193, 2000, 0,     3.173,
 420, 6, 422, 422, 422.891, 0.891, 9000, 0, 422.891, 424.355, 1.464, 740, 424.355, 425.042, 0.687, 4000, 0, 425.042, 425.916, 0.874, 400, 425.916, 426.097, 0.181, 2000, 0,     3.025,
 421, 6, 423, 423, 424.033, 1.033, 10000, 0, 424.033, 425.442, 1.409, 839, 425.442, 426.271, 0.828, 5000, 0, 426.271, 427.229, 0.958, 500, 427.229, 427.405, 0.176, 2000, 0,     3.196,
 422, 6, 424, 424, 424.933, 0.933, 9000, 0, 424.933, 426.386, 1.453, 761, 426.386, 427.064, 0.678, 4000, 0, 427.064, 428.052, 0.988, 400, 428.052, 428.235, 0.183, 2000, 0,     3.120,
 423, 6, 425, 425, 425.784, 0.784, 8000, 0, 425.784, 427.269, 1.484, 674, 427.269, 427.959, 0.69, 4000, 0, 427.959, 428.851, 0.892, 400, 428.851, 429.039, 0.188, 2000, 0,     3.067,
 424, 6, 426, 426, 427.002, 1.002, 10000, 0, 427.002, 428.314, 1.312, 853, 428.314, 429.135, 0.821, 5000, 0, 429.135, 430.126, 0.991, 500, 430.126, 430.302, 0.176, 2000, 0,     3.124,
 425, 6, 427, 427, 428.009, 1.009, 10000, 0, 428.009, 429.392, 1.383, 843, 429.392, 430.239, 0.847, 5000, 0, 430.239, 431.225, 0.986, 500, 431.225, 431.403, 0.178, 2000, 0,     3.216,
 426, 6, 428, 428, 428.79, 0.79, 8000, 0, 428.79, 430.253, 1.464, 656, 430.253, 430.958, 0.705, 4000, 0, 430.958, 432.044, 1.086, 400, 432.044, 432.231, 0.188, 2000, 0,     3.254,
 427, 6, 429, 429, 429.796, 0.796, 8000, 0, 429.796, 431.073, 1.277, 652, 431.073, 431.755, 0.682, 4000, 0, 431.755, 432.833, 1.078, 400, 432.833, 433.019, 0.185, 2000, 0,     3.037,
 428, 6, 430, 430, 431.013, 1.013, 10000, 0, 431.013, 432.181, 1.168, 866, 432.181, 433.04, 0.859, 5000, 0, 433.04, 434.057, 1.017, 500, 434.057, 434.248, 0.191, 2000, 0,     3.044,
 429, 6, 431, 431, 432.145, 1.145, 11000, 0, 432.145, 433.301, 1.156, 882, 433.301, 434.164, 0.862, 5000, 0, 434.164, 435.195, 1.031, 500, 435.195, 435.384, 0.189, 2000, 0,     3.050,
 430, 6, 432, 432, 432.939, 0.939, 8000, 0, 432.939, 434.095, 1.156, 656, 434.095, 434.845, 0.75, 4000, 0, 434.845, 435.996, 1.151, 400, 435.996, 436.179, 0.184, 2000, 0,     3.057,
 431, 6, 433, 433, 433.791, 0.791, 8000, 0, 433.791, 435.012, 1.221, 702, 435.012, 435.678, 0.666, 4000, 0, 435.678, 436.784, 1.106, 400, 436.784, 436.975, 0.191, 2000, 0,     2.993,
 432, 6, 434, 434, 434.887, 0.887, 9000, 0, 434.887, 435.929, 1.041, 726, 435.929, 436.603, 0.674, 4000, 0, 436.603, 437.599, 0.996, 400, 437.599, 437.783, 0.184, 2000, 0,     2.712,
 433, 6, 435, 435, 435.787, 0.787, 8000, 0, 435.787, 436.755, 0.968, 661, 436.755, 437.441, 0.686, 4000, 0, 437.441, 438.425, 0.984, 400, 438.425, 438.62, 0.195, 2000, 0,     2.638,
 434, 6, 436, 436, 437.021, 1.021, 10000, 0, 437.021, 438.026, 1.005, 803, 438.026, 438.867, 0.841, 5000, 0, 438.867, 439.855, 0.988, 500, 439.855, 440.043, 0.188, 2000, 0,     2.834,
 435, 6, 437, 437, 438.028, 1.028, 10000, 0, 438.028, 439.104, 1.076, 868, 439.104, 439.932, 0.828, 5000, 0, 439.932, 440.948, 1.016, 500, 440.948, 441.133, 0.186, 2000, 0,     2.920,
 436, 6, 438, 438, 439.123, 1.123, 11000, 0, 439.123, 440.231, 1.109, 895, 440.231, 441.057, 0.826, 5000, 0, 441.057, 442.046, 0.989, 500, 442.046, 442.23, 0.184, 2000, 0,     2.923,
 437, 6, 439, 439, 440.232, 1.232, 11000, 0, 440.232, 441.417, 1.185, 945, 441.417, 442.265, 0.847, 5000, 0, 442.265, 443.301, 1.036, 500, 443.301, 443.489, 0.188, 2000, 0,     3.068,
 438, 6, 440, 440, 441.27, 1.27, 10000, 0, 441.27, 442.495, 1.226, 872, 442.495, 443.32, 0.825, 5000, 0, 443.32, 444.353, 1.033, 500, 444.353, 444.54, 0.187, 2000, 0,     3.083,
 439, 6, 441, 441, 442.362, 1.362, 11000, 0, 442.362, 443.593, 1.231, 882, 443.593, 444.443, 0.85, 5000, 0, 444.443, 445.425, 0.982, 500, 445.425, 445.603, 0.178, 2000, 0,     3.063,
 440, 6, 442, 442, 443.276, 1.276, 9000, 0, 443.276, 444.561, 1.284, 771, 444.561, 445.246, 0.685, 4000, 0, 445.246, 446.239, 0.993, 400, 446.239, 446.429, 0.191, 2000, 0,     2.963,
 441, 6, 443, 443, 444.083, 1.083, 8000, 0, 444.083, 445.392, 1.309, 670, 445.392, 446.069, 0.677, 4000, 0, 446.069, 447.035, 0.966, 400, 447.035, 447.222, 0.186, 2000, 0,     2.952,
 442, 6, 444, 444, 444.987, 0.987, 9000, 0, 444.987, 446.328, 1.341, 758, 446.328, 447.023, 0.694, 4000, 0, 447.023, 447.841, 0.818, 400, 447.841, 448.024, 0.183, 2000, 0,     2.854,
 443, 6, 445, 445, 446.082, 1.082, 11000, 0, 446.082, 447.454, 1.372, 900, 447.454, 448.287, 0.834, 5000, 0, 448.287, 449.28, 0.993, 500, 449.28, 449.462, 0.182, 2000, 0,     3.198,
 444, 6, 446, 446, 446.878, 0.878, 8000, 0, 446.878, 448.277, 1.398, 651, 448.277, 448.966, 0.69, 4000, 0, 448.966, 450.094, 1.128, 400, 450.094, 450.268, 0.174, 2000, 0,     3.216,
 445, 6, 447, 447, 448.015, 1.015, 10000, 0, 448.015, 449.329, 1.315, 851, 449.329, 450.19, 0.861, 5000, 0, 450.19, 451.173, 0.983, 500, 451.173, 451.361, 0.188, 2000, 0,     3.158,
 446, 6, 448, 448, 449.002, 1.002, 10000, 0, 449.002, 450.355, 1.353, 823, 450.355, 451.195, 0.839, 5000, 0, 451.195, 452.186, 0.991, 500, 452.186, 452.385, 0.199, 2000, 0,     3.184,
 447, 6, 449, 449, 450.014, 1.014, 10000, 0, 450.014, 451.371, 1.357, 802, 451.371, 452.222, 0.851, 5000, 0, 452.222, 453.241, 1.018, 500, 453.241, 453.428, 0.187, 2000, 0,     3.227,
 448, 6, 450, 450, 451.011, 1.011, 10000, 0, 451.011, 452.463, 1.452, 867, 452.463, 453.333, 0.869, 5000, 0, 453.333, 454.326, 0.993, 500, 454.326, 454.511, 0.186, 2000, 0,     3.315,
 449, 6, 451, 451, 452.161, 1.161, 11000, 0, 452.161, 453.579, 1.418, 901, 453.579, 454.407, 0.828, 5000, 0, 454.407, 455.412, 1.005, 500, 455.412, 455.604, 0.192, 2000, 0,     3.251,
 450, 6, 452, 452, 453.17, 1.17, 10000, 0, 453.17, 454.633, 1.464, 812, 454.633, 455.469, 0.836, 5000, 0, 455.469, 456.462, 0.992, 500, 456.462, 456.64, 0.179, 2000, 0,     3.292,
 451, 6, 453, 453, 454.2, 1.2, 10000, 0, 454.2, 455.701, 1.501, 854, 455.701, 456.528, 0.827, 5000, 0, 456.528, 457.527, 0.999, 500, 457.527, 457.716, 0.188, 2000, 0,     3.328,
 452, 6, 454, 454, 455.279, 1.279, 11000, 0, 455.279, 456.816, 1.536, 886, 456.816, 457.646, 0.831, 5000, 0, 457.646, 458.657, 1.011, 500, 458.657, 458.841, 0.184, 2000, 0,     3.378,
 453, 6, 455, 455, 456.382, 1.382, 11000, 0, 456.382, 457.987, 1.605, 944, 457.987, 458.841, 0.854, 5000, 0, 458.841, 459.867, 1.026, 500, 459.867, 460.064, 0.197, 2000, 0,     3.485,
 454, 6, 456, 456, 457.298, 1.298, 9000, 0, 457.298, 458.912, 1.614, 739, 458.912, 459.583, 0.671, 4000, 0, 459.583, 460.654, 1.071, 400, 460.654, 460.847, 0.193, 2000, 0,     3.355,
 455, 6, 457, 457, 458.326, 1.326, 10000, 0, 458.326, 459.979, 1.653, 848, 459.979, 460.832, 0.852, 5000, 0, 460.832, 461.844, 1.013, 500, 461.844, 462.041, 0.196, 2000, 0,     3.518,
 456, 6, 458, 458, 459.113, 1.113, 8000, 0, 459.113, 460.81, 1.696, 665, 460.81, 461.49, 0.68, 4000, 0, 461.49, 462.675, 1.185, 400, 462.675, 462.871, 0.196, 2000, 0,     3.561,
 457, 6, 459, 459, 460.213, 1.213, 11000, 0, 460.213, 461.971, 1.758, 933, 461.971, 462.85, 0.879, 5000, 0, 462.85, 463.84, 0.991, 500, 463.84, 464.018, 0.178, 2000, 0,     3.628,
 458, 6, 460, 460, 461.304, 1.304, 11000, 0, 461.304, 463.133, 1.83, 923, 463.133, 463.991, 0.858, 5000, 0, 463.991, 464.995, 1.004, 500, 464.995, 465.173, 0.178, 2000, 0,     3.691,
 459, 6, 461, 461, 462.089, 1.089, 8000, 0, 462.089, 463.941, 1.852, 648, 463.941, 464.693, 0.752, 4000, 0, 464.693, 465.832, 1.139, 400, 465.832, 466.023, 0.191, 2000, 0,     3.743,
 460, 6, 462, 462, 463.192, 1.192, 11000, 0, 463.192, 465.112, 1.921, 941, 465.112, 465.96, 0.847, 5000, 0, 465.96, 466.969, 1.01, 500, 466.969, 467.162, 0.192, 2000, 0,     3.778,
 461, 6, 463, 463, 463.967, 0.967, 8000, 0, 463.967, 465.934, 1.966, 652, 465.934, 466.632, 0.699, 4000, 0, 466.632, 467.781, 1.149, 400, 467.781, 467.973, 0.192, 2000, 0,     3.813,
 462, 6, 464, 464, 464.792, 0.792, 8000, 0, 464.792, 466.74, 1.948, 640, 466.74, 467.429, 0.689, 4000, 0, 467.429, 468.58, 1.15, 400, 468.58, 468.782, 0.202, 2000, 0,     3.788,
 463, 6, 465, 465, 465.801, 0.801, 8000, 0, 465.801, 467.67, 1.869, 709, 467.67, 468.369, 0.7, 4000, 0, 468.369, 469.433, 1.064, 400, 469.433, 469.612, 0.179, 2000, 0,     3.632,
 464, 6, 466, 466, 466.81, 0.81, 8000, 0, 466.81, 468.556, 1.746, 696, 468.556, 469.207, 0.651, 4000, 0, 469.207, 470.234, 1.027, 400, 470.234, 470.419, 0.185, 2000, 0,     3.424,
 465, 6, 467, 467, 467.914, 0.914, 9000, 0, 467.914, 469.5, 1.586, 747, 469.5, 470.219, 0.718, 4000, 0, 470.219, 471.064, 0.846, 400, 471.064, 471.246, 0.181, 2000, 0,     3.150,
 466, 6, 468, 468, 469.131, 1.131, 11000, 0, 469.131, 470.611, 1.48, 886, 470.611, 471.439, 0.828, 5000, 0, 471.439, 472.452, 1.013, 500, 472.452, 472.634, 0.182, 2000, 0,     3.321,
 467, 6, 469, 469, 470.242, 1.242, 11000, 0, 470.242, 471.786, 1.544, 916, 471.786, 472.614, 0.828, 5000, 0, 472.614, 473.636, 1.021, 500, 473.636, 473.817, 0.181, 2000, 0,     3.393,
 468, 6, 470, 470, 471.276, 1.276, 10000, 0, 471.276, 472.861, 1.585, 821, 472.861, 473.71, 0.85, 5000, 0, 473.71, 474.734, 1.024, 500, 474.734, 474.931, 0.197, 2000, 0,     3.458,
 469, 6, 471, 471, 472.178, 1.178, 9000, 0, 472.178, 473.877, 1.699, 799, 473.877, 474.541, 0.664, 4000, 0, 474.541, 475.531, 0.99, 400, 475.531, 475.708, 0.177, 2000, 0,     3.353,
 470, 6, 472, 472, 472.994, 0.994, 8000, 0, 472.994, 474.768, 1.774, 709, 474.768, 475.441, 0.673, 4000, 0, 475.441, 476.331, 0.89, 400, 476.331, 476.512, 0.181, 2000, 0,     3.337,
 471, 6, 473, 473, 474.013, 1.013, 10000, 0, 474.013, 475.815, 1.802, 850, 475.815, 476.63, 0.815, 5000, 0, 476.63, 477.631, 1.001, 500, 477.631, 477.805, 0.175, 2000, 0,     3.618,
 472, 6, 474, 474, 475.124, 1.124, 11000, 0, 475.124, 476.979, 1.855, 956, 476.979, 477.812, 0.833, 5000, 0, 477.812, 478.82, 1.008, 500, 478.82, 479.012, 0.192, 2000, 0,     3.696,
 473, 6, 475, 475, 476.012, 1.012, 9000, 0, 476.012, 477.992, 1.98, 798, 477.992, 478.684, 0.692, 4000, 0, 478.684, 479.637, 0.953, 400, 479.637, 479.827, 0.19, 2000, 0,     3.625,
 474, 6, 476, 476, 476.837, 0.837, 8000, 0, 476.837, 478.854, 2.017, 676, 478.854, 479.519, 0.666, 4000, 0, 479.519, 480.437, 0.918, 400, 480.437, 480.634, 0.197, 2000, 0,     3.601,
 475, 6, 477, 477, 477.994, 0.994, 10000, 0, 477.994, 479.936, 1.942, 866, 479.936, 480.761, 0.824, 5000, 0, 480.761, 481.76, 0.999, 500, 481.76, 481.95, 0.191, 2000, 0,     3.765,
 476, 6, 478, 478, 478.986, 0.986, 10000, 0, 478.986, 481.01, 2.024, 843, 481.01, 481.809, 0.799, 5000, 0, 481.809, 482.819, 1.01, 500, 482.819, 483.009, 0.19, 2000, 0,     3.833,
 477, 6, 479, 479, 480.002, 1.002, 10000, 0, 480.002, 482.106, 2.104, 800, 482.106, 482.964, 0.858, 5000, 0, 482.964, 483.967, 1.003, 500, 483.967, 484.155, 0.187, 2000, 0,     3.965,
 478, 6, 480, 480, 481.01, 1.01, 10000, 0, 481.01, 483.128, 2.118, 810, 483.128, 483.967, 0.839, 5000, 0, 483.967, 484.98, 1.012, 500, 484.98, 485.164, 0.185, 2000, 0,     3.970,
 479, 6, 481, 481, 481.906, 0.906, 9000, 0, 481.906, 484.153, 2.247, 785, 484.153, 484.817, 0.664, 4000, 0, 484.817, 485.786, 0.969, 400, 485.786, 485.971, 0.185, 2000, 0,     3.881,
 480, 6, 482, 482, 483.106, 1.106, 11000, 0, 483.106, 485.334, 2.227, 929, 485.334, 486.168, 0.835, 5000, 0, 486.168, 487.166, 0.997, 500, 487.166, 487.353, 0.188, 2000, 0,     4.059,
 481, 6, 483, 483, 484.03, 1.03, 9000, 0, 484.03, 486.312, 2.283, 749, 486.312, 487.006, 0.694, 4000, 0, 487.006, 487.966, 0.96, 400, 487.966, 488.156, 0.19, 2000, 0,     3.936,
 482, 6, 484, 484, 485.163, 1.163, 11000, 0, 485.163, 487.506, 2.343, 948, 487.506, 488.386, 0.88, 5000, 0, 488.386, 489.36, 0.974, 500, 489.36, 489.542, 0.182, 2000, 0,     4.197,
 483, 6, 485, 485, 485.989, 0.989, 8000, 0, 485.989, 488.298, 2.308, 653, 488.298, 489.055, 0.757, 4000, 0, 489.055, 490.181, 1.127, 400, 490.181, 490.365, 0.184, 2000, 0,     4.192,
 484, 6, 486, 486, 486.899, 0.899, 9000, 0, 486.899, 489.342, 2.443, 794, 489.342, 490.006, 0.664, 4000, 0, 490.006, 490.991, 0.985, 400, 490.991, 491.181, 0.19, 2000, 0,     4.092,
 485, 6, 487, 487, 487.869, 0.869, 9000, 0, 487.869, 490.289, 2.42, 750, 490.289, 490.943, 0.654, 4000, 0, 490.943, 491.806, 0.863, 400, 491.806, 491.989, 0.183, 2000, 0,     3.937,
 486, 6, 488, 488, 489.118, 1.118, 11000, 0, 489.118, 491.388, 2.271, 899, 491.388, 492.206, 0.818, 5000, 0, 492.206, 493.207, 1.001, 500, 493.207, 493.387, 0.18, 2000, 0,     4.089,
 487, 6, 489, 489, 490.197, 1.197, 11000, 0, 490.197, 492.501, 2.304, 892, 492.501, 493.327, 0.826, 5000, 0, 493.327, 494.348, 1.021, 500, 494.348, 494.539, 0.191, 2000, 0,     4.151,
 488, 6, 490, 490, 490.997, 0.997, 8000, 0, 490.997, 493.378, 2.381, 700, 493.378, 494.068, 0.69, 4000, 0, 494.068, 495.155, 1.086, 400, 495.155, 495.337, 0.183, 2000, 0,     4.158,
 489, 6, 491, 491, 491.903, 0.903, 9000, 0, 491.903, 494.405, 2.503, 795, 494.405, 495.077, 0.672, 4000, 0, 495.077, 495.941, 0.864, 400, 495.941, 496.137, 0.196, 2000, 0,     4.038,
 490, 6, 492, 492, 493.01, 1.01, 10000, 0, 493.01, 495.491, 2.481, 872, 495.491, 496.319, 0.827, 5000, 0, 496.319, 497.318, 0.999, 500, 497.318, 497.511, 0.193, 2000, 0,     4.308,
 491, 6, 493, 493, 494.132, 1.132, 11000, 0, 494.132, 496.625, 2.493, 933, 496.625, 497.491, 0.866, 5000, 0, 497.491, 498.492, 1, 500, 498.492, 498.654, 0.162, 2000, 0,     4.360,
 492, 6, 494, 494, 495.238, 1.238, 11000, 0, 495.238, 497.74, 2.502, 892, 497.74, 498.591, 0.851, 5000, 0, 498.591, 499.592, 1.001, 500, 499.592, 499.783, 0.191, 2000, 0,     4.355,
 493, 6, 495, 495, 496.246, 1.246, 10000, 0, 496.246, 498.771, 2.526, 805, 498.771, 499.662, 0.891, 5000, 0, 499.662, 500.637, 0.975, 500, 500.637, 500.814, 0.177, 2000, 0,     4.391,
 494, 6, 496, 496, 497.135, 1.135, 9000, 0, 497.135, 499.673, 2.538, 723, 499.673, 500.342, 0.67, 4000, 0, 500.342, 501.444, 1.101, 400, 501.444, 501.636, 0.193, 2000, 0,     4.309,
 495, 6, 497, 497, 498.166, 1.166, 10000, 0, 498.166, 500.758, 2.593, 866, 500.758, 501.59, 0.831, 5000, 0, 501.59, 502.596, 1.006, 500, 502.596, 502.778, 0.182, 2000, 0,     4.431,
 496, 6, 498, 498, 499.143, 1.143, 10000, 0, 499.143, 501.819, 2.676, 846, 501.819, 502.668, 0.849, 5000, 0, 502.668, 503.674, 1.006, 500, 503.674, 503.85, 0.176, 2000, 0,     4.531,
 497, 6, 499, 499, 499.948, 0.948, 8000, 0, 499.948, 502.703, 2.755, 692, 502.703, 503.375, 0.672, 4000, 0, 503.375, 504.488, 1.113, 400, 504.488, 504.664, 0.175, 2000, 0,     4.541,
 498, 6, 500, 500, 501.093, 1.093, 11000, 0, 501.093, 503.931, 2.838, 958, 503.931, 504.739, 0.808, 5000, 0, 504.739, 505.761, 1.022, 500, 505.761, 505.956, 0.194, 2000, 0,     4.668,
#======================================
#Number of workloads:499
#Timeout workloads:0
#Timeout workloads per cent:0.0
#Over workloads:0
#Over workloads per cent:0.0
#Number of Cloudlets:998
#Over Cloudlets:0
#Over Cloudlets per cent:0.0
#Number of transmissions:1497
#Over transmissions:0
#Over transmissions per cent:0.0
#======================================
#Total serve time:2051.4149778710707
#CPU serve time:1670.7635499157036
#Network serve time:995.3310041655013
#Average total serve time:4.111052059861866
#Average CPU serve time per workload:3.348223546925258
#Average network serve time per workload:1.9946513109529085
#Average CPU serve time per Cloudlet:1.674111773462629
#Average network serve time per transmission:0.6648837703176361
