Workload_ID,    App_ID,SubmitTime,Tr:StartTime,Tr:EndTime,Tr:NetworkTime,   Tr:Size,Tr:Channel,Pr:StartTime,Pr:EndTime,Pr:CPUTime,   Pr:Size,Tr:StartTime,Tr:EndTime,Tr:NetworkTime,   Tr:Size,Tr:Channel,Pr:StartTime,Pr:EndTime,Pr:CPUTime,   Pr:Size,Tr:StartTime,Tr:EndTime,Tr:NetworkTime,   Tr:Size,Tr:Channel,Pr:StartTime,Pr:EndTime,Pr:CPUTime,   Pr:Size,Tr:StartTime,Tr:EndTime,Tr:NetworkTime,   Tr:Size,Tr:Channel,ResponseTime,
 0, 371, 0, 0, 1.098, 1.098, 16384, 0, 1.098, 3.28, 2.182, 1637, 3.28, 4.304, 1.024, 16384, 0, 4.304, 7.504, 3.2, 2400, 7.504, 8.53, 1.026, 12288, 0, 8.53, 10.659, 2.129, 1800, 10.659, 11.683, 1.024, 16384, 0,    11.683,
 1, 371, 1, 1, 2.198, 1.198, 16384, 0, 2.198, 4.343, 2.146, 1610, 4.343, 5.367, 1.024, 16384, 0, 5.367, 8.574, 3.207, 2400, 8.574, 9.6, 1.026, 12288, 0, 9.6, 11.744, 2.144, 1800, 11.744, 12.771, 1.028, 16384, 0,    11.771,
 2, 371, 2, 2, 3.293, 1.293, 16384, 0, 3.293, 5.533, 2.24, 1667, 5.533, 6.557, 1.024, 16384, 0, 6.557, 9.755, 3.198, 2400, 9.755, 10.782, 1.027, 12288, 0, 10.782, 12.917, 2.135, 1800, 12.917, 13.947, 1.03, 16384, 0,    11.947,
 3, 371, 3, 3, 4.394, 1.394, 16384, 0, 4.394, 6.633, 2.239, 1677, 6.633, 7.663, 1.03, 16384, 0, 7.663, 10.854, 3.191, 2400, 10.854, 11.88, 1.026, 12288, 0, 11.88, 14.016, 2.136, 1800, 14.016, 15.043, 1.027, 16384, 0,    12.043,
 4, 371, 4, 4, 5.486, 1.486, 16384, 0, 5.486, 7.674, 2.188, 1603, 7.674, 8.698, 1.024, 16384, 0, 8.698, 11.9, 3.202, 2400, 11.9, 12.933, 1.033, 12288, 0, 12.933, 15.07, 2.137, 1800, 15.07, 16.094, 1.024, 16384, 0,    12.094,
 5, 371, 5, 5, 6.51, 1.51, 15360, 0, 6.51, 8.642, 2.132, 1506, 8.642, 9.658, 1.016, 15360, 0, 9.658, 12.757, 3.099, 2250, 12.757, 13.873, 1.116, 11264, 0, 13.873, 15.972, 2.1, 1650, 15.972, 16.99, 1.018, 14336, 0,    11.990,
 6, 371, 6, 6, 7.401, 1.401, 13312, 0, 7.401, 9.47, 2.068, 1342, 9.47, 10.496, 1.027, 13312, 0, 10.496, 13.456, 2.96, 1950, 13.456, 14.641, 1.185, 9216, 0, 14.641, 16.677, 2.036, 1350, 16.677, 17.758, 1.081, 12288, 0,    11.758,
 7, 371, 7, 7, 8.562, 1.562, 17408, 0, 8.562, 10.999, 2.437, 1768, 10.999, 12.087, 1.088, 17408, 0, 12.087, 15.493, 3.405, 2550, 15.493, 16.519, 1.026, 12288, 0, 16.519, 18.661, 2.143, 1800, 18.661, 19.687, 1.026, 16384, 0,    12.687,
 8, 371, 8, 8, 9.586, 1.586, 15360, 0, 9.586, 11.663, 2.077, 1555, 11.663, 13.053, 1.39, 15360, 0, 13.053, 16.057, 3.004, 2250, 16.057, 17.464, 1.407, 11264, 0, 17.464, 19.428, 1.963, 1650, 19.428, 20.586, 1.158, 14336, 0,    12.586,
 9, 371, 9, 9, 10.405, 1.405, 12288, 0, 10.405, 12.633, 2.228, 1226, 12.633, 13.822, 1.189, 12288, 0, 13.822, 16.222, 2.4, 1800, 16.222, 18.232, 2.01, 9216, 0, 18.232, 20.262, 2.029, 1350, 20.262, 21.361, 1.099, 12288, 0,    12.361,
 10, 371, 10, 10, 11.367, 1.367, 14336, 0, 11.367, 13.556, 2.189, 1415, 13.556, 14.718, 1.162, 14336, 0, 14.718, 18.292, 3.574, 2100, 18.292, 19.148, 0.855, 10240, 0, 19.148, 21.208, 2.061, 1500, 21.208, 22.197, 0.988, 13312, 0,    12.197,
 11, 371, 11, 11, 12.254, 1.254, 13312, 0, 12.254, 14.432, 2.178, 1347, 14.432, 15.55, 1.118, 13312, 0, 15.55, 18.661, 3.111, 1950, 18.661, 19.916, 1.254, 9216, 0, 19.916, 21.868, 1.953, 1350, 21.868, 22.97, 1.102, 12288, 0,    11.970,
 12, 371, 12, 12, 13.145, 1.145, 13312, 0, 13.145, 15.385, 2.24, 1372, 15.385, 16.389, 1.004, 13312, 0, 16.389, 18.989, 2.6, 1950, 18.989, 20.691, 1.703, 9216, 0, 20.691, 22.81, 2.119, 1350, 22.81, 23.748, 0.937, 12288, 0,    11.748,
 13, 371, 13, 13, 14.237, 1.237, 16384, 0, 14.237, 16.635, 2.397, 1648, 16.635, 17.659, 1.024, 16384, 0, 17.659, 21.498, 3.84, 2400, 21.498, 22.524, 1.026, 12288, 0, 22.524, 24.66, 2.136, 1800, 24.66, 25.684, 1.024, 16384, 0,    12.684,
 14, 371, 14, 14, 15.398, 1.398, 17408, 0, 15.398, 17.776, 2.379, 1783, 17.776, 18.868, 1.092, 17408, 0, 18.868, 22.267, 3.399, 2550, 22.267, 23.549, 1.282, 12288, 0, 23.549, 25.676, 2.127, 1800, 25.676, 26.715, 1.039, 16384, 0,    12.715,
 15, 371, 15, 15, 16.49, 1.49, 16384, 0, 16.49, 18.808, 2.318, 1621, 18.808, 19.892, 1.084, 16384, 0, 19.892, 23.098, 3.206, 2400, 23.098, 24.573, 1.474, 12288, 0, 24.573, 26.797, 2.224, 1800, 26.797, 27.821, 1.024, 16384, 0,    12.821,
 16, 371, 16, 16, 17.656, 1.656, 17408, 0, 17.656, 20.124, 2.467, 1755, 20.124, 21.221, 1.098, 17408, 0, 21.221, 24.902, 3.681, 2550, 24.902, 25.932, 1.03, 12288, 0, 25.932, 28.07, 2.138, 1800, 28.07, 29.099, 1.029, 16384, 0,    13.099,
 17, 371, 17, 17, 18.612, 1.612, 14336, 0, 18.612, 20.725, 2.113, 1438, 20.725, 22.117, 1.392, 14336, 0, 22.117, 25.067, 2.95, 2100, 25.067, 26.787, 1.719, 10240, 0, 26.787, 28.583, 1.796, 1500, 28.583, 29.931, 1.348, 13312, 0,    12.931,
 18, 371, 18, 18, 19.568, 1.568, 14336, 0, 19.568, 22.018, 2.45, 1416, 22.018, 23.014, 0.996, 14336, 0, 23.014, 25.9, 2.887, 2100, 25.9, 27.64, 1.74, 10240, 0, 27.64, 29.855, 2.215, 1500, 29.855, 30.772, 0.917, 13312, 0,    12.772,
 20, 371, 20, 20, 21.684, 1.684, 14336, 0, 21.684, 23.939, 2.255, 1440, 23.939, 25.057, 1.119, 14336, 0, 25.057, 27.874, 2.816, 2100, 27.874, 28.729, 0.855, 10240, 0, 28.729, 30.515, 1.786, 1500, 30.515, 31.604, 1.089, 13312, 0,    11.604,
 19, 371, 19, 19, 20.728, 1.728, 17408, 0, 20.728, 23.068, 2.34, 1753, 23.068, 24.159, 1.091, 17408, 0, 24.159, 28.308, 4.149, 2550, 28.308, 29.757, 1.449, 12288, 0, 29.757, 31.997, 2.239, 1800, 31.997, 33.02, 1.024, 16384, 0,    14.020,
 21, 371, 21, 21, 22.511, 1.511, 12288, 0, 22.511, 24.76, 2.249, 1269, 24.76, 25.83, 1.07, 12288, 0, 25.83, 28.308, 2.478, 1800, 28.308, 30.535, 2.227, 9216, 0, 30.535, 32.142, 1.607, 1350, 32.142, 33.788, 1.646, 12288, 0,    12.788,
 23, 371, 23, 23, 24.567, 1.567, 13312, 0, 24.567, 26.555, 1.987, 1346, 26.555, 28.182, 1.628, 13312, 0, 28.182, 30.914, 2.731, 1950, 30.914, 31.689, 0.775, 9216, 0, 31.689, 33.6, 1.911, 1350, 33.6, 34.556, 0.957, 12288, 0,    11.556,
 22, 371, 22, 22, 23.676, 1.676, 17408, 0, 23.676, 26.252, 2.576, 1735, 26.252, 27.34, 1.088, 17408, 0, 27.34, 31.278, 3.938, 2550, 31.278, 32.713, 1.435, 12288, 0, 32.713, 34.854, 2.141, 1800, 34.854, 35.879, 1.026, 16384, 0,    13.879,
 25, 371, 25, 25, 26.557, 1.557, 13312, 0, 26.557, 28.318, 1.761, 1320, 28.318, 29.158, 0.84, 13312, 0, 29.158, 31.756, 2.598, 1950, 31.756, 33.485, 1.729, 9216, 0, 33.485, 35.2, 1.715, 1350, 35.2, 36.647, 1.447, 12288, 0,    11.647,
 27, 371, 27, 27, 28.476, 1.476, 13312, 0, 28.476, 30.209, 1.733, 1301, 30.209, 31.041, 0.832, 13312, 0, 31.041, 33.884, 2.844, 1950, 33.884, 34.654, 0.77, 9216, 0, 34.654, 36.454, 1.8, 1350, 36.454, 37.417, 0.963, 12288, 0,    10.417,
 24, 371, 24, 24, 25.666, 1.666, 16384, 0, 25.666, 28.408, 2.742, 1612, 28.408, 30.187, 1.779, 16384, 0, 30.187, 34.116, 3.929, 2400, 34.116, 35.68, 1.564, 12288, 0, 35.68, 37.813, 2.133, 1800, 37.813, 38.837, 1.024, 16384, 0,    14.837,
 26, 371, 26, 26, 27.581, 1.581, 15360, 0, 27.581, 30.363, 2.782, 1530, 30.363, 32.001, 1.638, 15360, 0, 32.001, 35.006, 3.006, 2250, 35.006, 36.623, 1.617, 11264, 0, 36.623, 38.585, 1.961, 1650, 38.585, 39.74, 1.156, 14336, 0,    13.740,
 28, 371, 28, 28, 29.432, 1.432, 14336, 0, 29.432, 32.133, 2.701, 1441, 32.133, 33.03, 0.897, 14336, 0, 33.03, 36.69, 3.659, 2100, 36.69, 37.547, 0.857, 10240, 0, 37.547, 39.592, 2.045, 1500, 39.592, 40.578, 0.986, 13312, 0,    12.578,
 29, 371, 29, 29, 30.389, 1.389, 14336, 0, 30.389, 32.299, 1.909, 1436, 32.299, 33.932, 1.633, 14336, 0, 33.932, 36.918, 2.986, 2100, 36.918, 38.408, 1.49, 10240, 0, 38.408, 40.364, 1.956, 1500, 40.364, 41.41, 1.046, 13312, 0,    12.410,
 30, 371, 30, 30, 31.278, 1.278, 13312, 0, 31.278, 33.994, 2.716, 1391, 33.994, 34.828, 0.834, 13312, 0, 34.828, 37.615, 2.787, 1950, 37.615, 39.179, 1.565, 9216, 0, 39.179, 41.199, 2.019, 1350, 41.199, 42.177, 0.979, 12288, 0,    12.177,
 33, 371, 33, 33, 34.223, 1.223, 12288, 0, 34.223, 35.859, 1.636, 1214, 35.859, 36.631, 0.772, 12288, 0, 36.631, 39.319, 2.687, 1800, 39.319, 40.097, 0.779, 9216, 0, 40.097, 41.971, 1.874, 1350, 41.971, 42.952, 0.981, 12288, 0,     9.952,
 31, 371, 31, 31, 32.242, 1.242, 14336, 0, 32.242, 34.236, 1.994, 1447, 34.236, 35.724, 1.488, 14336, 0, 35.724, 39.494, 3.77, 2100, 39.494, 40.951, 1.456, 10240, 0, 40.951, 42.982, 2.031, 1500, 42.982, 43.819, 0.837, 13312, 0,    12.819,
 32, 371, 32, 32, 33.403, 1.403, 17408, 0, 33.403, 36.318, 2.914, 1743, 36.318, 37.719, 1.402, 17408, 0, 37.719, 41.119, 3.399, 2550, 41.119, 42.147, 1.028, 12288, 0, 42.147, 44.288, 2.142, 1800, 44.288, 45.312, 1.024, 16384, 0,    13.312,
 34, 371, 34, 34, 35.111, 1.111, 13312, 0, 35.111, 37.645, 2.534, 1340, 37.645, 38.553, 0.908, 13312, 0, 38.553, 41.922, 3.369, 1950, 41.922, 42.915, 0.993, 9216, 0, 42.915, 44.586, 1.671, 1350, 44.586, 46.08, 1.494, 12288, 0,    12.080,
 35, 371, 35, 35, 35.998, 0.998, 13312, 0, 35.998, 38.108, 2.11, 1344, 38.108, 39.385, 1.277, 13312, 0, 39.385, 42.095, 2.711, 1950, 42.095, 43.683, 1.587, 9216, 0, 43.683, 45.894, 2.211, 1350, 45.894, 46.848, 0.955, 12288, 0,    11.848,
 36, 371, 36, 36, 36.825, 0.825, 12288, 0, 36.825, 39.381, 2.555, 1297, 39.381, 40.153, 0.772, 12288, 0, 40.153, 43.517, 3.364, 1800, 43.517, 44.451, 0.933, 9216, 0, 44.451, 46.194, 1.744, 1350, 46.194, 47.616, 1.422, 12288, 0,    11.616,
 37, 371, 37, 37, 37.894, 0.894, 13312, 0, 37.894, 39.922, 2.028, 1354, 39.922, 40.991, 1.069, 13312, 0, 40.991, 44.527, 3.536, 1950, 44.527, 45.297, 0.77, 9216, 0, 45.297, 47.497, 2.2, 1350, 47.497, 48.394, 0.897, 12288, 0,    11.394,
 38, 371, 38, 38, 39.098, 1.098, 16384, 0, 39.098, 41.557, 2.459, 1622, 41.557, 42.581, 1.024, 16384, 0, 42.581, 45.777, 3.196, 2400, 45.777, 46.803, 1.026, 12288, 0, 46.803, 48.937, 2.134, 1800, 48.937, 49.96, 1.024, 16384, 0,    11.960,
 39, 371, 39, 39, 39.986, 0.986, 13312, 0, 39.986, 41.857, 1.872, 1399, 41.857, 43.416, 1.558, 13312, 0, 43.416, 46.116, 2.7, 1950, 46.116, 47.573, 1.457, 9216, 0, 47.573, 49.178, 1.606, 1350, 49.178, 50.733, 1.555, 12288, 0,    11.733,
 40, 371, 40, 40, 40.894, 0.894, 13312, 0, 40.894, 43.327, 2.433, 1326, 43.327, 44.249, 0.921, 13312, 0, 44.249, 47.131, 2.882, 1950, 47.131, 48.345, 1.214, 9216, 0, 48.345, 50.54, 2.195, 1350, 50.54, 51.505, 0.965, 12288, 0,    11.505,
 41, 371, 41, 41, 41.894, 0.894, 13312, 0, 41.894, 43.757, 1.863, 1393, 43.757, 45.08, 1.323, 13312, 0, 45.08, 48.38, 3.299, 1950, 48.38, 49.154, 0.774, 9216, 0, 49.154, 50.779, 1.625, 1350, 50.779, 52.277, 1.498, 12288, 0,    11.277,
 42, 371, 42, 42, 43.105, 1.105, 16384, 0, 43.105, 45.497, 2.392, 1626, 45.497, 46.52, 1.024, 16384, 0, 46.52, 49.718, 3.198, 2400, 49.718, 50.745, 1.027, 12288, 0, 50.745, 52.885, 2.14, 1800, 52.885, 53.916, 1.031, 16384, 0,    11.916,
 43, 371, 43, 43, 44.272, 1.272, 17408, 0, 44.272, 46.581, 2.309, 1728, 46.581, 47.677, 1.096, 17408, 0, 47.677, 51.072, 3.395, 2550, 51.072, 52.102, 1.03, 12288, 0, 52.102, 54.237, 2.135, 1800, 54.237, 55.261, 1.024, 16384, 0,    12.261,
 44, 371, 44, 44, 45.366, 1.366, 16384, 0, 45.366, 47.641, 2.275, 1602, 47.641, 48.701, 1.06, 16384, 0, 48.701, 51.905, 3.204, 2400, 51.905, 53.126, 1.221, 12288, 0, 53.126, 55.259, 2.133, 1800, 55.259, 56.288, 1.028, 16384, 0,    12.288,
 45, 371, 45, 45, 46.331, 1.331, 14336, 0, 46.331, 48.468, 2.136, 1416, 48.468, 49.601, 1.134, 14336, 0, 49.601, 52.521, 2.919, 2100, 52.521, 53.984, 1.463, 10240, 0, 53.984, 56.024, 2.04, 1500, 56.024, 57.125, 1.102, 13312, 0,    12.125,
 46, 371, 46, 46, 47.287, 1.287, 14336, 0, 47.287, 49.582, 2.295, 1455, 49.582, 50.498, 0.916, 14336, 0, 50.498, 53.877, 3.379, 2100, 53.877, 54.838, 0.961, 10240, 0, 54.838, 57.046, 2.208, 1500, 57.046, 57.965, 0.919, 13312, 0,    11.965,
 47, 371, 47, 47, 48.179, 1.179, 13312, 0, 48.179, 50.317, 2.138, 1384, 50.317, 51.33, 1.013, 13312, 0, 51.33, 54.508, 3.179, 1950, 54.508, 55.606, 1.098, 9216, 0, 55.606, 57.628, 2.022, 1350, 57.628, 58.733, 1.105, 12288, 0,    11.733,
 48, 371, 48, 48, 49.272, 1.272, 16384, 0, 49.272, 51.716, 2.443, 1600, 51.716, 52.749, 1.033, 16384, 0, 52.749, 55.954, 3.205, 2400, 55.954, 56.98, 1.026, 12288, 0, 56.98, 59.185, 2.205, 1800, 59.185, 60.214, 1.029, 16384, 0,    12.214,
 49, 371, 49, 49, 50.101, 1.101, 12288, 0, 50.101, 51.977, 1.875, 1241, 51.977, 53.517, 1.54, 12288, 0, 53.517, 56.279, 2.762, 1800, 56.279, 57.752, 1.473, 9216, 0, 57.752, 59.353, 1.601, 1350, 59.353, 60.986, 1.633, 12288, 0,    11.986,
 50, 371, 50, 50, 50.92, 0.92, 12288, 0, 50.92, 53.37, 2.449, 1236, 53.37, 54.291, 0.922, 12288, 0, 54.291, 56.907, 2.616, 1800, 56.907, 58.52, 1.613, 9216, 0, 58.52, 60.792, 2.272, 1350, 60.792, 61.754, 0.962, 12288, 0,    11.754,
 52, 371, 52, 52, 52.825, 0.825, 12288, 0, 52.825, 55.054, 2.229, 1260, 55.054, 55.955, 0.901, 12288, 0, 55.955, 58.678, 2.724, 1800, 58.678, 59.449, 0.77, 9216, 0, 59.449, 61.056, 1.607, 1350, 61.056, 62.525, 1.469, 12288, 0,    10.525,
 51, 371, 51, 51, 51.967, 0.967, 14336, 0, 51.967, 53.972, 2.005, 1496, 53.972, 55.187, 1.215, 14336, 0, 55.187, 58.756, 3.569, 2100, 58.756, 60.304, 1.548, 10240, 0, 60.304, 62.573, 2.269, 1500, 62.573, 63.412, 0.84, 13312, 0,    12.412,
 53, 371, 53, 53, 54.167, 1.167, 17408, 0, 54.167, 56.472, 2.305, 1729, 56.472, 57.559, 1.088, 17408, 0, 57.559, 60.964, 3.404, 2550, 60.964, 61.99, 1.026, 12288, 0, 61.99, 64.13, 2.14, 1800, 64.13, 65.154, 1.025, 16384, 0,    12.154,
 54, 371, 54, 54, 55.126, 1.126, 14336, 0, 55.126, 57.046, 1.92, 1445, 57.046, 58.461, 1.415, 14336, 0, 58.461, 61.48, 3.019, 2100, 61.48, 62.849, 1.37, 10240, 0, 62.849, 64.633, 1.784, 1500, 64.633, 65.986, 1.353, 13312, 0,    11.986,
 55, 371, 55, 55, 56.286, 1.286, 17408, 0, 56.286, 58.746, 2.459, 1704, 58.746, 59.837, 1.091, 17408, 0, 59.837, 63.226, 3.39, 2550, 63.226, 64.256, 1.029, 12288, 0, 64.256, 66.39, 2.135, 1800, 66.39, 67.417, 1.026, 16384, 0,    12.417,
 56, 371, 56, 56, 57.108, 1.108, 12288, 0, 57.108, 58.756, 1.647, 1233, 58.756, 60.605, 1.85, 12288, 0, 60.605, 63.363, 2.757, 1800, 63.363, 65.031, 1.668, 9216, 0, 65.031, 66.622, 1.592, 1350, 66.622, 68.185, 1.562, 12288, 0,    12.185,
 57, 371, 57, 57, 57.996, 0.996, 13312, 0, 57.996, 60.594, 2.598, 1386, 60.594, 61.44, 0.846, 13312, 0, 61.44, 64.08, 2.64, 1950, 64.08, 65.801, 1.722, 9216, 0, 65.801, 68, 2.198, 1350, 68, 68.958, 0.958, 12288, 0,    11.958,
 58, 371, 58, 58, 58.893, 0.893, 13312, 0, 58.893, 60.747, 1.854, 1391, 60.747, 62.278, 1.53, 13312, 0, 62.278, 65.831, 3.554, 1950, 65.831, 66.611, 0.779, 9216, 0, 66.611, 68.223, 1.612, 1350, 68.223, 69.732, 1.509, 12288, 0,    11.732,
 59, 371, 59, 59, 59.894, 0.894, 13312, 0, 59.894, 62.409, 2.515, 1355, 62.409, 63.241, 0.832, 13312, 0, 63.241, 65.961, 2.72, 1950, 65.961, 67.379, 1.417, 9216, 0, 67.379, 69.603, 2.225, 1350, 69.603, 70.5, 0.897, 12288, 0,    11.500,
 60, 371, 60, 60, 60.895, 0.895, 13312, 0, 60.895, 62.664, 1.77, 1327, 62.664, 64.076, 1.412, 13312, 0, 64.076, 66.682, 2.606, 1950, 66.682, 68.149, 1.467, 9216, 0, 68.149, 69.832, 1.683, 1350, 69.832, 71.269, 1.436, 12288, 0,    11.269,
 61, 371, 61, 61, 62.04, 1.04, 15360, 0, 62.04, 64.423, 2.383, 1501, 64.423, 65.383, 0.96, 15360, 0, 65.383, 68.831, 3.449, 2250, 68.831, 69.772, 0.941, 11264, 0, 69.772, 71.736, 1.964, 1650, 71.736, 72.637, 0.901, 14336, 0,    11.637,
 63, 371, 63, 63, 63.961, 0.961, 12288, 0, 63.961, 66.078, 2.117, 1237, 66.078, 67.177, 1.099, 12288, 0, 67.177, 69.571, 2.394, 1800, 69.571, 70.543, 0.972, 9216, 0, 70.543, 72.142, 1.599, 1350, 72.142, 73.405, 1.263, 12288, 0,    10.405,
 62, 371, 62, 62, 63.142, 1.142, 16384, 0, 63.142, 65.378, 2.236, 1671, 65.378, 66.409, 1.031, 16384, 0, 66.409, 69.603, 3.194, 2400, 69.603, 71.568, 1.964, 12288, 0, 71.568, 73.88, 2.312, 1800, 73.88, 74.911, 1.031, 16384, 0,    12.911,
 65, 371, 65, 65, 65.927, 0.927, 12288, 0, 65.927, 67.783, 1.856, 1279, 67.783, 69.429, 1.646, 12288, 0, 69.429, 71.973, 2.544, 1800, 71.973, 72.752, 0.779, 9216, 0, 72.752, 74.357, 1.605, 1350, 74.357, 75.679, 1.322, 12288, 0,    10.679,
 64, 371, 64, 64, 65.107, 1.107, 16384, 0, 65.107, 67.637, 2.53, 1694, 67.637, 68.661, 1.024, 16384, 0, 68.661, 72.035, 3.373, 2400, 72.035, 73.783, 1.749, 12288, 0, 73.783, 76.025, 2.242, 1800, 76.025, 77.056, 1.031, 16384, 0,    13.056,
 66, 371, 66, 66, 66.835, 0.835, 12288, 0, 66.835, 69.289, 2.455, 1237, 69.289, 70.197, 0.908, 12288, 0, 70.197, 72.598, 2.401, 1800, 72.598, 74.557, 1.959, 9216, 0, 74.557, 76.173, 1.615, 1350, 76.173, 77.828, 1.655, 12288, 0,    11.828,
 67, 371, 67, 67, 67.832, 0.832, 12288, 0, 67.832, 69.5, 1.668, 1249, 69.5, 70.965, 1.465, 12288, 0, 70.965, 74.374, 3.409, 1800, 74.374, 75.326, 0.952, 9216, 0, 75.326, 77.63, 2.304, 1350, 77.63, 78.6, 0.97, 12288, 0,    11.600,
 68, 371, 68, 68, 68.828, 0.828, 12288, 0, 68.828, 70.948, 2.12, 1239, 70.948, 71.736, 0.788, 12288, 0, 71.736, 74.437, 2.702, 1800, 74.437, 76.097, 1.66, 9216, 0, 76.097, 77.779, 1.683, 1350, 77.779, 79.368, 1.589, 12288, 0,    11.368,
 69, 371, 69, 69, 70.03, 1.03, 15360, 0, 70.03, 72.149, 2.119, 1595, 72.149, 73.119, 0.97, 15360, 0, 73.119, 76.122, 3.003, 2250, 76.122, 77.068, 0.946, 11264, 0, 77.068, 79.586, 2.519, 1650, 79.586, 80.486, 0.9, 14336, 0,    11.486,
 70, 371, 70, 70, 71.199, 1.199, 17408, 0, 71.199, 73.552, 2.352, 1762, 73.552, 74.649, 1.097, 17408, 0, 74.649, 78.055, 3.407, 2550, 78.055, 79.082, 1.026, 12288, 0, 79.082, 81.218, 2.137, 1800, 81.218, 82.242, 1.024, 16384, 0,    12.242,
 71, 371, 71, 71, 72.095, 1.095, 13312, 0, 72.095, 73.95, 1.855, 1347, 73.95, 75.481, 1.531, 13312, 0, 75.481, 78.075, 2.595, 1950, 78.075, 79.85, 1.775, 9216, 0, 79.85, 81.445, 1.595, 1350, 81.445, 83.011, 1.566, 12288, 0,    12.011,
 72, 371, 72, 72, 73.05, 1.05, 14336, 0, 73.05, 75.542, 2.492, 1479, 75.542, 76.447, 0.905, 14336, 0, 76.447, 79.241, 2.793, 2100, 79.241, 80.708, 1.467, 10240, 0, 80.708, 82.999, 2.291, 1500, 82.999, 83.843, 0.845, 13312, 0,    11.843,
 73, 371, 73, 73, 74.143, 1.143, 16384, 0, 74.143, 76.329, 2.186, 1632, 76.329, 77.48, 1.151, 16384, 0, 77.48, 81.261, 3.782, 2400, 81.261, 82.296, 1.034, 12288, 0, 82.296, 84.435, 2.139, 1800, 84.435, 85.459, 1.024, 16384, 0,    12.459,
 74, 371, 74, 74, 75.168, 1.168, 15360, 0, 75.168, 77.66, 2.492, 1583, 77.66, 78.62, 0.96, 15360, 0, 78.62, 81.625, 3.005, 2250, 81.625, 83.239, 1.614, 11264, 0, 83.239, 85.196, 1.957, 1650, 85.196, 86.355, 1.159, 14336, 0,    12.355,
 75, 371, 75, 75, 76.329, 1.329, 17408, 0, 76.329, 78.646, 2.317, 1737, 78.646, 79.744, 1.098, 17408, 0, 79.744, 83.14, 3.396, 2550, 83.14, 84.268, 1.128, 12288, 0, 84.268, 86.574, 2.306, 1800, 86.574, 87.607, 1.033, 16384, 0,    12.607,
 76, 371, 76, 76, 77.36, 1.36, 15360, 0, 77.36, 79.79, 2.43, 1598, 79.79, 80.75, 0.96, 15360, 0, 80.75, 84.267, 3.516, 2250, 84.267, 85.214, 0.947, 11264, 0, 85.214, 87.172, 1.957, 1650, 87.172, 88.503, 1.331, 14336, 0,    12.503,
 77, 371, 77, 77, 78.521, 1.521, 17408, 0, 78.521, 80.953, 2.432, 1731, 80.953, 82.046, 1.093, 17408, 0, 82.046, 85.444, 3.398, 2550, 85.444, 86.474, 1.03, 12288, 0, 86.474, 88.708, 2.234, 1800, 88.708, 89.738, 1.03, 16384, 0,    12.738,
 78, 371, 78, 78, 79.681, 1.681, 17408, 0, 79.681, 82.094, 2.413, 1727, 82.094, 83.182, 1.088, 17408, 0, 83.182, 86.573, 3.392, 2550, 86.573, 87.609, 1.036, 12288, 0, 87.609, 89.739, 2.13, 1800, 89.739, 90.763, 1.024, 16384, 0,    12.763,
 79, 371, 79, 79, 80.572, 1.572, 13312, 0, 80.572, 82.805, 2.234, 1390, 82.805, 84.017, 1.211, 13312, 0, 84.017, 86.866, 2.849, 1950, 86.866, 88.384, 1.518, 9216, 0, 88.384, 90.311, 1.928, 1350, 90.311, 91.537, 1.226, 12288, 0,    12.537,
 80, 371, 80, 80, 81.664, 1.664, 16384, 0, 81.664, 84.237, 2.573, 1601, 84.237, 85.266, 1.029, 16384, 0, 85.266, 88.651, 3.385, 2400, 88.651, 89.68, 1.028, 12288, 0, 89.68, 91.873, 2.193, 1800, 91.873, 92.897, 1.024, 16384, 0,    12.897,
 81, 371, 81, 81, 82.83, 1.83, 17408, 0, 82.83, 85.145, 2.316, 1740, 85.145, 86.355, 1.21, 17408, 0, 86.355, 89.973, 3.618, 2550, 89.973, 91.001, 1.028, 12288, 0, 91.001, 93.14, 2.14, 1800, 93.14, 94.166, 1.026, 16384, 0,    13.166,
 82, 371, 82, 82, 83.998, 1.998, 17408, 0, 83.998, 86.626, 2.629, 1792, 86.626, 87.724, 1.097, 17408, 0, 87.724, 91.122, 3.399, 2550, 91.122, 92.154, 1.031, 12288, 0, 92.154, 94.287, 2.133, 1800, 94.287, 95.316, 1.029, 16384, 0,    13.316,
 83, 371, 83, 83, 85.166, 2.166, 17408, 0, 85.166, 87.456, 2.291, 1713, 87.456, 88.811, 1.355, 17408, 0, 88.811, 92.218, 3.407, 2550, 92.218, 93.251, 1.033, 12288, 0, 93.251, 95.389, 2.137, 1800, 95.389, 96.422, 1.034, 16384, 0,    13.422,
 84, 371, 84, 84, 86.326, 2.326, 17408, 0, 86.326, 88.927, 2.601, 1714, 88.927, 90.023, 1.096, 17408, 0, 90.023, 93.43, 3.407, 2550, 93.43, 94.457, 1.026, 12288, 0, 94.457, 96.585, 2.129, 1800, 96.585, 97.613, 1.028, 16384, 0,    13.613,
 85, 371, 85, 85, 87.224, 2.224, 13312, 0, 87.224, 89.318, 2.094, 1392, 89.318, 90.855, 1.538, 13312, 0, 90.855, 93.728, 2.873, 1950, 93.728, 95.225, 1.497, 9216, 0, 95.225, 96.995, 1.77, 1350, 96.995, 98.381, 1.386, 12288, 0,    13.381,
 86, 371, 86, 86, 88.118, 2.118, 13312, 0, 88.118, 90.768, 2.65, 1370, 90.768, 91.691, 0.923, 13312, 0, 91.691, 94.823, 3.132, 1950, 94.823, 95.993, 1.17, 9216, 0, 95.993, 98.188, 2.195, 1350, 98.188, 99.149, 0.96, 12288, 0,    13.149,
 87, 371, 87, 87, 89.006, 2.006, 13312, 0, 89.006, 91.141, 2.135, 1361, 91.141, 92.524, 1.383, 13312, 0, 92.524, 96.031, 3.506, 1950, 96.031, 96.803, 0.772, 9216, 0, 96.803, 98.606, 1.803, 1350, 98.606, 99.923, 1.317, 12288, 0,    12.923,
 88, 371, 88, 88, 89.825, 1.825, 12288, 0, 89.825, 92.462, 2.637, 1267, 92.462, 93.299, 0.837, 12288, 0, 93.299, 96.131, 2.832, 1800, 96.131, 97.575, 1.444, 9216, 0, 97.575, 99.789, 2.215, 1350, 99.789, 100.699, 0.909, 12288, 0,    12.699,
 89, 371, 89, 89, 90.918, 1.918, 16384, 0, 90.918, 93.349, 2.432, 1657, 93.349, 94.382, 1.033, 16384, 0, 94.382, 98.028, 3.646, 2400, 98.028, 99.054, 1.026, 12288, 0, 99.054, 101.186, 2.132, 1800, 101.186, 102.21, 1.024, 16384, 0,    13.210,
 90, 371, 90, 90, 91.948, 1.948, 15360, 0, 91.948, 94.505, 2.557, 1531, 94.505, 95.466, 0.962, 15360, 0, 95.466, 99.038, 3.572, 2250, 99.038, 99.995, 0.957, 11264, 0, 99.995, 101.952, 1.956, 1650, 101.952, 103.106, 1.154, 14336, 0,    13.106,
 91, 371, 91, 91, 92.978, 1.978, 15360, 0, 92.978, 95.398, 2.42, 1536, 95.398, 96.432, 1.034, 15360, 0, 96.432, 99.44, 3.008, 2250, 99.44, 100.936, 1.495, 11264, 0, 100.936, 103.151, 2.215, 1650, 103.151, 104.05, 0.899, 14336, 0,    13.050,
 92, 371, 92, 92, 93.94, 1.94, 14336, 0, 93.94, 96.481, 2.541, 1483, 96.481, 97.379, 0.898, 14336, 0, 97.379, 100.831, 3.451, 2100, 100.831, 101.79, 0.96, 10240, 0, 101.79, 103.732, 1.942, 1500, 103.732, 104.883, 1.151, 13312, 0,    12.883,
 93, 371, 93, 93, 94.827, 1.827, 13312, 0, 94.827, 97.263, 2.436, 1399, 97.263, 98.218, 0.956, 13312, 0, 98.218, 101.64, 3.422, 1950, 101.64, 102.564, 0.924, 9216, 0, 102.564, 104.754, 2.189, 1350, 104.754, 105.657, 0.904, 12288, 0,    12.657,
 94, 371, 94, 94, 95.715, 1.715, 13312, 0, 95.715, 98.268, 2.554, 1338, 98.268, 99.11, 0.842, 13312, 0, 99.11, 102.039, 2.929, 1950, 102.039, 103.338, 1.299, 9216, 0, 103.338, 105.338, 2, 1350, 105.338, 106.425, 1.087, 12288, 0,    12.425,
 95, 371, 95, 95, 96.739, 1.739, 15360, 0, 96.739, 99.305, 2.567, 1532, 99.305, 100.266, 0.961, 15360, 0, 100.266, 103.829, 3.563, 2250, 103.829, 104.77, 0.941, 11264, 0, 104.77, 106.728, 1.958, 1650, 106.728, 107.628, 0.9, 14336, 0,    12.628,
 96, 371, 96, 96, 97.558, 1.558, 12288, 0, 97.558, 99.923, 2.366, 1241, 99.923, 101.037, 1.113, 12288, 0, 101.037, 104.04, 3.003, 1800, 104.04, 105.539, 1.499, 9216, 0, 105.539, 107.148, 1.609, 1350, 107.148, 108.398, 1.25, 12288, 0,    12.398,
 97, 371, 97, 97, 98.725, 1.725, 17408, 0, 98.725, 101.6, 2.876, 1721, 101.6, 102.694, 1.094, 17408, 0, 102.694, 106.095, 3.401, 2550, 106.095, 107.128, 1.033, 12288, 0, 107.128, 109.266, 2.138, 1800, 109.266, 110.291, 1.024, 16384, 0,    13.291,
 98, 371, 98, 98, 99.823, 1.823, 16384, 0, 99.823, 102.1, 2.276, 1633, 102.1, 103.718, 1.618, 16384, 0, 103.718, 107.032, 3.315, 2400, 107.032, 108.155, 1.123, 12288, 0, 108.155, 110.29, 2.135, 1800, 110.29, 111.315, 1.024, 16384, 0,    13.315,
 99, 371, 99, 99, 100.711, 1.711, 13312, 0, 100.711, 103.348, 2.637, 1309, 103.348, 104.55, 1.202, 13312, 0, 104.55, 107.147, 2.598, 1950, 107.147, 108.926, 1.778, 9216, 0, 108.926, 110.868, 1.942, 1350, 110.868, 112.084, 1.216, 12288, 0,    13.084,
 100, 371, 100, 100, 101.598, 1.598, 13312, 0, 101.598, 103.869, 2.271, 1328, 103.869, 105.383, 1.514, 13312, 0, 105.383, 108.701, 3.318, 1950, 108.701, 109.701, 1, 9216, 0, 109.701, 111.895, 2.194, 1350, 111.895, 112.852, 0.957, 12288, 0,    12.852,
 101, 371, 101, 101, 102.69, 1.69, 16384, 0, 102.69, 105.516, 2.825, 1615, 105.516, 106.545, 1.029, 16384, 0, 106.545, 110.236, 3.691, 2400, 110.236, 111.27, 1.034, 12288, 0, 111.27, 113.41, 2.14, 1800, 113.41, 114.439, 1.029, 16384, 0,    13.439,
 102, 371, 102, 102, 103.789, 1.789, 16384, 0, 103.789, 106.024, 2.234, 1610, 106.024, 107.568, 1.545, 16384, 0, 107.568, 110.78, 3.212, 2400, 110.78, 112.295, 1.515, 12288, 0, 112.295, 114.433, 2.138, 1800, 114.433, 115.469, 1.035, 16384, 0,    13.469,
 103, 371, 103, 103, 104.821, 1.821, 15360, 0, 104.821, 107.578, 2.757, 1543, 107.578, 108.543, 0.964, 15360, 0, 108.543, 111.716, 3.174, 2250, 111.716, 113.234, 1.518, 11264, 0, 113.234, 115.375, 2.14, 1650, 115.375, 116.367, 0.993, 14336, 0,    13.367,
 104, 371, 104, 104, 105.845, 1.845, 15360, 0, 105.845, 108.025, 2.18, 1501, 108.025, 109.502, 1.478, 15360, 0, 109.502, 113.242, 3.74, 2250, 113.242, 114.19, 0.948, 11264, 0, 114.19, 116.39, 2.2, 1650, 116.39, 117.288, 0.898, 14336, 0,    13.288,
 105, 371, 105, 105, 106.938, 1.938, 16384, 0, 106.938, 109.731, 2.793, 1611, 109.731, 110.755, 1.024, 16384, 0, 110.755, 113.982, 3.226, 2400, 113.982, 115.219, 1.238, 12288, 0, 115.219, 117.514, 2.294, 1800, 117.514, 118.54, 1.026, 16384, 0,    13.540,
 106, 371, 106, 106, 107.962, 1.962, 15360, 0, 107.962, 110.093, 2.131, 1550, 110.093, 111.716, 1.623, 15360, 0, 111.716, 114.716, 3, 2250, 114.716, 116.158, 1.442, 11264, 0, 116.158, 118.349, 2.191, 1650, 118.349, 119.436, 1.087, 14336, 0,    13.436,
 107, 371, 107, 107, 109.054, 2.054, 16384, 0, 109.054, 111.94, 2.885, 1655, 111.94, 112.963, 1.024, 16384, 0, 112.963, 116.45, 3.486, 2400, 116.45, 117.476, 1.026, 12288, 0, 117.476, 119.665, 2.189, 1800, 119.665, 120.697, 1.032, 16384, 0,    13.697,
 108, 371, 108, 108, 110.012, 2.012, 14336, 0, 110.012, 112.05, 2.038, 1467, 112.05, 113.862, 1.812, 14336, 0, 113.862, 116.787, 2.925, 2100, 116.787, 118.329, 1.542, 10240, 0, 118.329, 120.131, 1.802, 1500, 120.131, 121.529, 1.398, 13312, 0,    13.529,
 110, 371, 110, 110, 112.134, 2.134, 14336, 0, 112.134, 114.052, 1.917, 1437, 114.052, 114.951, 0.899, 14336, 0, 114.951, 117.751, 2.8, 2100, 117.751, 119.182, 1.432, 10240, 0, 119.182, 121.445, 2.263, 1500, 121.445, 122.361, 0.916, 13312, 0,    12.361,
 112, 371, 112, 112, 113.918, 1.918, 12288, 0, 113.918, 115.964, 2.046, 1284, 115.964, 116.817, 0.853, 12288, 0, 116.817, 119.222, 2.406, 1800, 119.222, 120, 0.778, 9216, 0, 120, 121.731, 1.731, 1350, 121.731, 123.129, 1.398, 12288, 0,    11.129,
 109, 371, 109, 109, 111.175, 2.175, 17408, 0, 111.175, 114.242, 3.067, 1728, 114.242, 116.04, 1.798, 17408, 0, 116.04, 119.852, 3.812, 2550, 119.852, 121.033, 1.181, 12288, 0, 121.033, 123.579, 2.546, 1800, 123.579, 124.605, 1.026, 16384, 0,    15.605,
 111, 371, 111, 111, 113.098, 2.098, 14336, 0, 113.098, 116.014, 2.916, 1469, 116.014, 117.713, 1.699, 14336, 0, 117.713, 120.551, 2.838, 2100, 120.551, 121.887, 1.336, 10240, 0, 121.887, 123.658, 1.772, 1500, 123.658, 125.441, 1.783, 13312, 0,    14.441,
 113, 371, 113, 113, 114.805, 1.805, 13312, 0, 114.805, 117.761, 2.956, 1348, 117.761, 118.593, 0.832, 13312, 0, 118.593, 121.825, 3.232, 1950, 121.825, 122.657, 0.832, 9216, 0, 122.657, 125.184, 2.527, 1350, 125.184, 126.213, 1.029, 12288, 0,    13.213,
 114, 371, 114, 114, 115.903, 1.903, 16384, 0, 115.903, 118.253, 2.349, 1677, 118.253, 119.617, 1.364, 16384, 0, 119.617, 123.055, 3.438, 2400, 123.055, 124.085, 1.03, 12288, 0, 124.085, 126.223, 2.138, 1800, 126.223, 127.254, 1.03, 16384, 0,    13.254,
 115, 371, 115, 115, 117.065, 2.065, 17408, 0, 117.065, 120.108, 3.043, 1759, 120.108, 121.206, 1.098, 17408, 0, 121.206, 124.597, 3.391, 2550, 124.597, 125.627, 1.03, 12288, 0, 125.627, 127.759, 2.132, 1800, 127.759, 128.787, 1.028, 16384, 0,    13.787,
 116, 371, 116, 116, 118.029, 2.029, 14336, 0, 118.029, 120.156, 2.127, 1425, 120.156, 122.102, 1.946, 14336, 0, 122.102, 124.914, 2.812, 2100, 124.914, 126.485, 1.571, 10240, 0, 126.485, 128.273, 1.787, 1500, 128.273, 129.624, 1.351, 13312, 0,    13.624,
 117, 371, 117, 117, 118.985, 1.985, 14336, 0, 118.985, 122.04, 3.055, 1443, 122.04, 123, 0.96, 14336, 0, 123, 125.857, 2.857, 2100, 125.857, 127.338, 1.481, 10240, 0, 127.338, 129.542, 2.203, 1500, 129.542, 130.456, 0.914, 13312, 0,    13.456,
 118, 371, 118, 118, 120.078, 2.078, 16384, 0, 120.078, 122.424, 2.347, 1698, 122.424, 124.027, 1.602, 16384, 0, 124.027, 127.799, 3.772, 2400, 127.799, 128.825, 1.026, 12288, 0, 128.825, 130.954, 2.129, 1800, 130.954, 131.978, 1.024, 16384, 0,    13.978,
 119, 371, 119, 119, 121.241, 2.241, 17408, 0, 121.241, 124.394, 3.153, 1766, 124.394, 125.483, 1.089, 17408, 0, 125.483, 128.884, 3.401, 2550, 128.884, 129.91, 1.026, 12288, 0, 129.91, 132.048, 2.137, 1800, 132.048, 133.079, 1.031, 16384, 0,    14.079,
 120, 371, 120, 120, 122.405, 2.405, 17408, 0, 122.405, 124.699, 2.295, 1702, 124.699, 126.571, 1.871, 17408, 0, 126.571, 129.974, 3.403, 2550, 129.974, 131, 1.026, 12288, 0, 131, 133.128, 2.128, 1800, 133.128, 134.152, 1.024, 16384, 0,    14.152,
 121, 371, 121, 121, 123.36, 2.36, 14336, 0, 123.36, 126.385, 3.024, 1487, 126.385, 127.467, 1.082, 14336, 0, 127.467, 130.607, 3.14, 2100, 130.607, 131.855, 1.248, 10240, 0, 131.855, 133.835, 1.98, 1500, 133.835, 134.989, 1.154, 13312, 0,    13.989,
 122, 371, 122, 122, 124.257, 2.257, 13312, 0, 124.257, 126.555, 2.298, 1383, 126.555, 128.299, 1.744, 13312, 0, 128.299, 131.485, 3.186, 1950, 131.485, 132.623, 1.138, 9216, 0, 132.623, 134.729, 2.106, 1350, 134.729, 135.762, 1.034, 12288, 0,    13.762,
 123, 371, 123, 123, 125.219, 2.219, 14336, 0, 125.219, 128.368, 3.149, 1481, 128.368, 129.27, 0.902, 14336, 0, 129.27, 132.781, 3.511, 2100, 132.781, 133.644, 0.863, 10240, 0, 133.644, 135.616, 1.972, 1500, 135.616, 136.596, 0.98, 13312, 0,    13.596,
 124, 371, 124, 124, 126.113, 2.113, 13312, 0, 126.113, 128.368, 2.255, 1355, 128.368, 130.101, 1.733, 13312, 0, 130.101, 133.209, 3.108, 1950, 133.209, 134.415, 1.206, 9216, 0, 134.415, 136.329, 1.914, 1350, 136.329, 137.364, 1.035, 12288, 0,    13.364,
 125, 371, 125, 125, 126.938, 1.938, 12288, 0, 126.938, 129.982, 3.044, 1210, 129.982, 130.869, 0.887, 12288, 0, 130.869, 133.894, 3.024, 1800, 133.894, 135.183, 1.29, 9216, 0, 135.183, 137.222, 2.039, 1350, 137.222, 138.135, 0.913, 12288, 0,    13.135,
 126, 371, 126, 126, 127.972, 1.972, 15360, 0, 127.972, 130.443, 2.472, 1557, 130.443, 131.835, 1.391, 15360, 0, 131.835, 135.782, 3.948, 2250, 135.782, 136.724, 0.942, 11264, 0, 136.724, 138.68, 1.956, 1650, 138.68, 139.576, 0.896, 14336, 0,    13.576,
 127, 371, 127, 127, 128.996, 1.996, 15360, 0, 128.996, 131.998, 3.002, 1508, 131.998, 132.964, 0.967, 15360, 0, 132.964, 136.217, 3.252, 2250, 136.217, 137.663, 1.446, 11264, 0, 137.663, 139.621, 1.958, 1650, 139.621, 140.517, 0.896, 14336, 0,    13.517,
 128, 371, 128, 128, 130.088, 2.088, 16384, 0, 130.088, 132.681, 2.592, 1675, 132.681, 133.99, 1.31, 16384, 0, 133.99, 137.188, 3.198, 2400, 137.188, 138.687, 1.498, 12288, 0, 138.687, 140.816, 2.129, 1800, 140.816, 141.84, 1.024, 16384, 0,    13.840,
 129, 371, 129, 129, 131.118, 2.118, 15360, 0, 131.118, 134.112, 2.995, 1586, 134.112, 135.073, 0.96, 15360, 0, 135.073, 138.789, 3.716, 2250, 138.789, 139.73, 0.941, 11264, 0, 139.73, 141.698, 1.969, 1650, 141.698, 142.736, 1.038, 14336, 0,    13.736,
 130, 371, 130, 130, 132.21, 2.21, 16384, 0, 132.21, 134.899, 2.689, 1658, 134.899, 136.097, 1.198, 16384, 0, 136.097, 139.417, 3.32, 2400, 139.417, 140.759, 1.342, 12288, 0, 140.759, 142.966, 2.207, 1800, 142.966, 143.99, 1.024, 16384, 0,    13.990,
 131, 371, 131, 131, 133.029, 2.029, 12288, 0, 133.029, 135.772, 2.743, 1239, 135.772, 136.866, 1.094, 12288, 0, 136.866, 139.591, 2.725, 1800, 139.591, 141.527, 1.936, 9216, 0, 141.527, 143.305, 1.778, 1350, 143.305, 144.758, 1.453, 12288, 0,    13.758,
 132, 371, 132, 132, 133.921, 1.921, 13312, 0, 133.921, 136.648, 2.727, 1307, 136.648, 137.701, 1.053, 13312, 0, 137.701, 141.397, 3.696, 1950, 141.397, 142.302, 0.905, 9216, 0, 142.302, 144.576, 2.274, 1350, 144.576, 145.534, 0.957, 12288, 0,    13.534,
 133, 371, 133, 133, 135.014, 2.014, 16384, 0, 135.014, 137.997, 2.983, 1664, 137.997, 139.021, 1.024, 16384, 0, 139.021, 142.617, 3.596, 2400, 142.617, 143.645, 1.028, 12288, 0, 143.645, 145.788, 2.143, 1800, 145.788, 146.815, 1.026, 16384, 0,    13.815,
 134, 371, 134, 134, 135.97, 1.97, 14336, 0, 135.97, 138.576, 2.606, 1443, 138.576, 139.917, 1.34, 14336, 0, 139.917, 142.717, 2.8, 2100, 142.717, 144.499, 1.782, 10240, 0, 144.499, 146.359, 1.861, 1500, 146.359, 147.649, 1.289, 13312, 0,    13.649,
 135, 371, 135, 135, 136.926, 1.926, 14336, 0, 136.926, 139.867, 2.94, 1400, 139.867, 140.813, 0.946, 14336, 0, 140.813, 144.196, 3.383, 2100, 144.196, 145.352, 1.156, 10240, 0, 145.352, 147.57, 2.218, 1500, 147.57, 148.485, 0.915, 13312, 0,    13.485,
 137, 371, 137, 137, 139.111, 2.111, 15360, 0, 139.111, 141.938, 2.827, 1552, 141.938, 142.945, 1.007, 15360, 0, 142.945, 145.944, 2.999, 2250, 145.944, 146.886, 0.942, 11264, 0, 146.886, 148.845, 1.959, 1650, 148.845, 149.744, 0.898, 14336, 0,    12.744,
 136, 371, 136, 136, 138.087, 2.087, 17408, 0, 138.087, 140.888, 2.801, 1724, 140.888, 141.976, 1.089, 17408, 0, 141.976, 146.025, 4.049, 2550, 146.025, 147.91, 1.885, 12288, 0, 147.91, 150.045, 2.135, 1800, 150.045, 151.076, 1.031, 16384, 0,    15.076,
 138, 371, 138, 138, 140.208, 2.208, 16384, 0, 140.208, 143.15, 2.942, 1697, 143.15, 144.183, 1.033, 16384, 0, 144.183, 147.395, 3.212, 2400, 147.395, 148.936, 1.541, 12288, 0, 148.936, 151.078, 2.142, 1800, 151.078, 152.109, 1.031, 16384, 0,    14.109,
 139, 371, 139, 139, 141.106, 2.106, 13312, 0, 141.106, 143.759, 2.654, 1367, 143.759, 145.022, 1.262, 13312, 0, 145.022, 148.544, 3.522, 1950, 148.544, 149.704, 1.16, 9216, 0, 149.704, 151.647, 1.943, 1350, 151.647, 152.876, 1.229, 12288, 0,    13.876,
 140, 371, 140, 140, 142.272, 2.272, 17408, 0, 142.272, 145.494, 3.222, 1757, 145.494, 146.585, 1.091, 17408, 0, 146.585, 149.985, 3.4, 2550, 149.985, 151.018, 1.033, 12288, 0, 151.018, 153.212, 2.194, 1800, 153.212, 154.239, 1.027, 16384, 0,    14.239,
 141, 371, 141, 141, 143.369, 2.369, 16384, 0, 143.369, 146.025, 2.656, 1696, 146.025, 147.609, 1.584, 16384, 0, 147.609, 150.811, 3.203, 2400, 150.811, 152.041, 1.23, 12288, 0, 152.041, 154.19, 2.149, 1800, 154.19, 155.263, 1.073, 16384, 0,    14.263,
 142, 371, 142, 142, 144.327, 2.327, 14336, 0, 144.327, 147.445, 3.118, 1464, 147.445, 148.505, 1.06, 14336, 0, 148.505, 151.348, 2.843, 2100, 151.348, 152.896, 1.548, 10240, 0, 152.896, 154.991, 2.095, 1500, 154.991, 156.095, 1.104, 13312, 0,    14.095,
 143, 371, 143, 143, 145.427, 2.427, 16384, 0, 145.427, 148.233, 2.806, 1653, 148.233, 149.529, 1.296, 16384, 0, 149.529, 153.184, 3.655, 2400, 153.184, 154.218, 1.034, 12288, 0, 154.218, 156.353, 2.135, 1800, 156.353, 157.377, 1.024, 16384, 0,    14.377,
 144, 371, 144, 144, 146.595, 2.595, 17408, 0, 146.595, 149.761, 3.166, 1736, 149.761, 150.849, 1.089, 17408, 0, 150.849, 154.25, 3.4, 2550, 154.25, 155.28, 1.03, 12288, 0, 155.28, 157.412, 2.133, 1800, 157.412, 158.439, 1.027, 16384, 0,    14.439,
 145, 371, 145, 145, 147.624, 2.624, 15360, 0, 147.624, 150.321, 2.697, 1562, 150.321, 151.816, 1.495, 15360, 0, 151.816, 154.809, 2.993, 2250, 154.809, 156.227, 1.418, 11264, 0, 156.227, 158.31, 2.083, 1650, 158.31, 159.342, 1.032, 14336, 0,    14.342,
 146, 371, 146, 146, 148.58, 2.58, 14336, 0, 148.58, 151.644, 3.064, 1408, 151.644, 152.717, 1.073, 14336, 0, 152.717, 155.984, 3.267, 2100, 155.984, 157.085, 1.101, 10240, 0, 157.085, 159.195, 2.11, 1500, 159.195, 160.18, 0.985, 13312, 0,    14.180,
 147, 371, 147, 147, 149.539, 2.539, 14336, 0, 149.539, 152.25, 2.711, 1438, 152.25, 153.615, 1.365, 14336, 0, 153.615, 157.05, 3.435, 2100, 157.05, 157.939, 0.889, 10240, 0, 157.939, 160.096, 2.158, 1500, 160.096, 161.022, 0.925, 13312, 0,    14.022,
 148, 371, 148, 148, 150.631, 2.631, 16384, 0, 150.631, 153.793, 3.162, 1611, 153.793, 154.827, 1.034, 16384, 0, 154.827, 158.031, 3.204, 2400, 158.031, 159.059, 1.028, 12288, 0, 159.059, 161.335, 2.276, 1800, 161.335, 162.359, 1.024, 16384, 0,    14.359,
 149, 371, 149, 149, 151.587, 2.587, 14336, 0, 151.587, 154.19, 2.603, 1446, 154.19, 155.723, 1.533, 14336, 0, 155.723, 158.784, 3.061, 2100, 158.784, 159.912, 1.128, 10240, 0, 159.912, 161.879, 1.967, 1500, 161.879, 163.193, 1.314, 13312, 0,    14.193,
 150, 371, 150, 150, 152.611, 2.611, 15360, 0, 152.611, 155.819, 3.208, 1517, 155.819, 156.787, 0.968, 15360, 0, 156.787, 160.056, 3.269, 2250, 160.056, 160.997, 0.941, 11264, 0, 160.997, 163.298, 2.302, 1650, 163.298, 164.2, 0.901, 14336, 0,    14.200,
 151, 371, 151, 151, 153.432, 2.432, 12288, 0, 153.432, 155.857, 2.425, 1251, 155.857, 157.556, 1.699, 12288, 0, 157.556, 160.434, 2.878, 1800, 160.434, 161.769, 1.335, 9216, 0, 161.769, 163.488, 1.719, 1350, 163.488, 164.975, 1.487, 12288, 0,    13.975,
 153, 371, 153, 153, 155.279, 2.279, 12288, 0, 155.279, 157.494, 2.216, 1224, 157.494, 158.328, 0.834, 12288, 0, 158.328, 161.184, 2.856, 1800, 161.184, 162.539, 1.355, 9216, 0, 162.539, 164.899, 2.36, 1350, 164.899, 165.743, 0.844, 12288, 0,    12.743,
 152, 371, 152, 152, 154.456, 2.456, 15360, 0, 154.456, 157.947, 3.49, 1593, 157.947, 159.289, 1.342, 15360, 0, 159.289, 163.056, 3.767, 2250, 163.056, 163.997, 0.941, 11264, 0, 163.997, 165.954, 1.957, 1650, 165.954, 166.854, 0.9, 14336, 0,    14.854,
 154, 371, 154, 154, 156.303, 2.303, 15360, 0, 156.303, 159.525, 3.222, 1523, 159.525, 160.486, 0.962, 15360, 0, 160.486, 163.476, 2.99, 2250, 163.476, 164.935, 1.459, 11264, 0, 164.935, 166.882, 1.947, 1650, 166.882, 167.784, 0.902, 14336, 0,    13.784,
 155, 371, 155, 155, 157.463, 2.463, 17408, 0, 157.463, 160.217, 2.754, 1700, 160.217, 161.574, 1.358, 17408, 0, 161.574, 164.975, 3.4, 2550, 164.975, 166.002, 1.027, 12288, 0, 166.002, 168.14, 2.138, 1800, 168.14, 169.17, 1.03, 16384, 0,    14.170,
 156, 371, 156, 156, 158.487, 2.487, 15360, 0, 158.487, 161.623, 3.135, 1568, 161.623, 162.582, 0.96, 15360, 0, 162.582, 166.056, 3.473, 2250, 166.056, 167.002, 0.946, 11264, 0, 167.002, 168.961, 1.959, 1650, 168.961, 170.075, 1.114, 14336, 0,    14.075,
 157, 371, 157, 157, 159.446, 2.446, 14336, 0, 159.446, 162.132, 2.686, 1437, 162.132, 163.478, 1.346, 14336, 0, 163.478, 166.286, 2.808, 2100, 166.286, 167.856, 1.569, 10240, 0, 167.856, 169.919, 2.064, 1500, 169.919, 170.908, 0.989, 13312, 0,    13.908,
 158, 371, 158, 158, 160.266, 2.266, 12288, 0, 160.266, 163.255, 2.989, 1225, 163.255, 164.247, 0.992, 12288, 0, 164.247, 167.38, 3.133, 1800, 167.38, 168.628, 1.248, 9216, 0, 168.628, 170.567, 1.938, 1350, 170.567, 171.677, 1.11, 12288, 0,    13.677,
 159, 371, 159, 159, 161.154, 2.154, 13312, 0, 161.154, 163.885, 2.731, 1303, 163.885, 165.088, 1.203, 13312, 0, 165.088, 168.654, 3.567, 1950, 168.654, 169.427, 0.772, 9216, 0, 169.427, 171.529, 2.102, 1350, 171.529, 172.446, 0.918, 12288, 0,    13.446,
 160, 371, 160, 160, 162.11, 2.11, 14336, 0, 162.11, 165.168, 3.058, 1434, 165.168, 166.066, 0.897, 14336, 0, 166.066, 169.093, 3.027, 2100, 169.093, 170.281, 1.188, 10240, 0, 170.281, 172.356, 2.074, 1500, 172.356, 173.278, 0.923, 13312, 0,    13.278,
 161, 371, 161, 161, 163.068, 2.068, 14336, 0, 163.068, 165.854, 2.786, 1476, 165.854, 166.971, 1.118, 14336, 0, 166.971, 170.189, 3.217, 2100, 170.189, 171.135, 0.946, 10240, 0, 171.135, 173.316, 2.181, 1500, 173.316, 174.149, 0.833, 13312, 0,    13.149,
 162, 371, 162, 162, 163.888, 1.888, 12288, 0, 163.888, 166.772, 2.885, 1204, 166.772, 167.741, 0.968, 12288, 0, 167.741, 171.062, 3.322, 1800, 171.062, 171.903, 0.841, 9216, 0, 171.903, 173.956, 2.053, 1350, 173.956, 174.923, 0.966, 12288, 0,    12.923,
 163, 371, 163, 163, 164.985, 1.985, 16384, 0, 164.985, 168.1, 3.116, 1681, 168.1, 169.133, 1.032, 16384, 0, 169.133, 172.322, 3.189, 2400, 172.322, 173.348, 1.026, 12288, 0, 173.348, 175.48, 2.132, 1800, 175.48, 176.504, 1.024, 16384, 0,    13.504,
 164, 371, 164, 164, 165.874, 1.874, 13312, 0, 165.874, 168.618, 2.744, 1379, 168.618, 169.97, 1.352, 13312, 0, 169.97, 172.788, 2.818, 1950, 172.788, 174.119, 1.331, 9216, 0, 174.119, 175.72, 1.6, 1350, 175.72, 177.272, 1.552, 12288, 0,    13.272,
 165, 371, 165, 165, 166.693, 1.693, 12288, 0, 166.693, 169.76, 3.067, 1244, 169.76, 170.741, 0.981, 12288, 0, 170.741, 173.47, 2.729, 1800, 173.47, 174.889, 1.418, 9216, 0, 174.889, 177.086, 2.197, 1350, 177.086, 178.04, 0.954, 12288, 0,    13.040,
 166, 371, 166, 166, 167.788, 1.788, 16384, 0, 167.788, 170.803, 3.016, 1638, 170.803, 171.828, 1.025, 16384, 0, 171.828, 175.527, 3.699, 2400, 175.527, 176.561, 1.035, 12288, 0, 176.561, 178.695, 2.133, 1800, 178.695, 179.719, 1.024, 16384, 0,    13.719,
 167, 371, 167, 167, 168.952, 1.952, 17408, 0, 168.952, 172.093, 3.142, 1747, 172.093, 173.182, 1.088, 17408, 0, 173.182, 176.579, 3.398, 2550, 176.579, 177.611, 1.032, 12288, 0, 177.611, 179.747, 2.136, 1800, 179.747, 180.778, 1.032, 16384, 0,    13.778,
 168, 371, 168, 168, 170.113, 2.113, 17408, 0, 170.113, 173.079, 2.966, 1706, 173.079, 174.27, 1.19, 17408, 0, 174.27, 177.673, 3.403, 2550, 177.673, 178.7, 1.028, 12288, 0, 178.7, 180.83, 2.129, 1800, 180.83, 181.855, 1.026, 16384, 0,    13.855,
 169, 371, 169, 169, 171.273, 2.273, 17408, 0, 171.273, 174.482, 3.209, 1785, 174.482, 175.57, 1.089, 17408, 0, 175.57, 178.977, 3.407, 2550, 178.977, 180.005, 1.027, 12288, 0, 180.005, 182.141, 2.136, 1800, 182.141, 183.174, 1.033, 16384, 0,    14.174,
 170, 371, 170, 170, 172.235, 2.235, 14336, 0, 172.235, 174.957, 2.722, 1403, 174.957, 176.471, 1.514, 14336, 0, 176.471, 179.378, 2.907, 2100, 179.378, 180.859, 1.481, 10240, 0, 180.859, 182.646, 1.786, 1500, 182.646, 184.006, 1.36, 13312, 0,    14.006,
 171, 371, 171, 171, 173.132, 2.132, 13312, 0, 173.132, 176.309, 3.178, 1369, 176.309, 177.303, 0.993, 13312, 0, 177.303, 180.278, 2.975, 1950, 180.278, 181.628, 1.35, 9216, 0, 181.628, 183.749, 2.121, 1350, 183.749, 184.774, 1.024, 12288, 0,    13.774,
 172, 371, 172, 172, 174.087, 2.087, 14336, 0, 174.087, 176.847, 2.759, 1409, 176.847, 178.199, 1.352, 14336, 0, 178.199, 181.781, 3.582, 2100, 181.781, 182.636, 0.856, 10240, 0, 182.636, 184.428, 1.792, 1500, 184.428, 185.615, 1.187, 13312, 0,    13.615,
 173, 371, 173, 173, 175.119, 2.119, 15360, 0, 175.119, 178.333, 3.214, 1515, 178.333, 179.296, 0.963, 15360, 0, 179.296, 182.379, 3.083, 2250, 182.379, 183.575, 1.196, 11264, 0, 183.575, 185.722, 2.147, 1650, 185.722, 186.618, 0.896, 14336, 0,    13.618,
 174, 371, 174, 174, 176.007, 2.007, 13312, 0, 176.007, 178.601, 2.594, 1303, 178.601, 180.134, 1.534, 13312, 0, 180.134, 182.886, 2.752, 1950, 182.886, 184.349, 1.463, 9216, 0, 184.349, 186.031, 1.682, 1350, 186.031, 187.387, 1.356, 12288, 0,    13.387,
 175, 371, 175, 175, 177.036, 2.036, 15360, 0, 177.036, 180.373, 3.337, 1527, 180.373, 181.334, 0.96, 15360, 0, 181.334, 184.786, 3.453, 2250, 184.786, 185.727, 0.941, 11264, 0, 185.727, 187.681, 1.954, 1650, 187.681, 188.58, 0.899, 14336, 0,    13.580,
 176, 371, 176, 176, 177.933, 1.933, 13312, 0, 177.933, 180.425, 2.493, 1369, 180.425, 182.168, 1.742, 13312, 0, 182.168, 184.984, 2.816, 1950, 184.984, 186.498, 1.514, 9216, 0, 186.498, 188.097, 1.6, 1350, 188.097, 189.348, 1.251, 12288, 0,    13.348,
 177, 371, 177, 177, 178.754, 1.754, 12288, 0, 178.754, 182.015, 3.261, 1232, 182.015, 182.936, 0.921, 12288, 0, 182.936, 185.327, 2.392, 1800, 185.327, 187.273, 1.945, 9216, 0, 187.273, 189.291, 2.018, 1350, 189.291, 190.116, 0.825, 12288, 0,    13.116,
 178, 371, 178, 178, 179.573, 1.573, 12288, 0, 179.573, 182.151, 2.578, 1291, 182.151, 183.709, 1.559, 12288, 0, 183.709, 187.185, 3.476, 1800, 187.185, 188.042, 0.856, 9216, 0, 188.042, 189.715, 1.673, 1350, 189.715, 190.884, 1.169, 12288, 0,    12.884,
 180, 371, 180, 180, 181.355, 1.355, 12288, 0, 181.355, 183.885, 2.529, 1294, 183.885, 184.66, 0.776, 12288, 0, 184.66, 187.387, 2.727, 1800, 187.387, 188.813, 1.426, 9216, 0, 188.813, 190.892, 2.08, 1350, 190.892, 191.661, 0.768, 12288, 0,    11.661,
 179, 371, 179, 179, 180.529, 1.529, 14336, 0, 180.529, 183.935, 3.406, 1440, 183.935, 185.56, 1.625, 14336, 0, 185.56, 188.357, 2.796, 2100, 188.357, 189.672, 1.315, 10240, 0, 189.672, 191.495, 1.823, 1500, 191.495, 192.502, 1.008, 13312, 0,    13.502,
 181, 371, 181, 181, 182.516, 1.516, 17408, 0, 182.516, 186.272, 3.756, 1785, 186.272, 187.367, 1.095, 17408, 0, 187.367, 190.767, 3.399, 2550, 190.767, 191.802, 1.035, 12288, 0, 191.802, 193.938, 2.135, 1800, 193.938, 194.966, 1.028, 16384, 0,    13.966,
 183, 371, 183, 183, 184.497, 1.497, 12288, 0, 184.497, 187.92, 3.423, 1233, 187.92, 189.231, 1.311, 12288, 0, 189.231, 191.631, 2.4, 1800, 191.631, 192.575, 0.944, 9216, 0, 192.575, 194.178, 1.602, 1350, 194.178, 195.736, 1.559, 12288, 0,    12.736,
 184, 371, 184, 184, 185.316, 1.316, 12288, 0, 185.316, 187.96, 2.644, 1227, 187.96, 189.999, 2.039, 12288, 0, 189.999, 193.185, 3.186, 1800, 193.185, 194.368, 1.183, 9216, 0, 194.368, 195.969, 1.601, 1350, 195.969, 196.742, 0.773, 12288, 0,    12.742,
 182, 371, 182, 182, 183.678, 1.678, 17408, 0, 183.678, 186.32, 2.643, 1787, 186.32, 188.456, 2.135, 17408, 0, 188.456, 191.858, 3.402, 2550, 191.858, 193.6, 1.742, 12288, 0, 193.6, 196.079, 2.48, 1800, 196.079, 197.769, 1.69, 16384, 0,    15.769,
 186, 371, 186, 186, 187.371, 1.371, 14336, 0, 187.371, 189.878, 2.507, 1439, 189.878, 190.895, 1.017, 14336, 0, 190.895, 194.439, 3.543, 2100, 194.439, 195.296, 0.857, 10240, 0, 195.296, 197.748, 2.452, 1500, 197.748, 198.602, 0.855, 13312, 0,    12.602,
 185, 371, 185, 185, 186.415, 1.415, 16384, 0, 186.415, 190.137, 3.721, 1661, 190.137, 191.919, 1.782, 16384, 0, 191.919, 195.12, 3.201, 2400, 195.12, 196.323, 1.203, 12288, 0, 196.323, 198.459, 2.136, 1800, 198.459, 199.636, 1.177, 16384, 0,    14.636,
 187, 371, 187, 187, 188.197, 1.197, 12288, 0, 188.197, 191.505, 3.307, 1215, 191.505, 192.691, 1.186, 12288, 0, 192.691, 195.585, 2.895, 1800, 195.585, 197.097, 1.512, 9216, 0, 197.097, 199.349, 2.252, 1350, 199.349, 200.412, 1.064, 12288, 0,    13.412,
 189, 371, 189, 189, 190.178, 1.178, 12288, 0, 190.178, 193.155, 2.977, 1238, 193.155, 194.552, 1.397, 12288, 0, 194.552, 197.523, 2.971, 1800, 197.523, 198.293, 0.77, 9216, 0, 198.293, 200.059, 1.766, 1350, 200.059, 201.186, 1.127, 12288, 0,    12.186,
 188, 371, 188, 188, 189.358, 1.358, 17408, 0, 189.358, 192.426, 3.068, 1716, 192.426, 193.778, 1.353, 17408, 0, 193.778, 197.846, 4.068, 2550, 197.846, 199.321, 1.475, 12288, 0, 199.321, 201.494, 2.173, 1800, 201.494, 202.52, 1.026, 16384, 0,    14.520,
 190, 371, 190, 190, 191.074, 1.074, 13312, 0, 191.074, 194.188, 3.114, 1319, 194.188, 195.384, 1.196, 13312, 0, 195.384, 198.185, 2.801, 1950, 198.185, 200.089, 1.904, 9216, 0, 200.089, 201.694, 1.605, 1350, 201.694, 203.288, 1.594, 12288, 0,    13.288,
 192, 371, 192, 192, 193.196, 1.196, 14336, 0, 193.196, 196.103, 2.907, 1437, 196.103, 197.436, 1.332, 14336, 0, 197.436, 200.645, 3.21, 2100, 200.645, 201.501, 0.855, 10240, 0, 201.501, 203.273, 1.772, 1500, 203.273, 204.12, 0.848, 13312, 0,    12.120,
 191, 371, 191, 191, 192.236, 1.236, 17408, 0, 192.236, 195.452, 3.215, 1716, 195.452, 196.54, 1.088, 17408, 0, 196.54, 200.923, 4.383, 2550, 200.923, 202.532, 1.609, 12288, 0, 202.532, 204.668, 2.136, 1800, 204.668, 205.692, 1.025, 16384, 0,    14.692,
 193, 371, 193, 193, 194.224, 1.224, 15360, 0, 194.224, 197.523, 3.298, 1550, 197.523, 198.483, 0.96, 15360, 0, 198.483, 201.494, 3.011, 2250, 201.494, 203.477, 1.983, 11264, 0, 203.477, 205.437, 1.96, 1650, 205.437, 206.589, 1.152, 14336, 0,    13.589,
 194, 371, 194, 194, 195.188, 1.188, 14336, 0, 195.188, 198.077, 2.889, 1476, 198.077, 199.379, 1.302, 14336, 0, 199.379, 203.446, 4.067, 2100, 203.446, 204.33, 0.884, 10240, 0, 204.33, 206.45, 2.12, 1500, 206.45, 207.427, 0.977, 13312, 0,    13.427,
 195, 371, 195, 195, 196.29, 1.29, 16384, 0, 196.29, 199.747, 3.457, 1669, 199.747, 200.771, 1.024, 16384, 0, 200.771, 204.125, 3.354, 2400, 204.125, 205.363, 1.237, 12288, 0, 205.363, 207.583, 2.221, 1800, 207.583, 208.617, 1.034, 16384, 0,    13.617,
 196, 371, 196, 196, 197.453, 1.453, 17408, 0, 197.453, 200.432, 2.98, 1760, 200.432, 201.865, 1.433, 17408, 0, 201.865, 205.27, 3.405, 2550, 205.27, 206.396, 1.126, 12288, 0, 206.396, 208.586, 2.19, 1800, 208.586, 209.649, 1.062, 16384, 0,    13.649,
 197, 371, 197, 197, 198.476, 1.476, 15360, 0, 198.476, 201.824, 3.348, 1558, 201.824, 202.825, 1, 15360, 0, 202.825, 206.446, 3.621, 2250, 206.446, 207.389, 0.943, 11264, 0, 207.389, 209.543, 2.154, 1650, 209.543, 210.545, 1.002, 14336, 0,    13.545,
 198, 371, 198, 198, 199.637, 1.637, 17408, 0, 199.637, 202.727, 3.09, 1718, 202.727, 203.915, 1.189, 17408, 0, 203.915, 207.528, 3.613, 2550, 207.528, 208.557, 1.028, 12288, 0, 208.557, 210.721, 2.164, 1800, 210.721, 211.747, 1.026, 16384, 0,    13.747,
 199, 371, 199, 199, 200.532, 1.532, 13312, 0, 200.532, 203.678, 3.146, 1390, 203.678, 204.753, 1.076, 13312, 0, 204.753, 207.87, 3.117, 1950, 207.87, 209.326, 1.456, 9216, 0, 209.326, 211.143, 1.817, 1350, 211.143, 212.518, 1.375, 12288, 0,    13.518,
 200, 371, 201, 201, 201.967, 0.967, 14336, 0, 201.967, 204.719, 2.752, 1493, 204.719, 205.649, 0.931, 14336, 0, 205.649, 209.247, 3.598, 2100, 209.247, 210.188, 0.941, 10240, 0, 210.188, 212.501, 2.314, 1500, 212.501, 213.352, 0.851, 13312, 0,    12.352,
 201, 371, 202, 202, 202.902, 0.902, 13312, 0, 202.902, 205.453, 2.55, 1328, 205.453, 206.486, 1.034, 13312, 0, 206.486, 210.135, 3.648, 1950, 210.135, 210.966, 0.831, 9216, 0, 210.966, 212.745, 1.779, 1350, 212.745, 214.123, 1.378, 12288, 0,    12.123,
 203, 371, 204, 204, 204.849, 0.849, 12288, 0, 204.849, 207.112, 2.263, 1244, 207.112, 208.586, 1.475, 12288, 0, 208.586, 211.647, 3.061, 1800, 211.647, 212.676, 1.029, 9216, 0, 212.676, 214.353, 1.677, 1350, 214.353, 215.122, 0.769, 12288, 0,    11.122,
 202, 371, 203, 203, 204.03, 1.03, 15360, 0, 204.03, 206.848, 2.818, 1598, 206.848, 207.818, 0.97, 15360, 0, 207.818, 210.869, 3.051, 2250, 210.869, 211.905, 1.036, 11264, 0, 211.905, 214.463, 2.558, 1650, 214.463, 216.018, 1.555, 14336, 0,    13.018,
 204, 371, 205, 205, 205.967, 0.967, 14336, 0, 205.967, 208.855, 2.888, 1499, 208.855, 209.757, 0.903, 14336, 0, 209.757, 212.94, 3.183, 2100, 212.94, 213.795, 0.855, 10240, 0, 213.795, 216.138, 2.343, 1500, 216.138, 216.978, 0.84, 13312, 0,    11.978,
 205, 371, 206, 206, 207.169, 1.169, 17408, 0, 207.169, 209.511, 2.343, 1755, 209.511, 210.847, 1.336, 17408, 0, 210.847, 214.271, 3.424, 2550, 214.271, 215.299, 1.028, 12288, 0, 215.299, 217.428, 2.129, 1800, 217.428, 218.457, 1.029, 16384, 0,    12.457,
 206, 371, 207, 207, 208.329, 1.329, 17408, 0, 208.329, 211.173, 2.844, 1739, 211.173, 212.261, 1.088, 17408, 0, 212.261, 215.655, 3.394, 2550, 215.655, 216.681, 1.026, 12288, 0, 216.681, 218.823, 2.141, 1800, 218.823, 219.854, 1.031, 16384, 0,    12.854,
 208, 371, 209, 209, 210.314, 1.314, 12288, 0, 210.314, 212.884, 2.57, 1280, 212.884, 214.123, 1.239, 12288, 0, 214.123, 216.67, 2.547, 1800, 216.67, 217.451, 0.78, 9216, 0, 217.451, 219.054, 1.603, 1350, 219.054, 220.625, 1.571, 12288, 0,    11.625,
 209, 371, 210, 210, 211.143, 1.143, 12288, 0, 211.143, 213.584, 2.441, 1277, 213.584, 214.893, 1.309, 12288, 0, 214.893, 218.057, 3.164, 1800, 218.057, 219.247, 1.19, 9216, 0, 219.247, 220.84, 1.593, 1350, 220.84, 221.61, 0.769, 12288, 0,    11.610,
 207, 371, 208, 208, 209.49, 1.49, 17408, 0, 209.49, 211.876, 2.387, 1768, 211.876, 213.352, 1.476, 17408, 0, 213.352, 216.765, 3.412, 2550, 216.765, 218.479, 1.715, 12288, 0, 218.479, 220.96, 2.481, 1800, 220.96, 222.634, 1.673, 16384, 0,    14.634,
 210, 371, 211, 211, 211.962, 0.962, 12288, 0, 211.962, 214.524, 2.561, 1226, 214.524, 215.666, 1.142, 12288, 0, 215.666, 219.084, 3.418, 1800, 219.084, 220.021, 0.937, 9216, 0, 220.021, 222.446, 2.425, 1350, 222.446, 223.401, 0.955, 12288, 0,    12.401,
 211, 371, 212, 212, 212.965, 0.965, 14336, 0, 212.965, 215.553, 2.588, 1476, 215.553, 216.562, 1.009, 14336, 0, 216.562, 219.564, 3.003, 2100, 219.564, 220.874, 1.31, 10240, 0, 220.874, 222.738, 1.864, 1500, 222.738, 224.234, 1.496, 13312, 0,    12.234,
 212, 371, 213, 213, 213.826, 0.826, 12288, 0, 213.826, 216.158, 2.332, 1224, 216.158, 217.338, 1.18, 12288, 0, 217.338, 220.458, 3.12, 1800, 220.458, 221.652, 1.193, 9216, 0, 221.652, 224.047, 2.395, 1350, 224.047, 225.003, 0.956, 12288, 0,    12.003,
 213, 371, 214, 214, 214.9, 0.9, 13312, 0, 214.9, 217.383, 2.483, 1371, 217.383, 218.215, 0.832, 13312, 0, 218.215, 221.688, 3.473, 1950, 221.688, 222.464, 0.776, 9216, 0, 222.464, 224.345, 1.882, 1350, 224.345, 225.771, 1.426, 12288, 0,    11.771,
 214, 371, 215, 215, 215.9, 0.9, 13312, 0, 215.9, 217.957, 2.056, 1349, 217.957, 219.054, 1.097, 13312, 0, 219.054, 222.168, 3.114, 1950, 222.168, 223.233, 1.065, 9216, 0, 223.233, 225.651, 2.418, 1350, 225.651, 226.539, 0.888, 12288, 0,    11.539,
 215, 371, 216, 216, 217.166, 1.166, 17408, 0, 217.166, 219.79, 2.624, 1799, 219.79, 220.882, 1.092, 17408, 0, 220.882, 224.285, 3.402, 2550, 224.285, 225.313, 1.028, 12288, 0, 225.313, 227.449, 2.137, 1800, 227.449, 228.478, 1.028, 16384, 0,    12.478,
 216, 371, 217, 217, 218.198, 1.198, 15360, 0, 218.198, 220.285, 2.087, 1560, 220.285, 221.842, 1.557, 15360, 0, 221.842, 224.843, 3.001, 2250, 224.843, 226.251, 1.408, 11264, 0, 226.251, 228.204, 1.953, 1650, 228.204, 229.381, 1.177, 14336, 0,    12.381,
 217, 371, 218, 218, 219.086, 1.086, 13312, 0, 219.086, 221.572, 2.487, 1331, 221.572, 222.674, 1.102, 13312, 0, 222.674, 225.282, 2.608, 1950, 225.282, 227.019, 1.738, 9216, 0, 227.019, 229.051, 2.031, 1350, 229.051, 230.151, 1.101, 12288, 0,    12.151,
 218, 371, 219, 219, 220.253, 1.253, 17408, 0, 220.253, 222.556, 2.303, 1700, 222.556, 223.762, 1.206, 17408, 0, 223.762, 227.688, 3.926, 2550, 227.688, 228.718, 1.03, 12288, 0, 228.718, 230.854, 2.136, 1800, 230.854, 231.884, 1.029, 16384, 0,    12.884,
 219, 371, 220, 220, 221.413, 1.413, 17408, 0, 221.413, 223.922, 2.509, 1763, 223.922, 225.013, 1.09, 17408, 0, 225.013, 228.412, 3.399, 2550, 228.412, 229.745, 1.333, 12288, 0, 229.745, 231.875, 2.13, 1800, 231.875, 232.908, 1.033, 16384, 0,    12.908,
 220, 371, 221, 221, 222.506, 1.506, 16384, 0, 222.506, 224.704, 2.198, 1608, 224.704, 226.037, 1.333, 16384, 0, 226.037, 229.236, 3.2, 2400, 229.236, 230.776, 1.54, 12288, 0, 230.776, 232.993, 2.217, 1800, 232.993, 234.017, 1.024, 16384, 0,    13.017,
 221, 371, 222, 222, 223.53, 1.53, 15360, 0, 223.53, 226.037, 2.507, 1585, 226.037, 226.997, 0.96, 15360, 0, 226.997, 230.692, 3.695, 2250, 230.692, 231.715, 1.023, 11264, 0, 231.715, 233.832, 2.116, 1650, 233.832, 234.915, 1.084, 14336, 0,    12.915,
 222, 371, 223, 223, 224.624, 1.624, 16384, 0, 224.624, 226.922, 2.298, 1658, 226.922, 228.026, 1.104, 16384, 0, 228.026, 231.613, 3.587, 2400, 231.613, 232.745, 1.132, 12288, 0, 232.745, 235.127, 2.382, 1800, 235.127, 236.154, 1.026, 16384, 0,    13.154,
 223, 371, 224, 224, 225.787, 1.787, 17408, 0, 225.787, 228.366, 2.579, 1747, 228.366, 229.456, 1.09, 17408, 0, 229.456, 232.863, 3.407, 2550, 232.863, 233.889, 1.026, 12288, 0, 233.889, 236.027, 2.138, 1800, 236.027, 237.178, 1.15, 16384, 0,    13.178,
 224, 371, 225, 225, 226.82, 1.82, 15360, 0, 226.82, 229.021, 2.2, 1574, 229.021, 230.418, 1.397, 15360, 0, 230.418, 233.691, 3.273, 2250, 233.691, 234.837, 1.146, 11264, 0, 234.837, 237.084, 2.247, 1650, 237.084, 238.081, 0.997, 14336, 0,    13.081,
 225, 371, 226, 226, 227.776, 1.776, 14336, 0, 227.776, 230.26, 2.484, 1418, 230.26, 231.323, 1.063, 14336, 0, 231.323, 234.412, 3.089, 2100, 234.412, 235.691, 1.279, 10240, 0, 235.691, 237.816, 2.124, 1500, 237.816, 238.913, 1.097, 13312, 0,    12.913,
 226, 371, 227, 227, 228.738, 1.738, 14336, 0, 228.738, 230.995, 2.256, 1474, 230.995, 232.221, 1.226, 14336, 0, 232.221, 235.669, 3.449, 2100, 235.669, 236.545, 0.875, 10240, 0, 236.545, 238.866, 2.322, 1500, 238.866, 239.744, 0.878, 13312, 0,    12.744,
 227, 371, 228, 228, 229.695, 1.695, 14336, 0, 229.695, 232.258, 2.563, 1497, 232.258, 233.16, 0.902, 14336, 0, 233.16, 236.491, 3.331, 2100, 236.491, 237.398, 0.908, 10240, 0, 237.398, 239.595, 2.196, 1500, 239.595, 240.576, 0.982, 13312, 0,    12.576,
 228, 371, 229, 229, 230.719, 1.719, 15360, 0, 230.719, 233.107, 2.388, 1573, 233.107, 234.121, 1.013, 15360, 0, 234.121, 237.416, 3.296, 2250, 237.416, 238.364, 0.948, 11264, 0, 238.364, 240.832, 2.467, 1650, 240.832, 241.732, 0.9, 14336, 0,    12.732,
 229, 371, 230, 230, 231.548, 1.548, 12288, 0, 231.548, 233.878, 2.33, 1212, 233.878, 234.889, 1.011, 12288, 0, 234.889, 238.073, 3.184, 1800, 238.073, 239.139, 1.066, 9216, 0, 239.139, 241.204, 2.065, 1350, 241.204, 242.5, 1.295, 12288, 0,    12.500,
 230, 371, 231, 231, 232.709, 1.709, 17408, 0, 232.709, 235.458, 2.75, 1764, 235.458, 236.547, 1.089, 17408, 0, 236.547, 239.95, 3.403, 2550, 239.95, 240.981, 1.032, 12288, 0, 240.981, 243.114, 2.132, 1800, 243.114, 244.142, 1.029, 16384, 0,    13.142,
 231, 371, 232, 232, 233.878, 1.878, 17408, 0, 233.878, 236.21, 2.332, 1747, 236.21, 237.636, 1.425, 17408, 0, 237.636, 241.032, 3.396, 2550, 241.032, 242.057, 1.026, 12288, 0, 242.057, 244.192, 2.135, 1800, 244.192, 245.225, 1.032, 16384, 0,    13.225,
 232, 371, 233, 233, 234.835, 1.835, 14336, 0, 234.835, 237.393, 2.558, 1452, 237.393, 238.534, 1.14, 14336, 0, 238.534, 241.334, 2.801, 2100, 241.334, 242.912, 1.578, 10240, 0, 242.912, 244.892, 1.98, 1500, 244.892, 246.058, 1.166, 13312, 0,    13.058,
 233, 371, 234, 234, 235.927, 1.927, 16384, 0, 235.927, 238.362, 2.435, 1614, 238.362, 239.565, 1.202, 16384, 0, 239.565, 243.156, 3.592, 2400, 243.156, 244.184, 1.027, 12288, 0, 244.184, 246.331, 2.148, 1800, 246.331, 247.357, 1.026, 16384, 0,    13.357,
 234, 371, 235, 235, 236.958, 1.958, 15360, 0, 236.958, 239.43, 2.472, 1522, 239.43, 240.525, 1.095, 15360, 0, 240.525, 244.04, 3.515, 2250, 244.04, 245.129, 1.089, 11264, 0, 245.129, 247.086, 1.957, 1650, 247.086, 248.259, 1.173, 14336, 0,    13.259,
 235, 371, 236, 236, 237.982, 1.982, 15360, 0, 237.982, 240.388, 2.406, 1518, 240.388, 241.491, 1.102, 15360, 0, 241.491, 244.486, 2.996, 2250, 244.486, 246.077, 1.59, 11264, 0, 246.077, 248.291, 2.214, 1650, 248.291, 249.19, 0.899, 14336, 0,    13.190,
 236, 371, 237, 237, 239.074, 2.074, 16384, 0, 239.074, 241.683, 2.609, 1686, 241.683, 242.711, 1.028, 16384, 0, 242.711, 246.362, 3.651, 2400, 246.362, 247.388, 1.026, 12288, 0, 247.388, 249.513, 2.125, 1800, 249.513, 250.542, 1.029, 16384, 0,    13.542,
 237, 371, 238, 238, 240.1, 2.1, 15360, 0, 240.1, 242.437, 2.337, 1535, 242.437, 243.672, 1.235, 15360, 0, 243.672, 247.04, 3.368, 2250, 247.04, 248.333, 1.293, 11264, 0, 248.333, 250.292, 1.959, 1650, 250.292, 251.445, 1.153, 14336, 0,    13.445,
 238, 371, 239, 239, 241.132, 2.132, 15360, 0, 241.132, 243.719, 2.587, 1523, 243.719, 244.684, 0.965, 15360, 0, 244.684, 247.679, 2.995, 2250, 247.679, 249.28, 1.601, 11264, 0, 249.28, 251.473, 2.193, 1650, 251.473, 252.369, 0.896, 14336, 0,    13.369,
 239, 371, 240, 240, 242.225, 2.225, 16384, 0, 242.225, 244.684, 2.46, 1683, 244.684, 245.713, 1.029, 16384, 0, 245.713, 249.58, 3.867, 2400, 249.58, 250.61, 1.03, 12288, 0, 250.61, 252.746, 2.136, 1800, 252.746, 253.773, 1.028, 16384, 0,    13.773,
 240, 371, 241, 241, 243.19, 2.19, 14336, 0, 243.19, 245.691, 2.501, 1478, 245.691, 246.611, 0.92, 14336, 0, 246.611, 249.844, 3.232, 2100, 249.844, 251.465, 1.621, 10240, 0, 251.465, 253.255, 1.79, 1500, 253.255, 254.606, 1.351, 13312, 0,    13.606,
 241, 371, 242, 242, 244.214, 2.214, 15360, 0, 244.214, 246.776, 2.562, 1564, 246.776, 247.736, 0.96, 15360, 0, 247.736, 250.734, 2.997, 2250, 250.734, 252.403, 1.67, 11264, 0, 252.403, 254.703, 2.3, 1650, 254.703, 255.599, 0.896, 14336, 0,    13.599,
 242, 371, 243, 243, 245.174, 2.174, 14336, 0, 245.174, 247.659, 2.485, 1473, 247.659, 248.638, 0.979, 14336, 0, 248.638, 252.379, 3.741, 2100, 252.379, 253.257, 0.878, 10240, 0, 253.257, 255.035, 1.778, 1500, 255.035, 256.431, 1.396, 13312, 0,    13.431,
 243, 371, 244, 244, 246.135, 2.135, 14336, 0, 246.135, 248.658, 2.523, 1410, 248.658, 249.555, 0.897, 14336, 0, 249.555, 252.647, 3.092, 2100, 252.647, 254.111, 1.464, 10240, 0, 254.111, 256.482, 2.371, 1500, 256.482, 257.32, 0.838, 13312, 0,    13.320,
 244, 371, 245, 245, 247.3, 2.3, 17408, 0, 247.3, 249.95, 2.65, 1710, 249.95, 251.038, 1.088, 17408, 0, 251.038, 254.431, 3.393, 2550, 254.431, 255.458, 1.028, 12288, 0, 255.458, 257.593, 2.135, 1800, 257.593, 258.617, 1.024, 16384, 0,    13.617,
 245, 371, 246, 246, 248.324, 2.324, 15360, 0, 248.324, 250.766, 2.442, 1582, 250.766, 251.998, 1.232, 15360, 0, 251.998, 255.383, 3.385, 2250, 255.383, 256.406, 1.023, 11264, 0, 256.406, 258.44, 2.034, 1650, 258.44, 259.516, 1.076, 14336, 0,    13.516,
 246, 371, 247, 247, 249.22, 2.22, 13312, 0, 249.22, 251.735, 2.515, 1336, 251.735, 252.837, 1.102, 13312, 0, 252.837, 255.427, 2.59, 1950, 255.427, 257.174, 1.747, 9216, 0, 257.174, 259.194, 2.02, 1350, 259.194, 260.285, 1.091, 12288, 0,    13.285,
 247, 371, 248, 248, 250.388, 2.388, 17408, 0, 250.388, 253.157, 2.768, 1790, 253.157, 254.251, 1.094, 17408, 0, 254.251, 257.834, 3.583, 2550, 257.834, 258.861, 1.027, 12288, 0, 258.861, 260.999, 2.138, 1800, 260.999, 262.023, 1.024, 16384, 0,    14.023,
 248, 371, 249, 249, 251.413, 2.413, 15360, 0, 251.413, 253.844, 2.432, 1580, 253.844, 255.216, 1.371, 15360, 0, 255.216, 258.382, 3.167, 2250, 258.382, 259.801, 1.418, 11264, 0, 259.801, 261.761, 1.961, 1650, 261.761, 262.919, 1.157, 14336, 0,    13.919,
 249, 371, 250, 250, 252.304, 2.304, 13312, 0, 252.304, 254.974, 2.67, 1359, 254.974, 256.051, 1.077, 13312, 0, 256.051, 258.651, 2.6, 1950, 258.651, 260.569, 1.918, 9216, 0, 260.569, 262.607, 2.038, 1350, 262.607, 263.687, 1.08, 12288, 0,    13.687,
 250, 371, 251, 251, 253.265, 2.265, 14336, 0, 253.265, 255.759, 2.494, 1426, 255.759, 256.951, 1.192, 14336, 0, 256.951, 260.636, 3.684, 2100, 260.636, 261.495, 0.86, 10240, 0, 261.495, 263.54, 2.045, 1500, 263.54, 264.523, 0.982, 13312, 0,    13.523,
 251, 371, 252, 252, 254.16, 2.16, 13312, 0, 254.16, 256.739, 2.579, 1321, 256.739, 257.783, 1.044, 13312, 0, 257.783, 260.989, 3.205, 1950, 260.989, 262.267, 1.278, 9216, 0, 262.267, 264.216, 1.949, 1350, 264.216, 265.293, 1.077, 12288, 0,    13.293,
 252, 371, 253, 253, 255.255, 2.255, 16384, 0, 255.255, 257.965, 2.711, 1654, 257.965, 258.989, 1.024, 16384, 0, 258.989, 262.189, 3.199, 2400, 262.189, 263.292, 1.103, 12288, 0, 263.292, 265.688, 2.397, 1800, 265.688, 266.712, 1.024, 16384, 0,    13.712,
 253, 371, 254, 254, 256.08, 2.08, 12288, 0, 256.08, 258.38, 2.3, 1229, 258.38, 259.757, 1.377, 12288, 0, 259.757, 263.039, 3.281, 1800, 263.039, 264.065, 1.026, 9216, 0, 264.065, 265.825, 1.76, 1350, 265.825, 267.49, 1.665, 12288, 0,    13.490,
 254, 371, 255, 255, 256.972, 1.972, 13312, 0, 256.972, 259.749, 2.777, 1332, 259.749, 260.596, 0.847, 13312, 0, 260.596, 263.588, 2.992, 1950, 263.588, 264.833, 1.246, 9216, 0, 264.833, 267.298, 2.465, 1350, 267.298, 268.258, 0.96, 12288, 0,    13.258,
 255, 371, 256, 256, 257.791, 1.791, 12288, 0, 257.791, 260.05, 2.259, 1252, 260.05, 261.371, 1.321, 12288, 0, 261.371, 264.592, 3.22, 1800, 264.592, 265.608, 1.016, 9216, 0, 265.608, 267.442, 1.834, 1350, 267.442, 269.026, 1.584, 12288, 0,    13.026,
 256, 371, 257, 257, 258.952, 1.952, 17408, 0, 258.952, 262.127, 3.175, 1784, 262.127, 263.223, 1.096, 17408, 0, 263.223, 266.624, 3.401, 2550, 266.624, 267.652, 1.027, 12288, 0, 267.652, 269.788, 2.137, 1800, 269.788, 270.819, 1.031, 16384, 0,    13.819,
 258, 371, 259, 259, 260.878, 1.878, 12288, 0, 260.878, 263.847, 2.969, 1291, 263.847, 265.023, 1.176, 12288, 0, 265.023, 267.422, 2.399, 1800, 267.422, 268.42, 0.998, 9216, 0, 268.42, 270.019, 1.599, 1350, 270.019, 271.592, 1.573, 12288, 0,    12.592,
 259, 371, 260, 260, 261.772, 1.772, 13312, 0, 261.772, 263.979, 2.207, 1321, 263.979, 265.855, 1.876, 13312, 0, 265.855, 269.226, 3.372, 1950, 269.226, 270.214, 0.988, 9216, 0, 270.214, 271.82, 1.605, 1350, 271.82, 272.594, 0.775, 12288, 0,    12.594,
 257, 371, 258, 258, 260.05, 2.05, 16384, 0, 260.05, 262.219, 2.169, 1627, 262.219, 264.25, 2.031, 16384, 0, 264.25, 267.452, 3.203, 2400, 267.452, 269.447, 1.994, 12288, 0, 269.447, 271.926, 2.479, 1800, 271.926, 273.619, 1.693, 16384, 0,    15.619,
 261, 371, 262, 262, 263.684, 1.684, 13312, 0, 263.684, 265.845, 2.161, 1394, 265.845, 266.692, 0.847, 13312, 0, 266.692, 270.029, 3.337, 1950, 270.029, 270.987, 0.958, 9216, 0, 270.987, 273.427, 2.44, 1350, 273.427, 274.388, 0.961, 12288, 0,    12.388,
 260, 371, 261, 261, 262.796, 1.796, 15360, 0, 262.796, 265.986, 3.19, 1597, 265.986, 267.653, 1.666, 15360, 0, 267.653, 270.65, 2.998, 2250, 270.65, 271.926, 1.276, 11264, 0, 271.926, 273.89, 1.964, 1650, 273.89, 275.284, 1.394, 14336, 0,    14.284,
 262, 371, 263, 263, 264.505, 1.505, 12288, 0, 264.505, 267.452, 2.948, 1200, 267.452, 268.428, 0.975, 12288, 0, 268.428, 271.625, 3.198, 1800, 271.625, 272.694, 1.069, 9216, 0, 272.694, 275.028, 2.335, 1350, 275.028, 276.058, 1.03, 12288, 0,    13.058,
 263, 371, 264, 264, 265.324, 1.324, 12288, 0, 265.324, 267.65, 2.326, 1248, 267.65, 269.197, 1.547, 12288, 0, 269.197, 272.428, 3.232, 1800, 272.428, 273.469, 1.041, 9216, 0, 273.469, 275.496, 2.026, 1350, 275.496, 276.832, 1.336, 12288, 0,    12.832,
 264, 371, 265, 265, 266.28, 1.28, 14336, 0, 266.28, 269.348, 3.069, 1418, 269.348, 270.244, 0.896, 14336, 0, 270.244, 273.457, 3.212, 2100, 273.457, 274.332, 0.875, 10240, 0, 274.332, 276.812, 2.48, 1500, 276.812, 277.664, 0.852, 13312, 0,    12.664,
 265, 371, 266, 266, 267.314, 1.314, 15360, 0, 267.314, 269.712, 2.398, 1547, 269.712, 271.213, 1.502, 15360, 0, 271.213, 274.632, 3.419, 2250, 274.632, 275.573, 0.941, 11264, 0, 275.573, 277.526, 1.953, 1650, 277.526, 278.56, 1.034, 14336, 0,    12.560,
 266, 371, 267, 267, 268.338, 1.338, 15360, 0, 268.338, 271.437, 3.099, 1563, 271.437, 272.403, 0.966, 15360, 0, 272.403, 275.436, 3.033, 2250, 275.436, 276.512, 1.076, 11264, 0, 276.512, 278.769, 2.257, 1650, 278.769, 279.675, 0.906, 14336, 0,    12.675,
 267, 371, 268, 268, 269.433, 1.433, 16384, 0, 269.433, 271.86, 2.427, 1607, 271.86, 273.427, 1.567, 16384, 0, 273.427, 276.656, 3.229, 2400, 276.656, 277.684, 1.028, 12288, 0, 277.684, 279.825, 2.142, 1800, 279.825, 280.85, 1.024, 16384, 0,    12.850,
 268, 371, 269, 269, 270.593, 1.593, 17408, 0, 270.593, 273.79, 3.197, 1763, 273.79, 274.88, 1.09, 17408, 0, 274.88, 278.284, 3.404, 2550, 278.284, 279.314, 1.03, 12288, 0, 279.314, 281.447, 2.133, 1800, 281.447, 282.475, 1.028, 16384, 0,    13.475,
 269, 371, 270, 270, 271.617, 1.617, 15360, 0, 271.617, 273.977, 2.36, 1586, 273.977, 275.844, 1.867, 15360, 0, 275.844, 278.844, 2.999, 2250, 278.844, 280.252, 1.409, 11264, 0, 280.252, 282.205, 1.953, 1650, 282.205, 283.371, 1.166, 14336, 0,    13.371,
 271, 371, 272, 272, 273.47, 1.47, 12288, 0, 273.47, 275.64, 2.17, 1246, 275.64, 276.616, 0.976, 12288, 0, 276.616, 279.06, 2.444, 1800, 279.06, 281.03, 1.97, 9216, 0, 281.03, 283.055, 2.025, 1350, 283.055, 284.139, 1.084, 12288, 0,    12.139,
 273, 371, 274, 274, 275.253, 1.253, 12288, 0, 275.253, 277.526, 2.273, 1273, 277.526, 278.354, 0.827, 12288, 0, 278.354, 281.243, 2.889, 1800, 281.243, 282.013, 0.77, 9216, 0, 282.013, 283.806, 1.794, 1350, 283.806, 284.912, 1.106, 12288, 0,    10.912,
 270, 371, 271, 271, 272.644, 1.644, 15360, 0, 272.644, 275.83, 3.186, 1528, 275.83, 277.586, 1.756, 15360, 0, 277.586, 281.283, 3.698, 2250, 281.283, 282.951, 1.668, 11264, 0, 282.951, 285.011, 2.06, 1650, 285.011, 285.907, 0.896, 14336, 0,    14.907,
 272, 371, 273, 273, 274.427, 1.427, 14336, 0, 274.427, 277.546, 3.119, 1420, 277.546, 279.251, 1.704, 14336, 0, 279.251, 282.055, 2.804, 2100, 282.055, 283.806, 1.751, 10240, 0, 283.806, 285.599, 1.793, 1500, 285.599, 286.74, 1.141, 13312, 0,    13.740,
 274, 371, 275, 275, 276.214, 1.214, 14336, 0, 276.214, 279.431, 3.217, 1429, 279.431, 280.335, 0.904, 14336, 0, 280.335, 284.044, 3.709, 2100, 284.044, 284.904, 0.86, 10240, 0, 284.904, 286.8, 1.896, 1500, 286.8, 287.632, 0.833, 13312, 0,    12.632,
 275, 371, 276, 276, 277.179, 1.179, 14336, 0, 277.179, 279.471, 2.292, 1443, 279.471, 281.231, 1.76, 14336, 0, 281.231, 284.083, 2.852, 2100, 284.083, 285.761, 1.678, 10240, 0, 285.761, 287.539, 1.778, 1500, 287.539, 288.473, 0.934, 13312, 0,    12.473,
 276, 371, 277, 277, 278.143, 1.143, 14336, 0, 278.143, 281.365, 3.222, 1451, 281.365, 282.262, 0.897, 14336, 0, 282.262, 285.058, 2.796, 2100, 285.058, 286.614, 1.557, 10240, 0, 286.614, 288.587, 1.973, 1500, 288.587, 289.423, 0.835, 13312, 0,    12.423,
 277, 371, 278, 278, 279.1, 1.1, 14336, 0, 279.1, 281.427, 2.327, 1462, 281.427, 283.165, 1.738, 14336, 0, 283.165, 286.854, 3.689, 2100, 286.854, 287.713, 0.859, 10240, 0, 287.713, 289.504, 1.79, 1500, 289.504, 290.336, 0.832, 13312, 0,    12.336,
 278, 371, 279, 279, 280.056, 1.056, 14336, 0, 280.056, 283.314, 3.258, 1460, 283.314, 284.212, 0.899, 14336, 0, 284.212, 287.004, 2.792, 2100, 287.004, 288.567, 1.562, 10240, 0, 288.567, 290.367, 1.801, 1500, 290.367, 291.2, 0.832, 13312, 0,    12.200,
 279, 371, 280, 280, 281.087, 1.087, 15360, 0, 281.087, 283.481, 2.394, 1541, 283.481, 285.181, 1.7, 15360, 0, 285.181, 288.185, 3.003, 2250, 288.185, 289.506, 1.321, 11264, 0, 289.506, 291.464, 1.958, 1650, 291.464, 292.366, 0.903, 14336, 0,    12.366,
 281, 371, 282, 282, 283.013, 1.013, 13312, 0, 283.013, 285.32, 2.308, 1377, 285.32, 286.158, 0.838, 13312, 0, 286.158, 289.455, 3.297, 1950, 289.455, 290.275, 0.819, 9216, 0, 290.275, 291.971, 1.696, 1350, 291.971, 293.134, 1.163, 12288, 0,    11.134,
 280, 371, 281, 281, 282.121, 1.121, 15360, 0, 282.121, 285.438, 3.317, 1584, 285.438, 287.123, 1.685, 15360, 0, 287.123, 290.123, 2.999, 2250, 290.123, 291.213, 1.091, 11264, 0, 291.213, 293.432, 2.219, 1650, 293.432, 294.33, 0.898, 14336, 0,    13.330,
 283, 371, 284, 284, 284.942, 0.942, 12288, 0, 284.942, 287.074, 2.132, 1221, 287.074, 287.9, 0.825, 12288, 0, 287.9, 290.589, 2.689, 1800, 290.589, 291.981, 1.392, 9216, 0, 291.981, 293.594, 1.613, 1350, 293.594, 295.098, 1.504, 12288, 0,    11.098,
 282, 371, 283, 283, 284.113, 1.113, 16384, 0, 284.113, 287.476, 3.363, 1606, 287.476, 288.924, 1.447, 16384, 0, 288.924, 292.658, 3.734, 2400, 292.658, 293.684, 1.026, 12288, 0, 293.684, 295.818, 2.134, 1800, 295.818, 296.844, 1.026, 16384, 0,    13.844,
 284, 371, 285, 285, 285.968, 0.968, 14336, 0, 285.968, 289.015, 3.047, 1450, 289.015, 289.915, 0.901, 14336, 0, 289.915, 292.926, 3.011, 2100, 292.926, 294.537, 1.611, 10240, 0, 294.537, 296.313, 1.776, 1500, 296.313, 297.676, 1.363, 13312, 0,    12.676,
 285, 371, 286, 286, 286.969, 0.969, 14336, 0, 286.969, 289.451, 2.482, 1482, 289.451, 290.811, 1.36, 14336, 0, 290.811, 293.614, 2.802, 2100, 293.614, 295.398, 1.784, 10240, 0, 295.398, 297.603, 2.205, 1500, 297.603, 298.511, 0.908, 13312, 0,    12.511,
 286, 371, 287, 287, 288.167, 1.167, 17408, 0, 288.167, 291.324, 3.157, 1728, 291.324, 292.416, 1.092, 17408, 0, 292.416, 296.056, 3.64, 2550, 296.056, 297.082, 1.026, 12288, 0, 297.082, 299.219, 2.137, 1800, 299.219, 300.251, 1.032, 16384, 0,    13.251,
 287, 371, 288, 288, 289.129, 1.129, 14336, 0, 289.129, 291.344, 2.214, 1420, 291.344, 293.312, 1.968, 14336, 0, 293.312, 296.109, 2.797, 2100, 296.109, 297.938, 1.829, 10240, 0, 297.938, 299.719, 1.781, 1500, 299.719, 301.084, 1.365, 13312, 0,    13.084,
 288, 371, 289, 289, 290.017, 1.017, 13312, 0, 290.017, 293.192, 3.175, 1397, 293.192, 294.15, 0.958, 13312, 0, 294.15, 296.752, 2.602, 1950, 296.752, 298.709, 1.956, 9216, 0, 298.709, 300.822, 2.113, 1350, 300.822, 301.852, 1.031, 12288, 0,    12.852,
 290, 371, 291, 291, 292.138, 1.138, 15360, 0, 292.138, 295.246, 3.108, 1541, 295.246, 296.211, 0.965, 15360, 0, 296.211, 299.219, 3.008, 2250, 299.219, 300.165, 0.946, 11264, 0, 300.165, 302.122, 1.956, 1650, 302.122, 303.02, 0.898, 14336, 0,    12.020,
 289, 371, 290, 290, 291.113, 1.113, 16384, 0, 291.113, 293.614, 2.5, 1693, 293.614, 295.174, 1.56, 16384, 0, 295.174, 299.258, 4.084, 2400, 299.258, 301.192, 1.934, 12288, 0, 301.192, 303.328, 2.135, 1800, 303.328, 304.352, 1.024, 16384, 0,    14.352,
 291, 371, 292, 292, 293.162, 1.162, 15360, 0, 293.162, 295.685, 2.522, 1552, 295.685, 297.174, 1.489, 15360, 0, 297.174, 300.172, 2.998, 2250, 300.172, 302.134, 1.962, 11264, 0, 302.134, 304.089, 1.956, 1650, 304.089, 305.253, 1.163, 14336, 0,    13.253,
 292, 371, 293, 293, 294.05, 1.05, 13312, 0, 294.05, 297.091, 3.041, 1380, 297.091, 298.009, 0.918, 13312, 0, 298.009, 301.818, 3.808, 1950, 301.818, 302.904, 1.086, 9216, 0, 302.904, 304.931, 2.027, 1350, 304.931, 306.025, 1.094, 12288, 0,    13.025,
 293, 371, 294, 294, 295.151, 1.151, 16384, 0, 295.151, 297.876, 2.725, 1644, 297.876, 299.034, 1.158, 16384, 0, 299.034, 302.465, 3.43, 2400, 302.465, 303.934, 1.469, 12288, 0, 303.934, 306.228, 2.294, 1800, 306.228, 307.26, 1.032, 16384, 0,    13.260,
 294, 371, 295, 295, 296.313, 1.313, 17408, 0, 296.313, 299.479, 3.166, 1792, 299.479, 300.569, 1.09, 17408, 0, 300.569, 303.977, 3.408, 2550, 303.977, 305.007, 1.03, 12288, 0, 305.007, 307.139, 2.131, 1800, 307.139, 308.284, 1.146, 16384, 0,    13.284,
 295, 371, 296, 296, 297.132, 1.132, 12288, 0, 297.132, 299.532, 2.399, 1237, 299.532, 301.337, 1.805, 12288, 0, 301.337, 304.217, 2.88, 1800, 304.217, 305.779, 1.562, 9216, 0, 305.779, 307.839, 2.06, 1350, 307.839, 309.055, 1.216, 12288, 0,    13.055,
 296, 371, 297, 297, 297.951, 0.951, 12288, 0, 297.951, 301.094, 3.143, 1212, 301.094, 302.105, 1.011, 12288, 0, 302.105, 304.871, 2.766, 1800, 304.871, 306.548, 1.677, 9216, 0, 306.548, 308.745, 2.197, 1350, 308.745, 309.827, 1.083, 12288, 0,    12.827,
 297, 371, 298, 298, 299.098, 1.098, 16384, 0, 299.098, 301.696, 2.597, 1624, 301.696, 303.137, 1.441, 16384, 0, 303.137, 307.179, 4.042, 2400, 307.179, 308.209, 1.03, 12288, 0, 308.209, 310.35, 2.141, 1800, 310.35, 311.374, 1.024, 16384, 0,    13.374,
 298, 371, 299, 299, 300.132, 1.132, 15360, 0, 300.132, 303.114, 2.982, 1515, 303.114, 304.1, 0.986, 15360, 0, 304.1, 307.219, 3.119, 2250, 307.219, 309.152, 1.933, 11264, 0, 309.152, 311.113, 1.961, 1650, 311.113, 312.274, 1.162, 14336, 0,    13.274,
 299, 371, 300, 300, 301.156, 1.156, 15360, 0, 301.156, 303.784, 2.628, 1555, 303.784, 305.062, 1.278, 15360, 0, 305.062, 308.058, 2.996, 2250, 308.058, 310.091, 2.033, 11264, 0, 310.091, 312.307, 2.217, 1650, 312.307, 313.207, 0.9, 14336, 0,    13.207,
 300, 371, 301, 301, 301.978, 0.978, 12288, 0, 301.978, 304.799, 2.821, 1263, 304.799, 305.838, 1.039, 12288, 0, 305.838, 309.587, 3.749, 1800, 309.587, 310.859, 1.273, 9216, 0, 310.859, 312.717, 1.858, 1350, 312.717, 313.975, 1.258, 12288, 0,    12.975,
 301, 371, 302, 302, 302.965, 0.965, 14336, 0, 302.965, 305.727, 2.762, 1452, 305.727, 306.74, 1.013, 14336, 0, 306.74, 310.024, 3.284, 2100, 310.024, 311.713, 1.689, 10240, 0, 311.713, 314.092, 2.379, 1500, 314.092, 314.933, 0.841, 13312, 0,    12.933,
 302, 371, 303, 303, 304.166, 1.166, 17408, 0, 304.166, 307.099, 2.932, 1720, 307.099, 308.187, 1.088, 17408, 0, 308.187, 311.583, 3.396, 2550, 311.583, 312.739, 1.156, 12288, 0, 312.739, 314.875, 2.136, 1800, 314.875, 315.956, 1.081, 16384, 0,    12.956,
 303, 371, 304, 304, 305.333, 1.333, 17408, 0, 305.333, 308.091, 2.758, 1773, 308.091, 309.28, 1.19, 17408, 0, 309.28, 312.988, 3.708, 2550, 312.988, 314.016, 1.027, 12288, 0, 314.016, 316.226, 2.21, 1800, 316.226, 317.253, 1.027, 16384, 0,    13.253,
 304, 371, 305, 305, 306.433, 1.433, 16384, 0, 306.433, 309.26, 2.828, 1621, 309.26, 310.307, 1.046, 16384, 0, 310.307, 313.503, 3.197, 2400, 313.503, 315.04, 1.537, 12288, 0, 315.04, 317.176, 2.136, 1800, 317.176, 318.277, 1.101, 16384, 0,    13.277,
 305, 371, 306, 306, 307.593, 1.593, 17408, 0, 307.593, 310.412, 2.819, 1741, 310.412, 311.506, 1.095, 17408, 0, 311.506, 314.985, 3.479, 2550, 314.985, 316.065, 1.08, 12288, 0, 316.065, 318.368, 2.303, 1800, 318.368, 319.396, 1.028, 16384, 0,    13.396,
 306, 371, 307, 307, 308.617, 1.617, 15360, 0, 308.617, 311.397, 2.779, 1591, 311.397, 312.466, 1.07, 15360, 0, 312.466, 315.988, 3.521, 2250, 315.988, 317.01, 1.023, 11264, 0, 317.01, 319.136, 2.126, 1650, 319.136, 320.293, 1.156, 14336, 0,    13.293,
 307, 371, 308, 308, 309.71, 1.71, 16384, 0, 309.71, 312.577, 2.868, 1619, 312.577, 313.61, 1.032, 16384, 0, 313.61, 316.803, 3.193, 2400, 316.803, 318.036, 1.233, 12288, 0, 318.036, 320.51, 2.473, 1800, 320.51, 321.534, 1.024, 16384, 0,    13.534,
 308, 371, 309, 309, 310.665, 1.665, 14336, 0, 310.665, 313.333, 2.667, 1453, 313.333, 314.506, 1.173, 14336, 0, 314.506, 317.786, 3.28, 2100, 317.786, 318.896, 1.11, 10240, 0, 318.896, 320.923, 2.027, 1500, 320.923, 322.366, 1.443, 13312, 0,    13.366,
 309, 371, 310, 310, 311.553, 1.553, 13312, 0, 311.553, 314.325, 2.772, 1308, 314.325, 315.342, 1.017, 13312, 0, 315.342, 318.591, 3.249, 1950, 318.591, 319.664, 1.072, 9216, 0, 319.664, 322.116, 2.452, 1350, 322.116, 323.139, 1.024, 12288, 0,    13.139,
 310, 371, 311, 311, 312.577, 1.577, 15360, 0, 312.577, 315.441, 2.863, 1575, 315.441, 316.401, 0.96, 15360, 0, 316.401, 319.805, 3.404, 2250, 319.805, 320.745, 0.941, 11264, 0, 320.745, 322.883, 2.138, 1650, 322.883, 324.036, 1.153, 14336, 0,    13.036,
 311, 371, 312, 312, 313.397, 1.397, 12288, 0, 313.397, 315.968, 2.571, 1232, 315.968, 317.176, 1.208, 12288, 0, 317.176, 320.185, 3.009, 1800, 320.185, 321.523, 1.337, 9216, 0, 321.523, 323.718, 2.196, 1350, 323.718, 324.804, 1.086, 12288, 0,    12.804,
 312, 371, 313, 313, 314.287, 1.287, 13312, 0, 314.287, 317.299, 3.013, 1390, 317.299, 318.134, 0.834, 13312, 0, 318.134, 321.2, 3.066, 1950, 321.2, 322.3, 1.1, 9216, 0, 322.3, 324.484, 2.184, 1350, 324.484, 325.578, 1.094, 12288, 0,    12.578,
 313, 371, 314, 314, 315.379, 1.379, 16384, 0, 315.379, 318.199, 2.82, 1670, 318.199, 319.231, 1.031, 16384, 0, 319.231, 323.013, 3.783, 2400, 323.013, 324.043, 1.029, 12288, 0, 324.043, 326.171, 2.128, 1800, 326.171, 327.2, 1.029, 16384, 0,    13.200,
 314, 371, 315, 315, 316.472, 1.472, 16384, 0, 316.472, 319.456, 2.985, 1613, 319.456, 320.482, 1.025, 16384, 0, 320.482, 323.688, 3.206, 2400, 323.688, 325.072, 1.384, 12288, 0, 325.072, 327.216, 2.144, 1800, 327.216, 328.24, 1.024, 16384, 0,    13.240,
 315, 371, 316, 316, 317.359, 1.359, 13312, 0, 317.359, 320.042, 2.683, 1374, 320.042, 321.313, 1.271, 13312, 0, 321.313, 323.911, 2.598, 1950, 323.911, 325.84, 1.929, 9216, 0, 325.84, 327.774, 1.934, 1350, 327.774, 329.01, 1.236, 12288, 0,    13.010,
 316, 371, 317, 317, 318.522, 1.522, 17408, 0, 318.522, 321.843, 3.321, 1786, 321.843, 322.936, 1.093, 17408, 0, 322.936, 326.417, 3.48, 2550, 326.417, 327.443, 1.026, 12288, 0, 327.443, 329.577, 2.134, 1800, 329.577, 330.601, 1.024, 16384, 0,    13.601,
 317, 371, 318, 318, 319.614, 1.614, 16384, 0, 319.614, 322.246, 2.632, 1648, 322.246, 323.964, 1.718, 16384, 0, 323.964, 327.156, 3.192, 2400, 327.156, 328.469, 1.313, 12288, 0, 328.469, 330.609, 2.14, 1800, 330.609, 331.633, 1.024, 16384, 0,    13.633,
 318, 371, 319, 319, 320.641, 1.641, 15360, 0, 320.641, 323.923, 3.282, 1557, 323.923, 324.924, 1.001, 15360, 0, 324.924, 327.928, 3.004, 2250, 327.928, 329.408, 1.48, 11264, 0, 329.408, 331.542, 2.134, 1650, 331.542, 332.529, 0.987, 14336, 0,    13.529,
 319, 371, 320, 320, 321.529, 1.529, 13312, 0, 321.529, 324.03, 2.501, 1338, 324.03, 325.756, 1.726, 13312, 0, 325.756, 329.021, 3.265, 1950, 329.021, 330.179, 1.158, 9216, 0, 330.179, 332.211, 2.032, 1350, 332.211, 333.299, 1.088, 12288, 0,    13.299,
 320, 371, 321, 321, 322.485, 1.485, 14336, 0, 322.485, 325.931, 3.446, 1499, 325.931, 326.836, 0.905, 14336, 0, 326.836, 329.955, 3.119, 2100, 329.955, 331.032, 1.077, 10240, 0, 331.032, 333.329, 2.296, 1500, 333.329, 334.161, 0.832, 13312, 0,    13.161,
 321, 371, 322, 322, 323.44, 1.44, 14336, 0, 323.44, 325.971, 2.53, 1451, 325.971, 327.734, 1.764, 14336, 0, 327.734, 330.727, 2.992, 2100, 330.727, 331.89, 1.164, 10240, 0, 331.89, 333.999, 2.108, 1500, 333.999, 335, 1.001, 13312, 0,    13.000,
 323, 371, 324, 324, 325.557, 1.557, 14336, 0, 325.557, 327.938, 2.381, 1475, 327.938, 328.834, 0.896, 14336, 0, 328.834, 331.838, 3.005, 2100, 331.838, 332.752, 0.914, 10240, 0, 332.752, 335.113, 2.361, 1500, 335.113, 335.945, 0.832, 13312, 0,    11.945,
 322, 371, 323, 323, 324.601, 1.601, 17408, 0, 324.601, 328.213, 3.612, 1709, 328.213, 329.926, 1.713, 17408, 0, 329.926, 333.359, 3.433, 2550, 333.359, 334.385, 1.026, 12288, 0, 334.385, 336.528, 2.144, 1800, 336.528, 337.557, 1.028, 16384, 0,    14.557,
 324, 371, 325, 325, 326.452, 1.452, 13312, 0, 326.452, 329.733, 3.281, 1346, 329.733, 330.758, 1.025, 13312, 0, 330.758, 333.359, 2.601, 1950, 333.359, 335.163, 1.804, 9216, 0, 335.163, 336.765, 1.602, 1350, 336.765, 338.325, 1.56, 12288, 0,    13.325,
 326, 371, 327, 327, 328.308, 1.308, 12288, 0, 328.308, 331.373, 3.065, 1224, 331.373, 332.501, 1.128, 12288, 0, 332.501, 335.758, 3.257, 1800, 335.758, 336.879, 1.122, 9216, 0, 336.879, 338.48, 1.601, 1350, 338.48, 339.249, 0.769, 12288, 0,    12.249,
 325, 371, 326, 326, 327.483, 1.483, 15360, 0, 327.483, 330.22, 2.737, 1504, 330.22, 331.724, 1.504, 15360, 0, 331.724, 334.837, 3.113, 2250, 334.837, 336.105, 1.268, 11264, 0, 336.105, 338.5, 2.395, 1650, 338.5, 340.146, 1.646, 14336, 0,    14.146,
 327, 371, 328, 328, 329.469, 1.469, 17408, 0, 329.469, 332.557, 3.089, 1752, 332.557, 333.646, 1.088, 17408, 0, 333.646, 337.038, 3.393, 2550, 337.038, 338.067, 1.028, 12288, 0, 338.067, 340.622, 2.555, 1800, 340.622, 341.648, 1.027, 16384, 0,    13.648,
 328, 371, 329, 329, 330.496, 1.496, 15360, 0, 330.496, 333.491, 2.995, 1585, 333.491, 334.608, 1.117, 15360, 0, 334.608, 337.838, 3.231, 2250, 337.838, 339.005, 1.167, 11264, 0, 339.005, 340.96, 1.955, 1650, 340.96, 342.551, 1.59, 14336, 0,    13.551,
 329, 371, 330, 330, 331.317, 1.317, 12288, 0, 331.317, 334.243, 2.926, 1265, 334.243, 335.376, 1.132, 12288, 0, 335.376, 338.161, 2.785, 1800, 338.161, 339.774, 1.613, 9216, 0, 339.774, 342.223, 2.45, 1350, 342.223, 343.319, 1.096, 12288, 0,    13.319,
 330, 371, 331, 331, 332.341, 1.341, 15360, 0, 332.341, 335.502, 3.161, 1501, 335.502, 336.464, 0.962, 15360, 0, 336.464, 340.04, 3.576, 2250, 340.04, 340.99, 0.95, 11264, 0, 340.99, 342.954, 1.963, 1650, 342.954, 344.215, 1.261, 14336, 0,    13.215,
 331, 371, 332, 332, 333.365, 1.365, 15360, 0, 333.365, 336.332, 2.967, 1561, 336.332, 337.424, 1.092, 15360, 0, 337.424, 340.846, 3.422, 2250, 340.846, 341.932, 1.086, 11264, 0, 341.932, 344.181, 2.249, 1650, 344.181, 345.117, 0.937, 14336, 0,    13.117,
 332, 371, 333, 333, 334.327, 1.327, 14336, 0, 334.327, 337.507, 3.179, 1499, 337.507, 338.403, 0.896, 14336, 0, 338.403, 341.205, 2.802, 2100, 341.205, 342.789, 1.584, 10240, 0, 342.789, 344.735, 1.946, 1500, 344.735, 345.949, 1.214, 13312, 0,    12.949,
 333, 371, 334, 334, 335.354, 1.354, 15360, 0, 335.354, 338.355, 3.001, 1518, 338.355, 339.368, 1.012, 15360, 0, 339.368, 343.044, 3.677, 2250, 343.044, 343.988, 0.943, 11264, 0, 343.988, 346.144, 2.156, 1650, 346.144, 347.048, 0.904, 14336, 0,    13.048,
 334, 371, 335, 335, 336.31, 1.31, 14336, 0, 336.31, 339.418, 3.108, 1431, 339.418, 340.316, 0.898, 14336, 0, 340.316, 343.654, 3.338, 2100, 343.654, 344.843, 1.189, 10240, 0, 344.843, 346.622, 1.779, 1500, 346.622, 347.885, 1.263, 13312, 0,    12.885,
 335, 371, 336, 336, 337.336, 1.336, 15360, 0, 337.336, 340.423, 3.086, 1538, 340.423, 341.383, 0.96, 15360, 0, 341.383, 344.387, 3.004, 2250, 344.387, 345.787, 1.401, 11264, 0, 345.787, 348.102, 2.315, 1650, 348.102, 348.998, 0.896, 14336, 0,    12.998,
 336, 371, 337, 337, 338.367, 1.367, 15360, 0, 338.367, 341.468, 3.102, 1538, 341.468, 342.431, 0.963, 15360, 0, 342.431, 346.05, 3.619, 2250, 346.05, 346.992, 0.942, 11264, 0, 346.992, 348.96, 1.969, 1650, 348.96, 349.897, 0.937, 14336, 0,    12.897,
 337, 371, 338, 338, 339.464, 1.464, 16384, 0, 339.464, 342.686, 3.222, 1697, 342.686, 343.715, 1.029, 16384, 0, 343.715, 346.916, 3.201, 2400, 346.916, 348.019, 1.103, 12288, 0, 348.019, 350.237, 2.217, 1800, 350.237, 351.264, 1.027, 16384, 0,    13.264,
 338, 371, 339, 339, 340.563, 1.563, 16384, 0, 340.563, 343.664, 3.101, 1643, 343.664, 344.742, 1.077, 16384, 0, 344.742, 347.945, 3.203, 2400, 347.945, 349.043, 1.098, 12288, 0, 349.043, 351.177, 2.133, 1800, 351.177, 352.288, 1.111, 16384, 0,    13.288,
 339, 371, 340, 340, 341.519, 1.519, 14336, 0, 341.519, 344.593, 3.073, 1419, 344.593, 345.639, 1.047, 14336, 0, 345.639, 348.849, 3.209, 2100, 348.849, 349.899, 1.05, 10240, 0, 349.899, 352.015, 2.116, 1500, 352.015, 353.12, 1.105, 13312, 0,    13.120,
 340, 371, 341, 341, 342.543, 1.543, 15360, 0, 342.543, 345.739, 3.196, 1553, 345.739, 346.699, 0.96, 15360, 0, 346.699, 349.917, 3.217, 2250, 349.917, 350.86, 0.943, 11264, 0, 350.86, 353.138, 2.278, 1650, 353.138, 354.034, 0.896, 14336, 0,    13.034,
 341, 371, 342, 342, 343.502, 1.502, 14336, 0, 343.502, 346.551, 3.049, 1469, 346.551, 347.602, 1.051, 14336, 0, 347.602, 350.744, 3.142, 2100, 350.744, 351.713, 0.969, 10240, 0, 351.713, 353.798, 2.085, 1500, 353.798, 354.871, 1.073, 13312, 0,    12.871,
 342, 371, 343, 343, 344.594, 1.594, 16384, 0, 344.594, 347.979, 3.385, 1675, 347.979, 349.008, 1.029, 16384, 0, 349.008, 352.201, 3.193, 2400, 352.201, 353.227, 1.026, 12288, 0, 353.227, 355.36, 2.133, 1800, 355.36, 356.389, 1.029, 16384, 0,    13.389,
 343, 371, 344, 344, 345.618, 1.618, 15360, 0, 345.618, 348.612, 2.994, 1545, 348.612, 349.978, 1.365, 15360, 0, 349.978, 352.983, 3.005, 2250, 352.983, 354.166, 1.183, 11264, 0, 354.166, 356.123, 1.957, 1650, 356.123, 357.292, 1.169, 14336, 0,    13.292,
 344, 371, 345, 345, 346.506, 1.506, 13312, 0, 346.506, 349.731, 3.225, 1312, 349.731, 350.814, 1.083, 13312, 0, 350.814, 353.404, 2.59, 1950, 353.404, 354.935, 1.531, 9216, 0, 354.935, 356.961, 2.026, 1350, 356.961, 358.064, 1.103, 12288, 0,    13.064,
 345, 371, 346, 346, 347.53, 1.53, 15360, 0, 347.53, 350.709, 3.179, 1573, 350.709, 351.774, 1.064, 15360, 0, 351.774, 355.203, 3.429, 2250, 355.203, 356.15, 0.948, 11264, 0, 356.15, 358.115, 1.964, 1650, 358.115, 359.011, 0.897, 14336, 0,    13.011,
 347, 371, 348, 348, 349.373, 1.373, 12288, 0, 349.373, 352.412, 3.039, 1275, 352.412, 353.536, 1.124, 12288, 0, 353.536, 355.943, 2.406, 1800, 355.943, 356.921, 0.978, 9216, 0, 356.921, 358.569, 1.649, 1350, 358.569, 359.788, 1.219, 12288, 0,    11.788,
 346, 371, 347, 347, 348.554, 1.554, 15360, 0, 348.554, 351.805, 3.251, 1548, 351.805, 352.765, 0.96, 15360, 0, 352.765, 355.983, 3.217, 2250, 355.983, 357.866, 1.884, 11264, 0, 357.866, 360.078, 2.212, 1650, 360.078, 360.975, 0.896, 14336, 0,    13.975,
 348, 371, 349, 349, 350.465, 1.465, 16384, 0, 350.465, 353.969, 3.504, 1623, 353.969, 354.997, 1.028, 16384, 0, 354.997, 358.418, 3.42, 2400, 358.418, 359.448, 1.03, 12288, 0, 359.448, 361.584, 2.136, 1800, 361.584, 362.613, 1.03, 16384, 0,    13.613,
 349, 371, 350, 350, 351.489, 1.489, 15360, 0, 351.489, 354.433, 2.943, 1516, 354.433, 355.958, 1.525, 15360, 0, 355.958, 358.957, 2.999, 2250, 358.957, 360.389, 1.432, 11264, 0, 360.389, 362.34, 1.951, 1650, 362.34, 363.516, 1.175, 14336, 0,    13.516,
 350, 371, 351, 351, 352.382, 1.382, 13312, 0, 352.382, 355.73, 3.348, 1308, 355.73, 356.79, 1.06, 13312, 0, 356.79, 359.387, 2.597, 1950, 359.387, 361.158, 1.771, 9216, 0, 361.158, 363.186, 2.028, 1350, 363.186, 364.284, 1.097, 12288, 0,    13.284,
 351, 371, 352, 352, 353.407, 1.407, 15360, 0, 353.407, 356.512, 3.106, 1557, 356.512, 357.756, 1.243, 15360, 0, 357.756, 361.426, 3.67, 2250, 361.426, 362.367, 0.941, 11264, 0, 362.367, 364.317, 1.95, 1650, 364.317, 365.218, 0.901, 14336, 0,    13.218,
 352, 371, 353, 353, 354.368, 1.368, 14336, 0, 354.368, 357.725, 3.357, 1497, 357.725, 358.652, 0.927, 14336, 0, 358.652, 361.756, 3.104, 2100, 361.756, 363.226, 1.47, 10240, 0, 363.226, 364.998, 1.772, 1500, 364.998, 366.059, 1.061, 13312, 0,    13.059,
 353, 371, 354, 354, 355.265, 1.265, 13312, 0, 355.265, 358.378, 3.114, 1396, 358.378, 359.484, 1.105, 13312, 0, 359.484, 362.082, 2.598, 1950, 362.082, 364.001, 1.919, 9216, 0, 364.001, 365.923, 1.922, 1350, 365.923, 366.837, 0.913, 12288, 0,    12.837,
 355, 371, 356, 356, 357.321, 1.321, 14336, 0, 357.321, 360.26, 2.939, 1407, 360.26, 361.826, 1.566, 14336, 0, 361.826, 364.621, 2.795, 2100, 364.621, 365.478, 0.857, 10240, 0, 365.478, 367.26, 1.782, 1500, 367.26, 368.092, 0.832, 13312, 0,    12.092,
 354, 371, 355, 355, 356.358, 1.358, 16384, 0, 356.358, 359.898, 3.539, 1625, 359.898, 360.928, 1.03, 16384, 0, 360.928, 364.634, 3.707, 2400, 364.634, 366.508, 1.874, 12288, 0, 366.508, 368.649, 2.141, 1800, 368.649, 369.683, 1.034, 16384, 0,    14.683,
 356, 371, 357, 357, 358.277, 1.277, 14336, 0, 358.277, 361.835, 3.558, 1449, 361.835, 362.732, 0.897, 14336, 0, 362.732, 365.526, 2.794, 2100, 365.526, 367.365, 1.839, 10240, 0, 367.365, 369.145, 1.78, 1500, 369.145, 370.515, 1.37, 13312, 0,    13.515,
 357, 371, 358, 358, 359.442, 1.442, 17408, 0, 359.442, 362.591, 3.149, 1744, 362.591, 363.823, 1.232, 17408, 0, 363.823, 368.024, 4.201, 2550, 368.024, 369.058, 1.034, 12288, 0, 369.058, 371.194, 2.136, 1800, 371.194, 372.218, 1.024, 16384, 0,    14.218,
 358, 371, 359, 359, 360.602, 1.602, 17408, 0, 360.602, 364.123, 3.521, 1716, 364.123, 365.218, 1.095, 17408, 0, 365.218, 368.619, 3.401, 2550, 368.619, 370.085, 1.466, 12288, 0, 370.085, 372.221, 2.135, 1800, 372.221, 373.25, 1.029, 16384, 0,    14.250,
 359, 371, 360, 360, 361.558, 1.558, 14336, 0, 361.558, 364.486, 2.928, 1418, 364.486, 366.122, 1.636, 14336, 0, 366.122, 368.928, 2.806, 2100, 368.928, 370.942, 2.014, 10240, 0, 370.942, 372.972, 2.031, 1500, 372.972, 374.091, 1.119, 13312, 0,    14.091,
 361, 371, 362, 362, 363.542, 1.542, 12288, 0, 363.542, 366.162, 2.62, 1256, 366.162, 366.934, 0.772, 12288, 0, 366.934, 370.427, 3.493, 1800, 370.427, 371.71, 1.283, 9216, 0, 371.71, 373.823, 2.113, 1350, 373.823, 374.859, 1.036, 12288, 0,    12.859,
 363, 371, 364, 364, 365.529, 1.529, 13312, 0, 365.529, 368.232, 2.704, 1354, 368.232, 369.066, 0.834, 13312, 0, 369.066, 371.657, 2.591, 1950, 371.657, 372.478, 0.821, 9216, 0, 372.478, 374.582, 2.104, 1350, 374.582, 375.627, 1.045, 12288, 0,    11.627,
 360, 371, 361, 361, 362.723, 1.723, 17408, 0, 362.723, 366.427, 3.705, 1729, 366.427, 368.024, 1.596, 17408, 0, 368.024, 372.025, 4.001, 2550, 372.025, 373.502, 1.477, 12288, 0, 373.502, 375.957, 2.455, 1800, 375.957, 376.987, 1.03, 16384, 0,    15.987,
 362, 371, 363, 363, 364.641, 1.641, 16384, 0, 364.641, 368.325, 3.684, 1623, 368.325, 370.093, 1.769, 16384, 0, 370.093, 373.643, 3.55, 2400, 373.643, 374.67, 1.026, 12288, 0, 374.67, 376.81, 2.14, 1800, 376.81, 378.011, 1.201, 16384, 0,    15.011,
 364, 371, 365, 365, 366.553, 1.553, 15360, 0, 366.553, 370.256, 3.703, 1518, 370.256, 371.216, 0.96, 15360, 0, 371.216, 374.662, 3.446, 2250, 374.662, 375.608, 0.946, 11264, 0, 375.608, 377.917, 2.309, 1650, 377.917, 378.907, 0.99, 14336, 0,    13.907,
 365, 371, 366, 366, 367.577, 1.577, 15360, 0, 367.577, 370.455, 2.878, 1596, 370.455, 372.176, 1.721, 15360, 0, 372.176, 375.179, 3.003, 2250, 375.179, 376.552, 1.373, 11264, 0, 376.552, 378.767, 2.215, 1650, 378.767, 379.803, 1.036, 14336, 0,    13.803,
 366, 371, 367, 367, 368.533, 1.533, 14336, 0, 368.533, 372.147, 3.615, 1419, 372.147, 373.072, 0.925, 14336, 0, 373.072, 376.452, 3.379, 2100, 376.452, 377.415, 0.963, 10240, 0, 377.415, 379.698, 2.283, 1500, 379.698, 380.635, 0.937, 13312, 0,    13.635,
 368, 371, 369, 369, 370.586, 1.586, 13312, 0, 370.586, 373.884, 3.298, 1302, 373.884, 374.992, 1.108, 13312, 0, 374.992, 377.786, 2.794, 1950, 377.786, 378.562, 0.777, 9216, 0, 378.562, 380.368, 1.805, 1350, 380.368, 381.406, 1.039, 12288, 0,    12.406,
 367, 371, 368, 368, 369.699, 1.699, 17408, 0, 369.699, 372.739, 3.041, 1714, 372.739, 374.16, 1.421, 17408, 0, 374.16, 378.061, 3.901, 2550, 378.061, 379.586, 1.525, 12288, 0, 379.586, 381.833, 2.247, 1800, 381.833, 382.861, 1.028, 16384, 0,    14.861,
 369, 371, 370, 370, 371.405, 1.405, 12288, 0, 371.405, 374.432, 3.027, 1264, 374.432, 375.76, 1.328, 12288, 0, 375.76, 378.869, 3.108, 1800, 378.869, 380.354, 1.486, 9216, 0, 380.354, 381.979, 1.625, 1350, 381.979, 383.629, 1.65, 12288, 0,    13.629,
 370, 371, 371, 371, 372.299, 1.299, 13312, 0, 372.299, 375.714, 3.416, 1366, 375.714, 376.592, 0.878, 13312, 0, 376.592, 380.398, 3.806, 1950, 380.398, 381.174, 0.776, 9216, 0, 381.174, 383.441, 2.267, 1350, 383.441, 384.397, 0.956, 12288, 0,    13.397,
 371, 371, 372, 372, 373.26, 1.26, 14336, 0, 373.26, 376.372, 3.111, 1454, 376.372, 377.488, 1.117, 14336, 0, 377.488, 380.867, 3.379, 2100, 380.867, 382.027, 1.16, 10240, 0, 382.027, 383.813, 1.786, 1500, 383.813, 385.231, 1.417, 13312, 0,    13.231,
 372, 371, 373, 373, 374.225, 1.225, 14336, 0, 374.225, 377.685, 3.46, 1475, 377.685, 378.582, 0.897, 14336, 0, 378.582, 381.669, 3.087, 2100, 381.669, 382.883, 1.214, 10240, 0, 382.883, 385.227, 2.344, 1500, 385.227, 386.062, 0.835, 13312, 0,    13.062,
 374, 371, 375, 375, 376.075, 1.075, 12288, 0, 376.075, 379.329, 3.254, 1233, 379.329, 380.313, 0.983, 12288, 0, 380.313, 383.269, 2.957, 1800, 383.269, 384.04, 0.77, 9216, 0, 384.04, 385.633, 1.593, 1350, 385.633, 386.83, 1.197, 12288, 0,    11.830,
 373, 371, 374, 374, 375.255, 1.255, 15360, 0, 375.255, 378.406, 3.15, 1512, 378.406, 379.545, 1.139, 15360, 0, 379.545, 383.397, 3.852, 2250, 383.397, 384.979, 1.582, 11264, 0, 384.979, 387.185, 2.207, 1650, 387.185, 388.083, 0.897, 14336, 0,    14.083,
 375, 371, 376, 376, 377.172, 1.172, 16384, 0, 377.172, 380.671, 3.499, 1697, 380.671, 381.699, 1.029, 16384, 0, 381.699, 384.904, 3.204, 2400, 384.904, 386.003, 1.1, 12288, 0, 386.003, 388.143, 2.139, 1800, 388.143, 389.167, 1.024, 16384, 0,    13.167,
 376, 371, 377, 377, 378.196, 1.196, 15360, 0, 378.196, 381.393, 3.198, 1549, 381.393, 382.665, 1.272, 15360, 0, 382.665, 386.271, 3.606, 2250, 386.271, 387.219, 0.948, 11264, 0, 387.219, 389.175, 1.955, 1650, 389.175, 390.073, 0.899, 14336, 0,    13.073,
 377, 371, 378, 378, 379.356, 1.356, 17408, 0, 379.356, 383.059, 3.703, 1789, 383.059, 384.147, 1.088, 17408, 0, 384.147, 387.547, 3.399, 2550, 387.547, 388.573, 1.026, 12288, 0, 388.573, 390.709, 2.135, 1800, 390.709, 391.736, 1.027, 16384, 0,    13.736,
 378, 371, 379, 379, 380.319, 1.319, 14336, 0, 380.319, 383.377, 3.058, 1480, 383.377, 385.043, 1.666, 14336, 0, 385.043, 387.843, 2.8, 2100, 387.843, 389.433, 1.59, 10240, 0, 389.433, 391.219, 1.785, 1500, 391.219, 392.568, 1.349, 13312, 0,    13.568,
 379, 371, 380, 380, 381.277, 1.277, 14336, 0, 381.277, 385.007, 3.729, 1461, 385.007, 385.939, 0.933, 14336, 0, 385.939, 389.073, 3.134, 2100, 389.073, 390.291, 1.217, 10240, 0, 390.291, 392.488, 2.198, 1500, 392.488, 393.402, 0.914, 13312, 0,    13.402,
 380, 371, 381, 381, 382.438, 1.438, 17408, 0, 382.438, 385.703, 3.265, 1745, 385.703, 387.029, 1.326, 17408, 0, 387.029, 390.946, 3.916, 2550, 390.946, 391.982, 1.036, 12288, 0, 391.982, 394.115, 2.134, 1800, 394.115, 395.14, 1.024, 16384, 0,    14.140,
 381, 371, 382, 382, 383.53, 1.53, 16384, 0, 383.53, 387.185, 3.655, 1635, 387.185, 388.209, 1.024, 16384, 0, 388.209, 391.417, 3.208, 2400, 391.417, 393.006, 1.589, 12288, 0, 393.006, 395.139, 2.133, 1800, 395.139, 396.171, 1.032, 16384, 0,    14.171,
 382, 371, 383, 383, 384.691, 1.691, 17408, 0, 384.691, 388.015, 3.324, 1728, 388.015, 389.299, 1.283, 17408, 0, 389.299, 392.696, 3.397, 2550, 392.696, 394.038, 1.342, 12288, 0, 394.038, 396.255, 2.217, 1800, 396.255, 397.279, 1.024, 16384, 0,    14.279,
 383, 371, 384, 384, 385.854, 1.854, 17408, 0, 385.854, 389.492, 3.638, 1724, 389.492, 390.58, 1.088, 17408, 0, 390.58, 394.363, 3.783, 2550, 394.363, 395.389, 1.026, 12288, 0, 395.389, 397.53, 2.141, 1800, 397.53, 398.557, 1.027, 16384, 0,    14.557,
 384, 371, 385, 385, 386.878, 1.878, 15360, 0, 386.878, 390.123, 3.245, 1579, 390.123, 391.54, 1.417, 15360, 0, 391.54, 394.54, 3, 2250, 394.54, 396.333, 1.793, 11264, 0, 396.333, 398.285, 1.952, 1650, 398.285, 399.458, 1.174, 14336, 0,    14.458,
 385, 371, 386, 386, 387.833, 1.833, 14336, 0, 387.833, 391.487, 3.654, 1492, 391.487, 392.439, 0.952, 14336, 0, 392.439, 395.502, 3.062, 2100, 395.502, 397.188, 1.686, 10240, 0, 397.188, 399.308, 2.12, 1500, 399.308, 400.29, 0.982, 13312, 0,    14.290,
 387, 371, 388, 388, 389.618, 1.618, 12288, 0, 389.618, 393.094, 3.476, 1206, 393.094, 394.103, 1.009, 12288, 0, 394.103, 396.941, 2.838, 1800, 396.941, 397.962, 1.021, 9216, 0, 397.962, 399.885, 1.923, 1350, 399.885, 401.066, 1.181, 12288, 0,    13.066,
 386, 371, 387, 387, 388.799, 1.799, 14336, 0, 388.799, 392.048, 3.249, 1442, 392.048, 393.335, 1.287, 14336, 0, 393.335, 397.167, 3.831, 2100, 397.167, 398.815, 1.649, 10240, 0, 398.815, 401.094, 2.279, 1500, 401.094, 401.927, 0.833, 13312, 0,    14.927,
 388, 371, 389, 389, 390.779, 1.779, 17408, 0, 390.779, 394.323, 3.544, 1707, 394.323, 395.416, 1.093, 17408, 0, 395.416, 398.904, 3.487, 2550, 398.904, 399.929, 1.026, 12288, 0, 399.929, 402.072, 2.143, 1800, 402.072, 403.096, 1.024, 16384, 0,    14.096,
 389, 371, 390, 390, 391.736, 1.736, 14336, 0, 391.736, 394.964, 3.228, 1400, 394.964, 396.315, 1.351, 14336, 0, 396.315, 399.741, 3.426, 2100, 399.741, 400.787, 1.046, 10240, 0, 400.787, 402.88, 2.094, 1500, 402.88, 403.936, 1.056, 13312, 0,    13.936,
 390, 371, 391, 391, 392.691, 1.691, 14336, 0, 392.691, 396.203, 3.512, 1405, 396.203, 397.216, 1.013, 14336, 0, 397.216, 400.006, 2.789, 2100, 400.006, 401.64, 1.635, 10240, 0, 401.64, 403.85, 2.21, 1500, 403.85, 404.775, 0.925, 13312, 0,    13.775,
 391, 371, 392, 392, 393.511, 1.511, 12288, 0, 393.511, 396.678, 3.167, 1283, 396.678, 397.984, 1.306, 12288, 0, 397.984, 401.307, 3.323, 1800, 401.307, 402.417, 1.11, 9216, 0, 402.417, 404.486, 2.069, 1350, 404.486, 405.549, 1.063, 12288, 0,    13.549,
 392, 371, 393, 393, 394.603, 1.603, 16384, 0, 394.603, 398.462, 3.859, 1694, 398.462, 399.486, 1.024, 16384, 0, 399.486, 402.957, 3.472, 2400, 402.957, 403.989, 1.032, 12288, 0, 403.989, 406.124, 2.134, 1800, 406.124, 407.152, 1.028, 16384, 0,    14.152,
 393, 371, 394, 394, 395.695, 1.695, 16384, 0, 395.695, 398.838, 3.142, 1621, 398.838, 400.516, 1.678, 16384, 0, 400.516, 403.721, 3.206, 2400, 403.721, 405.014, 1.292, 12288, 0, 405.014, 407.148, 2.134, 1800, 407.148, 408.177, 1.03, 16384, 0,    14.177,
 394, 371, 395, 395, 396.583, 1.583, 13312, 0, 396.583, 400.306, 3.723, 1384, 400.306, 401.348, 1.042, 13312, 0, 401.348, 403.947, 2.6, 1950, 403.947, 405.785, 1.837, 9216, 0, 405.785, 407.731, 1.946, 1350, 407.731, 408.955, 1.224, 12288, 0,    13.955,
 396, 371, 397, 397, 398.494, 1.494, 12288, 0, 398.494, 401.997, 3.503, 1266, 401.997, 403.148, 1.151, 12288, 0, 403.148, 406.124, 2.976, 1800, 406.124, 406.899, 0.775, 9216, 0, 406.899, 408.749, 1.85, 1350, 408.749, 409.731, 0.982, 12288, 0,    12.731,
 395, 371, 396, 396, 397.675, 1.675, 16384, 0, 397.675, 401.01, 3.335, 1626, 401.01, 402.38, 1.37, 16384, 0, 402.38, 406.164, 3.784, 2400, 406.164, 407.923, 1.759, 12288, 0, 407.923, 410.06, 2.137, 1800, 410.06, 411.084, 1.024, 16384, 0,    15.084,
 397, 371, 398, 398, 399.655, 1.655, 17408, 0, 399.655, 403.323, 3.668, 1724, 403.323, 404.411, 1.088, 17408, 0, 404.411, 407.811, 3.399, 2550, 407.811, 408.947, 1.136, 12288, 0, 408.947, 411.09, 2.143, 1800, 411.09, 412.116, 1.026, 16384, 0,    14.116,
 399, 371, 400, 400, 401.844, 1.844, 15360, 0, 401.844, 405.446, 3.602, 1592, 405.446, 406.459, 1.013, 15360, 0, 406.459, 409.458, 2.999, 2250, 409.458, 410.399, 0.941, 11264, 0, 410.399, 412.352, 1.953, 1650, 412.352, 413.252, 0.901, 14336, 0,    13.252,
 398, 371, 399, 399, 400.821, 1.821, 17408, 0, 400.821, 404.272, 3.451, 1702, 404.272, 405.499, 1.227, 17408, 0, 405.499, 409.528, 4.029, 2550, 409.528, 411.433, 1.904, 12288, 0, 411.433, 413.572, 2.139, 1800, 413.572, 414.598, 1.027, 16384, 0,    15.598,
 400, 371, 402, 402, 403.04, 1.04, 15360, 0, 403.04, 406.367, 3.327, 1572, 406.367, 407.428, 1.061, 15360, 0, 407.428, 410.817, 3.389, 2250, 410.817, 412.372, 1.555, 11264, 0, 412.372, 414.334, 1.962, 1650, 414.334, 415.494, 1.16, 14336, 0,    13.494,
 401, 371, 403, 403, 403.927, 0.927, 13312, 0, 403.927, 407.271, 3.344, 1365, 407.271, 408.263, 0.992, 13312, 0, 408.263, 412.059, 3.796, 1950, 412.059, 413.141, 1.082, 9216, 0, 413.141, 415.174, 2.034, 1350, 415.174, 416.262, 1.088, 12288, 0,    13.262,
 402, 371, 404, 404, 405.176, 1.176, 17408, 0, 405.176, 408.749, 3.573, 1785, 408.749, 409.837, 1.088, 17408, 0, 409.837, 413.243, 3.406, 2550, 413.243, 414.272, 1.028, 12288, 0, 414.272, 416.474, 2.203, 1800, 416.474, 417.502, 1.028, 16384, 0,    13.502,
 403, 371, 405, 405, 406.268, 1.268, 16384, 0, 406.268, 409.458, 3.19, 1640, 409.458, 410.865, 1.406, 16384, 0, 410.865, 414.07, 3.205, 2400, 414.07, 415.296, 1.226, 12288, 0, 415.296, 417.434, 2.138, 1800, 417.434, 418.532, 1.098, 16384, 0,    13.532,
 404, 371, 406, 406, 407.231, 1.231, 14336, 0, 407.231, 410.747, 3.516, 1494, 410.747, 411.764, 1.017, 14336, 0, 411.764, 414.876, 3.112, 2100, 414.876, 416.152, 1.276, 10240, 0, 416.152, 418.259, 2.107, 1500, 418.259, 419.364, 1.105, 13312, 0,    13.364,
 405, 371, 407, 407, 408.259, 1.259, 15360, 0, 408.259, 411.483, 3.224, 1516, 411.483, 412.725, 1.242, 15360, 0, 412.725, 416.25, 3.525, 2250, 416.25, 417.191, 0.941, 11264, 0, 417.191, 419.397, 2.206, 1650, 419.397, 420.294, 0.897, 14336, 0,    13.294,
 406, 371, 408, 408, 409.42, 1.42, 17408, 0, 409.42, 413.148, 3.728, 1798, 413.148, 414.245, 1.097, 17408, 0, 414.245, 417.641, 3.396, 2550, 417.641, 418.667, 1.026, 12288, 0, 418.667, 420.797, 2.13, 1800, 420.797, 421.821, 1.024, 16384, 0,    13.821,
 407, 371, 409, 409, 410.382, 1.382, 14336, 0, 410.382, 413.482, 3.1, 1497, 413.482, 415.142, 1.661, 14336, 0, 415.142, 417.937, 2.795, 2100, 417.937, 419.521, 1.584, 10240, 0, 419.521, 421.305, 1.785, 1500, 421.305, 422.653, 1.348, 13312, 0,    13.653,
 408, 371, 410, 410, 411.406, 1.406, 15360, 0, 411.406, 415.164, 3.758, 1507, 415.164, 416.127, 0.963, 15360, 0, 416.127, 419.249, 3.122, 2250, 419.249, 420.459, 1.21, 11264, 0, 420.459, 422.757, 2.297, 1650, 422.757, 423.653, 0.896, 14336, 0,    13.653,
 410, 371, 412, 412, 413.39, 1.39, 12288, 0, 413.39, 416.809, 3.419, 1234, 416.809, 417.983, 1.175, 12288, 0, 417.983, 420.377, 2.394, 1800, 420.377, 421.231, 0.854, 9216, 0, 421.231, 422.911, 1.679, 1350, 422.911, 424.424, 1.513, 12288, 0,    12.424,
 411, 371, 413, 413, 414.277, 1.277, 13312, 0, 414.277, 417.557, 3.279, 1340, 417.557, 418.818, 1.261, 13312, 0, 418.818, 421.849, 3.031, 1950, 421.849, 423.034, 1.185, 9216, 0, 423.034, 424.642, 1.608, 1350, 424.642, 425.411, 0.769, 12288, 0,    12.411,
 409, 371, 411, 411, 412.571, 1.571, 17408, 0, 412.571, 415.762, 3.191, 1710, 415.762, 417.215, 1.454, 17408, 0, 417.215, 421.044, 3.829, 2550, 421.044, 422.262, 1.218, 12288, 0, 422.262, 424.892, 2.63, 1800, 424.892, 426.441, 1.549, 16384, 0,    15.441,
 412, 371, 414, 414, 415.301, 1.301, 15360, 0, 415.301, 418.892, 3.591, 1563, 418.892, 419.852, 0.96, 15360, 0, 419.852, 423.385, 3.533, 2250, 423.385, 424.326, 0.941, 11264, 0, 424.326, 426.602, 2.276, 1650, 426.602, 427.505, 0.904, 14336, 0,    13.505,
 413, 371, 415, 415, 416.466, 1.466, 17408, 0, 416.466, 419.823, 3.358, 1700, 419.823, 420.944, 1.121, 17408, 0, 420.944, 424.447, 3.503, 2550, 424.447, 425.473, 1.026, 12288, 0, 425.473, 427.608, 2.134, 1800, 427.608, 428.637, 1.029, 16384, 0,    13.637,
 414, 371, 416, 416, 417.558, 1.558, 16384, 0, 417.558, 421.13, 3.572, 1676, 421.13, 422.154, 1.024, 16384, 0, 422.154, 425.361, 3.206, 2400, 425.361, 426.499, 1.138, 12288, 0, 426.499, 428.742, 2.244, 1800, 428.742, 429.767, 1.025, 16384, 0,    13.767,
 415, 371, 417, 417, 418.587, 1.587, 15360, 0, 418.587, 421.879, 3.292, 1537, 421.879, 423.114, 1.236, 15360, 0, 423.114, 426.384, 3.27, 2250, 426.384, 427.439, 1.054, 11264, 0, 427.439, 429.572, 2.134, 1650, 429.572, 430.665, 1.093, 14336, 0,    13.665,
 416, 371, 418, 418, 419.544, 1.544, 14336, 0, 419.544, 423.086, 3.542, 1468, 423.086, 424.014, 0.928, 14336, 0, 424.014, 427.246, 3.232, 2100, 427.246, 428.296, 1.049, 10240, 0, 428.296, 430.521, 2.225, 1500, 430.521, 431.5, 0.979, 13312, 0,    13.500,
 417, 371, 419, 419, 420.569, 1.569, 15360, 0, 420.569, 423.934, 3.365, 1537, 423.934, 424.974, 1.04, 15360, 0, 424.974, 428.366, 3.392, 2250, 428.366, 429.316, 0.95, 11264, 0, 429.316, 431.54, 2.224, 1650, 431.54, 432.443, 0.903, 14336, 0,    13.443,
 418, 371, 420, 420, 421.729, 1.729, 17408, 0, 421.729, 425.454, 3.725, 1777, 425.454, 426.546, 1.091, 17408, 0, 426.546, 429.946, 3.401, 2550, 429.946, 430.977, 1.031, 12288, 0, 430.977, 433.111, 2.133, 1800, 433.111, 434.135, 1.024, 16384, 0,    14.135,
 419, 371, 421, 421, 422.691, 1.691, 14336, 0, 422.691, 425.924, 3.233, 1490, 425.924, 427.447, 1.523, 14336, 0, 427.447, 430.246, 2.799, 2100, 430.246, 431.831, 1.585, 10240, 0, 431.831, 433.608, 1.777, 1500, 433.608, 434.97, 1.362, 13312, 0,    13.970,
 420, 371, 422, 422, 423.853, 1.853, 17408, 0, 423.853, 427.815, 3.963, 1766, 427.815, 428.903, 1.088, 17408, 0, 428.903, 432.299, 3.396, 2550, 432.299, 433.332, 1.033, 12288, 0, 433.332, 435.466, 2.135, 1800, 435.466, 436.497, 1.03, 16384, 0,    14.497,
 421, 371, 423, 423, 424.882, 1.882, 15360, 0, 424.882, 427.995, 3.112, 1553, 427.995, 429.869, 1.874, 15360, 0, 429.869, 432.949, 3.08, 2250, 432.949, 434.276, 1.327, 11264, 0, 434.276, 436.236, 1.96, 1650, 436.236, 437.393, 1.158, 14336, 0,    14.393,
 422, 371, 424, 424, 425.702, 1.702, 12288, 0, 425.702, 429.428, 3.727, 1200, 429.428, 430.644, 1.216, 12288, 0, 430.644, 433.05, 2.406, 1800, 433.05, 435.044, 1.994, 9216, 0, 435.044, 437.076, 2.032, 1350, 437.076, 438.169, 1.093, 12288, 0,    14.169,
 423, 371, 425, 425, 426.66, 1.66, 14336, 0, 426.66, 429.936, 3.276, 1450, 429.936, 431.54, 1.604, 14336, 0, 431.54, 435.099, 3.559, 2100, 435.099, 435.955, 0.856, 10240, 0, 435.955, 438.014, 2.059, 1500, 438.014, 439, 0.986, 13312, 0,    14.000,
 424, 371, 426, 426, 427.685, 1.685, 15360, 0, 427.685, 431.554, 3.869, 1595, 431.554, 432.514, 0.96, 15360, 0, 432.514, 435.956, 3.441, 2250, 435.956, 436.904, 0.948, 11264, 0, 436.904, 439.034, 2.13, 1650, 439.034, 439.937, 0.903, 14336, 0,    13.937,
 425, 371, 427, 427, 428.855, 1.855, 17408, 0, 428.855, 432.242, 3.387, 1726, 432.242, 433.608, 1.366, 17408, 0, 433.608, 437.012, 3.403, 2550, 437.012, 438.04, 1.028, 12288, 0, 438.04, 440.177, 2.137, 1800, 440.177, 441.201, 1.024, 16384, 0,    14.201,
 426, 371, 428, 428, 429.821, 1.821, 14336, 0, 429.821, 433.52, 3.699, 1475, 433.52, 434.513, 0.993, 14336, 0, 434.513, 437.903, 3.39, 2100, 437.903, 438.893, 0.99, 10240, 0, 438.893, 440.818, 1.925, 1500, 440.818, 442.039, 1.22, 13312, 0,    14.039,
 427, 371, 429, 429, 430.913, 1.913, 16384, 0, 430.913, 434.461, 3.548, 1664, 434.461, 435.538, 1.077, 16384, 0, 435.538, 439.159, 3.621, 2400, 439.159, 440.189, 1.029, 12288, 0, 440.189, 442.324, 2.135, 1800, 442.324, 443.347, 1.024, 16384, 0,    14.347,
 428, 371, 430, 430, 431.944, 1.944, 15360, 0, 431.944, 435.536, 3.592, 1510, 435.536, 436.507, 0.971, 15360, 0, 436.507, 440.017, 3.51, 2250, 440.017, 441.127, 1.111, 11264, 0, 441.127, 443.084, 1.957, 1650, 443.084, 444.244, 1.16, 14336, 0,    14.244,
 429, 371, 431, 431, 432.834, 1.834, 13312, 0, 432.834, 436.216, 3.381, 1314, 436.216, 437.339, 1.123, 13312, 0, 437.339, 440.505, 3.166, 1950, 440.505, 441.895, 1.391, 9216, 0, 441.895, 443.925, 2.029, 1350, 443.925, 445.016, 1.091, 12288, 0,    14.016,
 430, 371, 432, 432, 433.995, 1.995, 17408, 0, 433.995, 437.853, 3.858, 1733, 437.853, 438.941, 1.088, 17408, 0, 438.941, 442.562, 3.621, 2550, 442.562, 443.593, 1.031, 12288, 0, 443.593, 445.726, 2.133, 1800, 445.726, 446.75, 1.024, 16384, 0,    14.750,
 431, 371, 433, 433, 434.951, 1.951, 14336, 0, 434.951, 438.115, 3.164, 1423, 438.115, 439.837, 1.722, 14336, 0, 439.837, 442.824, 2.987, 2100, 442.824, 444.447, 1.624, 10240, 0, 444.447, 446.233, 1.786, 1500, 446.233, 447.582, 1.349, 13312, 0,    14.582,
 432, 371, 434, 434, 435.977, 1.977, 15360, 0, 435.977, 439.957, 3.98, 1574, 439.957, 440.922, 0.966, 15360, 0, 440.922, 443.914, 2.991, 2250, 443.914, 445.389, 1.475, 11264, 0, 445.389, 447.687, 2.298, 1650, 447.687, 448.583, 0.896, 14336, 0,    14.583,
 434, 371, 436, 436, 437.765, 1.765, 12288, 0, 437.765, 441.583, 3.818, 1218, 441.583, 442.592, 1.009, 12288, 0, 442.592, 445.223, 2.631, 1800, 445.223, 446.164, 0.941, 9216, 0, 446.164, 447.842, 1.678, 1350, 447.842, 449.351, 1.509, 12288, 0,    13.351,
 435, 371, 437, 437, 438.653, 1.653, 13312, 0, 438.653, 441.733, 3.08, 1310, 441.733, 443.424, 1.691, 13312, 0, 443.424, 446.521, 3.097, 1950, 446.521, 447.785, 1.265, 9216, 0, 447.785, 449.451, 1.666, 1350, 449.451, 450.219, 0.768, 12288, 0,    13.219,
 433, 371, 435, 435, 436.938, 1.938, 14336, 0, 436.938, 439.987, 3.049, 1401, 439.987, 441.821, 1.834, 14336, 0, 441.821, 445.369, 3.549, 2100, 445.369, 447.017, 1.648, 10240, 0, 447.017, 449.471, 2.454, 1500, 449.471, 451.06, 1.589, 13312, 0,    16.060,
 436, 371, 438, 438, 439.54, 1.54, 13312, 0, 439.54, 443.447, 3.907, 1399, 443.447, 444.279, 0.832, 13312, 0, 444.279, 447.822, 3.543, 1950, 447.822, 448.595, 0.773, 9216, 0, 448.595, 451.062, 2.467, 1350, 451.062, 451.835, 0.773, 12288, 0,    13.835,
 437, 371, 439, 439, 440.564, 1.564, 15360, 0, 440.564, 443.865, 3.301, 1599, 443.865, 445.246, 1.381, 15360, 0, 445.246, 448.373, 3.127, 2250, 448.373, 449.537, 1.164, 11264, 0, 449.537, 451.488, 1.951, 1650, 451.488, 452.732, 1.244, 14336, 0,    13.732,
 438, 371, 440, 440, 441.663, 1.663, 16384, 0, 441.663, 445.611, 3.948, 1624, 445.611, 446.635, 1.024, 16384, 0, 446.635, 449.834, 3.199, 2400, 449.834, 450.86, 1.026, 12288, 0, 450.86, 453.205, 2.344, 1800, 453.205, 454.236, 1.031, 16384, 0,    14.236,
 439, 371, 441, 441, 442.552, 1.552, 13312, 0, 442.552, 445.656, 3.104, 1339, 445.656, 447.468, 1.812, 13312, 0, 447.468, 450.427, 2.959, 1950, 450.427, 451.629, 1.201, 9216, 0, 451.629, 453.226, 1.598, 1350, 453.226, 455.012, 1.785, 12288, 0,    14.012,
 441, 371, 443, 443, 444.675, 1.675, 15360, 0, 444.675, 447.695, 3.021, 1529, 447.695, 448.662, 0.966, 15360, 0, 448.662, 451.661, 2.999, 2250, 451.661, 452.602, 0.941, 11264, 0, 452.602, 455.165, 2.562, 1650, 455.165, 456.061, 0.896, 14336, 0,    13.061,
 442, 371, 444, 444, 445.499, 1.499, 12288, 0, 445.499, 449.331, 3.832, 1226, 449.331, 450.464, 1.133, 12288, 0, 450.464, 452.856, 2.392, 1800, 452.856, 453.626, 0.77, 9216, 0, 453.626, 455.225, 1.599, 1350, 455.225, 456.83, 1.606, 12288, 0,    12.830,
 443, 371, 445, 445, 446.387, 1.387, 13312, 0, 446.387, 449.634, 3.247, 1373, 449.634, 451.296, 1.663, 13312, 0, 451.296, 454.261, 2.965, 1950, 454.261, 455.423, 1.162, 9216, 0, 455.423, 457.027, 1.604, 1350, 457.027, 457.797, 0.771, 12288, 0,    12.797,
 440, 371, 442, 442, 443.651, 1.651, 16384, 0, 443.651, 447.802, 4.152, 1642, 447.802, 449.691, 1.889, 16384, 0, 449.691, 453.04, 3.349, 2400, 453.04, 454.655, 1.615, 12288, 0, 454.655, 457.315, 2.66, 1800, 457.315, 458.822, 1.507, 16384, 0,    16.822,
 445, 371, 447, 447, 448.444, 1.444, 13312, 0, 448.444, 451.406, 2.962, 1323, 451.406, 452.243, 0.837, 13312, 0, 452.243, 455.457, 3.215, 1950, 455.457, 456.227, 0.77, 9216, 0, 456.227, 458.627, 2.4, 1350, 458.627, 459.59, 0.963, 12288, 0,    12.590,
 444, 371, 446, 446, 447.556, 1.556, 17408, 0, 447.556, 451.675, 4.119, 1754, 451.675, 453.334, 1.659, 17408, 0, 453.334, 456.734, 3.4, 2550, 456.734, 457.77, 1.036, 12288, 0, 457.77, 459.912, 2.142, 1800, 459.912, 460.941, 1.029, 16384, 0,    14.941,
 446, 371, 448, 448, 449.331, 1.331, 13312, 0, 449.331, 453.205, 3.873, 1344, 453.205, 454.17, 0.965, 13312, 0, 454.17, 456.869, 2.699, 1950, 456.869, 458.547, 1.678, 9216, 0, 458.547, 460.244, 1.697, 1350, 460.244, 461.718, 1.474, 12288, 0,    13.718,
 447, 371, 449, 449, 450.22, 1.22, 13312, 0, 450.22, 453.434, 3.214, 1313, 453.434, 455.002, 1.568, 13312, 0, 455.002, 458.062, 3.06, 1950, 458.062, 459.322, 1.26, 9216, 0, 459.322, 461.521, 2.199, 1350, 461.521, 462.486, 0.966, 12288, 0,    13.486,
 448, 371, 450, 450, 451.04, 1.04, 12288, 0, 451.04, 454.804, 3.764, 1200, 454.804, 455.77, 0.966, 12288, 0, 455.77, 459.139, 3.369, 1800, 459.139, 460.096, 0.958, 9216, 0, 460.096, 461.85, 1.754, 1350, 461.85, 463.255, 1.404, 12288, 0,    13.255,
 449, 371, 451, 451, 452.206, 1.206, 17408, 0, 452.206, 455.73, 3.524, 1712, 455.73, 456.859, 1.128, 17408, 0, 456.859, 460.27, 3.412, 2550, 460.27, 461.296, 1.026, 12288, 0, 461.296, 463.661, 2.365, 1800, 463.661, 464.685, 1.024, 16384, 0,    13.685,
 450, 371, 452, 452, 453.103, 1.103, 13312, 0, 453.103, 456.556, 3.454, 1311, 456.556, 457.698, 1.142, 13312, 0, 457.698, 460.668, 2.97, 1950, 460.668, 462.069, 1.402, 9216, 0, 462.069, 463.671, 1.602, 1350, 463.671, 465.455, 1.784, 12288, 0,    13.455,
 451, 371, 453, 453, 454.059, 1.059, 14336, 0, 454.059, 457.649, 3.59, 1440, 457.649, 458.595, 0.946, 14336, 0, 458.595, 461.955, 3.359, 2100, 461.955, 462.926, 0.972, 10240, 0, 462.926, 465.445, 2.519, 1500, 465.445, 466.29, 0.845, 13312, 0,    13.290,
 452, 371, 454, 454, 455.226, 1.226, 17408, 0, 455.226, 458.949, 3.722, 1795, 458.949, 460.037, 1.088, 17408, 0, 460.037, 463.671, 3.635, 2550, 463.671, 464.697, 1.026, 12288, 0, 464.697, 466.827, 2.13, 1800, 466.827, 467.858, 1.031, 16384, 0,    13.858,
 453, 371, 455, 455, 456.319, 1.319, 16384, 0, 456.319, 459.81, 3.491, 1617, 459.81, 461.066, 1.256, 16384, 0, 461.066, 464.273, 3.207, 2400, 464.273, 465.73, 1.457, 12288, 0, 465.73, 467.868, 2.138, 1800, 467.868, 468.892, 1.024, 16384, 0,    13.892,
 454, 371, 456, 456, 457.343, 1.343, 15360, 0, 457.343, 461.013, 3.669, 1543, 461.013, 462.026, 1.013, 15360, 0, 462.026, 465.03, 3.004, 2250, 465.03, 466.67, 1.641, 11264, 0, 466.67, 468.784, 2.114, 1650, 468.784, 469.789, 1.005, 14336, 0,    13.789,
 456, 371, 458, 458, 459.26, 1.26, 12288, 0, 459.26, 462.719, 3.46, 1281, 462.719, 463.862, 1.142, 12288, 0, 463.862, 466.687, 2.825, 1800, 466.687, 467.457, 0.77, 9216, 0, 467.457, 469.476, 2.019, 1350, 469.476, 470.562, 1.086, 12288, 0,    12.562,
 455, 371, 457, 457, 458.437, 1.437, 16384, 0, 458.437, 462.067, 3.63, 1686, 462.067, 463.092, 1.024, 16384, 0, 463.092, 466.877, 3.786, 2400, 466.877, 468.481, 1.604, 12288, 0, 468.481, 470.922, 2.441, 1800, 470.922, 471.948, 1.027, 16384, 0,    14.948,
 457, 371, 459, 459, 460.284, 1.284, 15360, 0, 460.284, 464.108, 3.824, 1530, 464.108, 465.077, 0.969, 15360, 0, 465.077, 468.072, 2.995, 2250, 468.072, 469.425, 1.353, 11264, 0, 469.425, 471.435, 2.011, 1650, 471.435, 472.849, 1.414, 14336, 0,    13.849,
 458, 371, 460, 460, 461.447, 1.447, 17408, 0, 461.447, 465, 3.553, 1706, 465, 466.165, 1.165, 17408, 0, 466.165, 470.087, 3.922, 2550, 470.087, 471.113, 1.026, 12288, 0, 471.113, 473.255, 2.143, 1800, 473.255, 474.28, 1.024, 16384, 0,    14.280,
 459, 371, 461, 461, 462.48, 1.48, 15360, 0, 462.48, 466.148, 3.668, 1531, 466.148, 467.13, 0.981, 15360, 0, 467.13, 470.137, 3.007, 2250, 470.137, 472.056, 1.919, 11264, 0, 472.056, 474.019, 1.963, 1650, 474.019, 475.176, 1.157, 14336, 0,    14.176,
 460, 371, 462, 462, 463.581, 1.581, 16384, 0, 463.581, 467.22, 3.639, 1660, 467.22, 468.245, 1.025, 16384, 0, 468.245, 471.445, 3.201, 2400, 471.445, 473.08, 1.635, 12288, 0, 473.08, 475.393, 2.313, 1800, 475.393, 476.423, 1.03, 16384, 0,    14.423,
 461, 371, 463, 463, 464.537, 1.537, 14336, 0, 464.537, 468.134, 3.598, 1488, 468.134, 469.145, 1.01, 14336, 0, 469.145, 472.889, 3.744, 2100, 472.889, 473.942, 1.053, 10240, 0, 473.942, 475.802, 1.86, 1500, 475.802, 477.26, 1.458, 13312, 0,    14.260,
 462, 371, 464, 464, 465.637, 1.637, 16384, 0, 465.637, 469.466, 3.829, 1681, 469.466, 470.494, 1.028, 16384, 0, 470.494, 473.706, 3.212, 2400, 473.706, 474.97, 1.263, 12288, 0, 474.97, 477.545, 2.576, 1800, 477.545, 478.574, 1.029, 16384, 0,    14.574,
 463, 371, 465, 465, 466.797, 1.797, 17408, 0, 466.797, 470.412, 3.615, 1707, 470.412, 471.586, 1.174, 17408, 0, 471.586, 474.988, 3.402, 2550, 474.988, 476.014, 1.027, 12288, 0, 476.014, 478.147, 2.133, 1800, 478.147, 479.601, 1.454, 16384, 0,    14.601,
 464, 371, 466, 466, 467.96, 1.96, 17408, 0, 467.96, 471.823, 3.864, 1769, 471.823, 472.912, 1.088, 17408, 0, 472.912, 476.309, 3.397, 2550, 476.309, 477.336, 1.027, 12288, 0, 477.336, 479.689, 2.353, 1800, 479.689, 480.713, 1.024, 16384, 0,    14.713,
 465, 371, 467, 467, 468.984, 1.984, 15360, 0, 468.984, 472.528, 3.544, 1583, 472.528, 473.877, 1.349, 15360, 0, 473.877, 476.88, 3.003, 2250, 476.88, 478.285, 1.404, 11264, 0, 478.285, 480.238, 1.953, 1650, 480.238, 481.611, 1.373, 14336, 0,    14.611,
 466, 371, 468, 468, 469.804, 1.804, 12288, 0, 469.804, 473.486, 3.682, 1243, 473.486, 474.646, 1.161, 12288, 0, 474.646, 477.394, 2.748, 1800, 477.394, 479.059, 1.665, 9216, 0, 479.059, 481.293, 2.234, 1350, 481.293, 482.388, 1.095, 12288, 0,    14.388,
 468, 371, 470, 470, 471.727, 1.727, 12288, 0, 471.727, 475.128, 3.401, 1227, 475.128, 476.569, 1.441, 12288, 0, 476.569, 479.288, 2.719, 1800, 479.288, 480.058, 0.77, 9216, 0, 480.058, 481.838, 1.78, 1350, 481.838, 483.156, 1.318, 12288, 0,    13.156,
 467, 371, 469, 469, 470.902, 1.902, 16384, 0, 470.902, 474.768, 3.866, 1676, 474.768, 475.797, 1.029, 16384, 0, 475.797, 479.511, 3.715, 2400, 479.511, 481.082, 1.57, 12288, 0, 481.082, 483.428, 2.346, 1800, 483.428, 484.452, 1.024, 16384, 0,    15.452,
 470, 371, 472, 472, 473.707, 1.707, 13312, 0, 473.707, 476.872, 3.166, 1308, 476.872, 477.709, 0.837, 13312, 0, 477.709, 480.308, 2.599, 1950, 480.308, 481.85, 1.542, 9216, 0, 481.85, 483.45, 1.6, 1350, 483.45, 485.228, 1.778, 12288, 0,    13.228,
 472, 371, 474, 474, 475.557, 1.557, 12288, 0, 475.557, 478.546, 2.989, 1227, 478.546, 479.501, 0.956, 12288, 0, 479.501, 481.917, 2.416, 1800, 481.917, 482.687, 0.77, 9216, 0, 482.687, 485.033, 2.346, 1350, 485.033, 486, 0.967, 12288, 0,    12.000,
 469, 371, 471, 471, 472.819, 1.819, 16384, 0, 472.819, 476.91, 4.091, 1602, 476.91, 478.733, 1.823, 16384, 0, 478.733, 482.494, 3.761, 2400, 482.494, 483.717, 1.223, 12288, 0, 483.717, 485.857, 2.14, 1800, 485.857, 487.024, 1.168, 16384, 0,    16.024,
 471, 371, 473, 473, 474.738, 1.738, 15360, 0, 474.738, 478.995, 4.258, 1586, 478.995, 480.462, 1.466, 15360, 0, 480.462, 483.47, 3.008, 2250, 483.47, 484.656, 1.186, 11264, 0, 484.656, 486.999, 2.343, 1650, 486.999, 487.922, 0.923, 14336, 0,    14.922,
 473, 371, 475, 475, 476.649, 1.649, 16384, 0, 476.649, 480.787, 4.137, 1680, 480.787, 481.811, 1.024, 16384, 0, 481.811, 485.123, 3.313, 2400, 485.123, 486.158, 1.035, 12288, 0, 486.158, 488.3, 2.142, 1800, 488.3, 489.33, 1.03, 16384, 0,    14.330,
 474, 371, 476, 476, 477.605, 1.605, 14336, 0, 477.605, 480.869, 3.263, 1405, 480.869, 482.71, 1.841, 14336, 0, 482.71, 485.505, 2.795, 2100, 485.505, 487.013, 1.508, 10240, 0, 487.013, 488.787, 1.774, 1500, 488.787, 490.168, 1.381, 13312, 0,    14.168,
 475, 371, 477, 477, 478.43, 1.43, 12288, 0, 478.43, 482.434, 4.004, 1236, 482.434, 483.483, 1.049, 12288, 0, 483.483, 485.887, 2.403, 1800, 485.887, 487.784, 1.897, 9216, 0, 487.784, 489.902, 2.119, 1350, 489.902, 490.936, 1.034, 12288, 0,    13.936,
 476, 371, 478, 478, 479.318, 1.318, 13312, 0, 479.318, 482.614, 3.296, 1310, 482.614, 484.323, 1.709, 13312, 0, 484.323, 487.727, 3.404, 1950, 487.727, 488.552, 0.825, 9216, 0, 488.552, 490.389, 1.837, 1350, 490.389, 491.704, 1.316, 12288, 0,    13.704,
 477, 371, 479, 479, 480.273, 1.273, 14336, 0, 480.273, 484.364, 4.091, 1445, 484.364, 485.26, 0.896, 14336, 0, 485.26, 488.31, 3.05, 2100, 488.31, 489.405, 1.095, 10240, 0, 489.405, 491.686, 2.282, 1500, 491.686, 492.538, 0.852, 13312, 0,    13.538,
 478, 371, 480, 480, 481.372, 1.372, 16384, 0, 481.372, 484.793, 3.421, 1631, 484.793, 486.284, 1.492, 16384, 0, 486.284, 489.488, 3.203, 2400, 489.488, 490.522, 1.034, 12288, 0, 490.522, 492.657, 2.136, 1800, 492.657, 493.689, 1.032, 16384, 0,    13.689,
 479, 371, 481, 481, 482.259, 1.259, 13312, 0, 482.259, 486.156, 3.897, 1341, 486.156, 487.116, 0.96, 13312, 0, 487.116, 490.328, 3.212, 1950, 490.328, 491.292, 0.964, 9216, 0, 491.292, 493.287, 1.995, 1350, 493.287, 494.462, 1.175, 12288, 0,    13.462,
 480, 371, 482, 482, 483.215, 1.215, 14336, 0, 483.215, 486.717, 3.502, 1443, 486.717, 488.016, 1.298, 14336, 0, 488.016, 491.111, 3.096, 2100, 491.111, 492.146, 1.034, 10240, 0, 492.146, 494.442, 2.296, 1500, 494.442, 495.302, 0.86, 13312, 0,    13.302,
 481, 371, 483, 483, 484.316, 1.316, 16384, 0, 484.316, 488.41, 4.093, 1685, 488.41, 489.438, 1.028, 16384, 0, 489.438, 492.687, 3.249, 2400, 492.687, 493.721, 1.034, 12288, 0, 493.721, 495.864, 2.143, 1800, 495.864, 496.889, 1.025, 16384, 0,    13.889,
 482, 371, 484, 484, 485.483, 1.483, 17408, 0, 485.483, 489.124, 3.641, 1794, 489.124, 490.528, 1.404, 17408, 0, 490.528, 493.93, 3.402, 2550, 493.93, 494.959, 1.029, 12288, 0, 494.959, 497.098, 2.139, 1800, 497.098, 498.123, 1.024, 16384, 0,    14.123,
 483, 371, 485, 485, 486.584, 1.584, 16384, 0, 486.584, 490.655, 4.072, 1675, 490.655, 491.684, 1.029, 16384, 0, 491.684, 494.876, 3.192, 2400, 494.876, 495.992, 1.116, 12288, 0, 495.992, 498.133, 2.141, 1800, 498.133, 499.161, 1.028, 16384, 0,    14.161,
 484, 371, 486, 486, 487.403, 1.403, 12288, 0, 487.403, 490.855, 3.452, 1294, 490.855, 492.454, 1.599, 12288, 0, 492.454, 495.098, 2.644, 1800, 495.098, 496.761, 1.663, 9216, 0, 496.761, 498.7, 1.939, 1350, 498.7, 499.929, 1.229, 12288, 0,    13.929,
 486, 371, 488, 488, 489.392, 1.392, 12288, 0, 489.392, 492.558, 3.166, 1271, 492.558, 493.328, 0.77, 12288, 0, 493.328, 496.336, 3.008, 1800, 496.336, 497.535, 1.199, 9216, 0, 497.535, 499.742, 2.207, 1350, 499.742, 500.697, 0.956, 12288, 0,    12.697,
 485, 371, 487, 487, 488.564, 1.564, 17408, 0, 488.564, 493.003, 4.44, 1761, 493.003, 494.422, 1.419, 17408, 0, 494.422, 498.275, 3.853, 2550, 498.275, 499.301, 1.026, 12288, 0, 499.301, 501.432, 2.131, 1800, 501.432, 502.456, 1.024, 16384, 0,    15.456,
 487, 371, 489, 489, 490.486, 1.486, 16384, 0, 490.486, 494.73, 4.244, 1627, 494.73, 495.754, 1.024, 16384, 0, 495.754, 498.953, 3.2, 2400, 498.953, 500.325, 1.372, 12288, 0, 500.325, 502.461, 2.136, 1800, 502.461, 503.485, 1.024, 16384, 0,    14.485,
 488, 371, 490, 490, 491.578, 1.578, 16384, 0, 491.578, 495.248, 3.67, 1683, 495.248, 496.777, 1.529, 16384, 0, 496.777, 499.974, 3.197, 2400, 499.974, 501.357, 1.383, 12288, 0, 501.357, 503.576, 2.219, 1800, 503.576, 504.602, 1.026, 16384, 0,    14.602,
 489, 371, 491, 491, 492.602, 1.602, 15360, 0, 492.602, 496.829, 4.227, 1575, 496.829, 497.789, 0.96, 15360, 0, 497.789, 501.282, 3.493, 2250, 501.282, 502.296, 1.013, 11264, 0, 502.296, 504.424, 2.128, 1650, 504.424, 505.504, 1.08, 14336, 0,    14.504,
 490, 371, 492, 492, 493.701, 1.701, 16384, 0, 493.701, 497.478, 3.777, 1668, 497.478, 498.819, 1.341, 16384, 0, 498.819, 502.161, 3.342, 2400, 502.161, 503.325, 1.165, 12288, 0, 503.325, 505.721, 2.396, 1800, 505.721, 506.747, 1.026, 16384, 0,    14.747,
 491, 371, 493, 493, 494.523, 1.523, 12288, 0, 494.523, 498.446, 3.923, 1213, 498.446, 499.587, 1.141, 12288, 0, 499.587, 502.381, 2.793, 1800, 502.381, 504.095, 1.714, 9216, 0, 504.095, 506.027, 1.932, 1350, 506.027, 507.515, 1.488, 12288, 0,    14.515,
 492, 371, 494, 494, 495.479, 1.479, 14336, 0, 495.479, 499.353, 3.874, 1406, 499.353, 500.483, 1.13, 14336, 0, 500.483, 504.081, 3.598, 2100, 504.081, 504.95, 0.869, 10240, 0, 504.95, 507.5, 2.55, 1500, 507.5, 508.348, 0.848, 13312, 0,    14.348,
 493, 371, 495, 495, 496.3, 1.3, 12288, 0, 496.3, 500.104, 3.804, 1237, 500.104, 501.251, 1.147, 12288, 0, 501.251, 504.561, 3.309, 1800, 504.561, 505.721, 1.161, 9216, 0, 505.721, 507.636, 1.915, 1350, 507.636, 509.115, 1.48, 12288, 0,    14.115,
 494, 371, 496, 496, 497.333, 1.333, 15360, 0, 497.333, 501.367, 4.034, 1511, 501.367, 502.334, 0.967, 15360, 0, 502.334, 505.379, 3.046, 2250, 505.379, 506.661, 1.282, 11264, 0, 506.661, 509.457, 2.796, 1650, 509.457, 510.355, 0.898, 14336, 0,    14.355,
 495, 371, 497, 497, 498.357, 1.357, 15360, 0, 498.357, 502.221, 3.864, 1585, 502.221, 503.294, 1.073, 15360, 0, 503.294, 507.083, 3.789, 2250, 507.083, 508.023, 0.941, 11264, 0, 508.023, 509.977, 1.953, 1650, 509.977, 511.251, 1.274, 14336, 0,    14.251,
 497, 371, 499, 499, 500.348, 1.348, 12288, 0, 500.348, 503.894, 3.546, 1251, 503.894, 505.563, 1.669, 12288, 0, 505.563, 507.957, 2.394, 1800, 507.957, 508.791, 0.835, 9216, 0, 508.791, 511.062, 2.27, 1350, 511.062, 512.026, 0.964, 12288, 0,    13.026,
 496, 371, 498, 498, 499.524, 1.524, 17408, 0, 499.524, 503.705, 4.181, 1751, 503.705, 504.795, 1.09, 17408, 0, 504.795, 508.195, 3.4, 2550, 508.195, 509.817, 1.622, 12288, 0, 509.817, 512.12, 2.303, 1800, 512.12, 513.147, 1.027, 16384, 0,    15.147,
 498, 371, 500, 500, 501.509, 1.509, 17408, 0, 501.509, 506.084, 4.575, 1779, 506.084, 507.172, 1.088, 17408, 0, 507.172, 510.574, 3.402, 2550, 510.574, 511.6, 1.026, 12288, 0, 511.6, 513.733, 2.133, 1800, 513.733, 514.765, 1.032, 16384, 0,    14.765,
 499, 371, 501, 501, 502.604, 1.604, 16384, 0, 502.604, 506.104, 3.5, 1655, 506.104, 508.205, 2.1, 16384, 0, 508.205, 511.415, 3.211, 2400, 511.415, 512.625, 1.21, 12288, 0, 512.625, 514.765, 2.139, 1800, 514.765, 515.789, 1.024, 16384, 0,    14.789,
 500, 371, 502, 502, 503.566, 1.566, 14336, 0, 503.566, 508.042, 4.476, 1464, 508.042, 509.105, 1.064, 14336, 0, 509.105, 511.905, 2.8, 2100, 511.905, 513.478, 1.573, 10240, 0, 513.478, 515.521, 2.042, 1500, 515.521, 516.628, 1.107, 13312, 0,    14.628,
 501, 371, 503, 503, 504.658, 1.658, 16384, 0, 504.658, 508.261, 3.602, 1613, 508.261, 510.132, 1.871, 16384, 0, 510.132, 513.775, 3.643, 2400, 513.775, 514.803, 1.027, 12288, 0, 514.803, 516.941, 2.138, 1800, 516.941, 517.971, 1.031, 16384, 0,    14.971,
 502, 371, 504, 504, 505.614, 1.614, 14336, 0, 505.614, 510.038, 4.424, 1491, 510.038, 511.03, 0.992, 14336, 0, 511.03, 514.223, 3.193, 2100, 514.223, 515.662, 1.439, 10240, 0, 515.662, 517.436, 1.774, 1500, 517.436, 518.804, 1.368, 13312, 0,    14.804,
 504, 371, 506, 506, 507.596, 1.596, 13312, 0, 507.596, 511.831, 4.235, 1346, 511.831, 512.891, 1.06, 13312, 0, 512.891, 516.375, 3.483, 1950, 516.375, 517.463, 1.089, 9216, 0, 517.463, 519.07, 1.606, 1350, 519.07, 519.838, 0.768, 12288, 0,    13.838,
 503, 371, 505, 505, 506.709, 1.709, 16384, 0, 506.709, 510.471, 3.762, 1648, 510.471, 512.059, 1.588, 16384, 0, 512.059, 515.259, 3.2, 2400, 515.259, 516.695, 1.436, 12288, 0, 516.695, 519.087, 2.391, 1800, 519.087, 520.87, 1.783, 16384, 0,    15.870,
 505, 371, 507, 507, 508.556, 1.556, 14336, 0, 508.556, 512.463, 3.907, 1494, 512.463, 513.795, 1.332, 14336, 0, 513.795, 517.022, 3.227, 2100, 517.022, 518.326, 1.304, 10240, 0, 518.326, 520.85, 2.524, 1500, 520.85, 521.702, 0.852, 13312, 0,    14.702,
 506, 371, 508, 508, 509.582, 1.582, 15360, 0, 509.582, 513.92, 4.338, 1566, 513.92, 514.88, 0.96, 15360, 0, 514.88, 518.261, 3.381, 2250, 518.261, 519.264, 1.004, 11264, 0, 519.264, 521.217, 1.953, 1650, 521.217, 522.598, 1.381, 14336, 0,    14.598,
 507, 371, 509, 509, 510.678, 1.678, 16384, 0, 510.678, 514.636, 3.957, 1628, 514.636, 515.903, 1.268, 16384, 0, 515.903, 519.58, 3.677, 2400, 519.58, 520.609, 1.029, 12288, 0, 520.609, 522.987, 2.378, 1800, 522.987, 524.013, 1.026, 16384, 0,    15.013,
 508, 371, 510, 510, 511.568, 1.568, 13312, 0, 511.568, 515.701, 4.132, 1333, 515.701, 516.736, 1.035, 13312, 0, 516.736, 519.638, 2.902, 1950, 519.638, 521.377, 1.739, 9216, 0, 521.377, 522.987, 1.61, 1350, 522.987, 524.786, 1.799, 12288, 0,    14.786,
 510, 371, 512, 512, 513.493, 1.493, 12288, 0, 513.493, 517.41, 3.917, 1282, 517.41, 518.576, 1.166, 12288, 0, 518.576, 521.985, 3.409, 1800, 521.985, 523.26, 1.275, 9216, 0, 523.26, 524.854, 1.594, 1350, 524.854, 525.623, 0.768, 12288, 0,    13.623,
 509, 371, 511, 511, 512.665, 1.665, 16384, 0, 512.665, 516.781, 4.116, 1608, 516.781, 517.805, 1.024, 16384, 0, 517.805, 521.465, 3.66, 2400, 521.465, 522.491, 1.026, 12288, 0, 522.491, 525.121, 2.63, 1800, 525.121, 526.653, 1.532, 16384, 0,    15.653,
 511, 371, 513, 513, 514.517, 1.517, 15360, 0, 514.517, 518.856, 4.339, 1553, 518.856, 519.816, 0.96, 15360, 0, 519.816, 522.812, 2.996, 2250, 522.812, 524.199, 1.388, 11264, 0, 524.199, 526.816, 2.617, 1650, 526.816, 527.722, 0.905, 14336, 0,    14.722,
 512, 371, 514, 514, 515.609, 1.609, 16384, 0, 515.609, 519.59, 3.981, 1635, 519.59, 520.84, 1.25, 16384, 0, 520.84, 524.665, 3.825, 2400, 524.665, 525.693, 1.027, 12288, 0, 525.693, 527.835, 2.142, 1800, 527.835, 528.865, 1.03, 16384, 0,    14.865,
 513, 371, 515, 515, 516.639, 1.639, 15360, 0, 516.639, 520.937, 4.298, 1555, 520.937, 521.9, 0.962, 15360, 0, 521.9, 524.991, 3.091, 2250, 524.991, 526.634, 1.644, 11264, 0, 526.634, 528.776, 2.142, 1650, 528.776, 529.765, 0.989, 14336, 0,    14.765,
 514, 371, 516, 516, 517.466, 1.466, 12288, 0, 517.466, 521.227, 3.761, 1228, 521.227, 522.671, 1.444, 12288, 0, 522.671, 525.217, 2.546, 1800, 525.217, 527.403, 2.186, 9216, 0, 527.403, 529.438, 2.035, 1350, 529.438, 530.536, 1.098, 12288, 0,    14.536,
 515, 371, 517, 517, 518.294, 1.294, 12288, 0, 518.294, 522.656, 4.362, 1276, 522.656, 523.449, 0.793, 12288, 0, 523.449, 527.065, 3.617, 1800, 527.065, 528.174, 1.109, 9216, 0, 528.174, 530.379, 2.205, 1350, 530.379, 531.305, 0.926, 12288, 0,    14.305,
 516, 371, 518, 518, 519.122, 1.122, 12288, 0, 519.122, 522.894, 3.773, 1243, 522.894, 524.217, 1.322, 12288, 0, 524.217, 527.402, 3.185, 1800, 527.402, 528.942, 1.541, 9216, 0, 528.942, 531.038, 2.096, 1350, 531.038, 532.074, 1.036, 12288, 0,    14.074,
 517, 371, 519, 519, 520.214, 1.214, 16384, 0, 520.214, 524.804, 4.59, 1608, 524.804, 525.83, 1.026, 16384, 0, 525.83, 529.032, 3.202, 2400, 529.032, 530.058, 1.026, 12288, 0, 530.058, 532.514, 2.456, 1800, 532.514, 533.538, 1.024, 16384, 0,    14.538,
 519, 371, 521, 521, 522.059, 1.059, 12288, 0, 522.059, 526.449, 4.391, 1230, 526.449, 527.564, 1.114, 12288, 0, 527.564, 529.967, 2.403, 1800, 529.967, 530.831, 0.864, 9216, 0, 530.831, 532.64, 1.809, 1350, 532.64, 534.315, 1.675, 12288, 0,    13.315,
 518, 371, 520, 520, 521.238, 1.238, 15360, 0, 521.238, 524.949, 3.711, 1541, 524.949, 526.796, 1.847, 15360, 0, 526.796, 530.067, 3.271, 2250, 530.067, 531.77, 1.702, 11264, 0, 531.77, 534.47, 2.701, 1650, 534.47, 535.373, 0.902, 14336, 0,    15.373,
 520, 371, 522, 522, 523.152, 1.152, 16384, 0, 523.152, 527.085, 3.933, 1601, 527.085, 528.593, 1.508, 16384, 0, 528.593, 532.232, 3.639, 2400, 532.232, 533.258, 1.026, 12288, 0, 533.258, 535.401, 2.142, 1800, 535.401, 536.425, 1.024, 16384, 0,    14.425,
 521, 371, 523, 523, 524.114, 1.114, 14336, 0, 524.114, 528.35, 4.237, 1426, 528.35, 529.489, 1.138, 14336, 0, 529.489, 532.766, 3.277, 2100, 532.766, 534.112, 1.346, 10240, 0, 534.112, 536.256, 2.144, 1500, 536.256, 537.262, 1.006, 13312, 0,    14.262,
 522, 371, 524, 524, 525.005, 1.005, 13312, 0, 525.005, 528.855, 3.849, 1323, 528.855, 530.329, 1.474, 13312, 0, 530.329, 532.932, 2.603, 1950, 532.932, 534.883, 1.951, 9216, 0, 534.883, 537.012, 2.129, 1350, 537.012, 538.03, 1.018, 12288, 0,    14.030,
 523, 371, 525, 525, 526.167, 1.167, 17408, 0, 526.167, 530.634, 4.467, 1707, 530.634, 531.725, 1.09, 17408, 0, 531.725, 535.641, 3.916, 2550, 535.641, 536.667, 1.026, 12288, 0, 536.667, 538.803, 2.136, 1800, 538.803, 539.836, 1.033, 16384, 0,    14.836,
 524, 371, 526, 526, 527.199, 1.199, 15360, 0, 527.199, 530.961, 3.762, 1578, 530.961, 532.694, 1.733, 15360, 0, 532.694, 535.765, 3.072, 2250, 535.765, 537.609, 1.844, 11264, 0, 537.609, 539.573, 1.964, 1650, 539.573, 540.732, 1.159, 14336, 0,    14.732,
 525, 371, 527, 527, 528.024, 1.024, 12288, 0, 528.024, 532.361, 4.336, 1295, 532.361, 533.462, 1.101, 12288, 0, 533.462, 535.86, 2.399, 1800, 535.86, 538.378, 2.517, 9216, 0, 538.378, 540.409, 2.032, 1350, 540.409, 541.501, 1.092, 12288, 0,    14.501,
 527, 371, 529, 529, 529.937, 0.937, 13312, 0, 529.937, 534.153, 4.215, 1342, 534.153, 535.253, 1.101, 13312, 0, 535.253, 538.371, 3.117, 1950, 538.371, 539.15, 0.779, 9216, 0, 539.15, 541.174, 2.024, 1350, 541.174, 542.269, 1.095, 12288, 0,    13.269,
 528, 371, 530, 530, 530.833, 0.833, 12288, 0, 530.833, 534.648, 3.815, 1205, 534.648, 536.024, 1.376, 12288, 0, 536.024, 538.421, 2.397, 1800, 538.421, 539.92, 1.499, 9216, 0, 539.92, 542.013, 2.093, 1350, 542.013, 543.04, 1.027, 12288, 0,    13.040,
 526, 371, 528, 528, 529.05, 1.05, 15360, 0, 529.05, 533.042, 3.992, 1560, 533.042, 534.422, 1.38, 15360, 0, 534.422, 538.648, 4.226, 2250, 538.648, 540.859, 2.211, 11264, 0, 540.859, 543.13, 2.271, 1650, 543.13, 544.031, 0.901, 14336, 0,    16.031,
 530, 371, 532, 532, 533.2, 1.2, 15360, 0, 533.2, 536.776, 3.575, 1591, 536.776, 538.578, 1.803, 15360, 0, 538.578, 541.575, 2.997, 2250, 541.575, 542.516, 0.941, 11264, 0, 542.516, 544.464, 1.949, 1650, 544.464, 545.361, 0.897, 14336, 0,    13.361,
 529, 371, 531, 531, 532.176, 1.176, 17408, 0, 532.176, 536.526, 4.349, 1780, 536.526, 537.618, 1.092, 17408, 0, 537.618, 541.778, 4.159, 2550, 541.778, 543.544, 1.766, 12288, 0, 543.544, 545.668, 2.124, 1800, 545.668, 546.692, 1.024, 16384, 0,    15.692,
 531, 371, 533, 533, 534.163, 1.163, 14336, 0, 534.163, 538.401, 4.238, 1405, 538.401, 539.479, 1.079, 14336, 0, 539.479, 542.277, 2.797, 2100, 542.277, 544.398, 2.121, 10240, 0, 544.398, 546.244, 1.847, 1500, 546.244, 547.525, 1.281, 13312, 0,    14.525,
 532, 371, 534, 534, 534.985, 0.985, 12288, 0, 534.985, 538.451, 3.466, 1256, 538.451, 540.251, 1.8, 12288, 0, 540.251, 543.981, 3.73, 1800, 543.981, 545.168, 1.186, 9216, 0, 545.168, 547.27, 2.103, 1350, 547.27, 548.295, 1.025, 12288, 0,    14.295,
 533, 371, 535, 535, 535.903, 0.903, 13312, 0, 535.903, 540.197, 4.294, 1347, 540.197, 541.083, 0.886, 13312, 0, 541.083, 544.377, 3.294, 1950, 544.377, 545.942, 1.566, 9216, 0, 545.942, 547.845, 1.903, 1350, 547.845, 549.067, 1.222, 12288, 0,    14.067,
 534, 371, 536, 536, 537.098, 1.098, 16384, 0, 537.098, 540.636, 3.538, 1639, 540.636, 542.11, 1.474, 16384, 0, 542.11, 545.482, 3.372, 2400, 545.482, 546.966, 1.484, 12288, 0, 546.966, 549.405, 2.439, 1800, 549.405, 550.429, 1.024, 16384, 0,    14.429,
 535, 371, 537, 537, 538.054, 1.054, 14336, 0, 538.054, 542.155, 4.101, 1468, 542.155, 543.051, 0.896, 14336, 0, 543.051, 546.781, 3.73, 2100, 546.781, 547.82, 1.038, 10240, 0, 547.82, 549.632, 1.812, 1500, 549.632, 551.267, 1.635, 13312, 0,    14.267,
 536, 371, 538, 538, 538.95, 0.95, 13312, 0, 538.95, 542.478, 3.528, 1382, 542.478, 543.883, 1.405, 13312, 0, 543.883, 546.976, 3.093, 1950, 546.976, 548.592, 1.616, 9216, 0, 548.592, 551.006, 2.414, 1350, 551.006, 552.045, 1.039, 12288, 0,    14.045,
 537, 371, 539, 539, 539.825, 0.825, 12288, 0, 539.825, 543.79, 3.964, 1225, 543.79, 544.654, 0.865, 12288, 0, 544.654, 547.888, 3.234, 1800, 547.888, 549.36, 1.472, 9216, 0, 549.36, 551.234, 1.874, 1350, 551.234, 552.82, 1.586, 12288, 0,    13.820,
 538, 371, 540, 540, 541.031, 1.031, 15360, 0, 541.031, 544.516, 3.485, 1522, 544.516, 545.616, 1.1, 15360, 0, 545.616, 549.783, 4.168, 2250, 549.783, 550.726, 0.943, 11264, 0, 550.726, 552.971, 2.244, 1650, 552.971, 553.871, 0.9, 14336, 0,    13.871,
 539, 371, 541, 541, 542.197, 1.197, 17408, 0, 542.197, 546.1, 3.903, 1730, 546.1, 547.192, 1.092, 17408, 0, 547.192, 550.585, 3.393, 2550, 550.585, 551.752, 1.167, 12288, 0, 551.752, 553.89, 2.139, 1800, 553.89, 554.919, 1.028, 16384, 0,    13.919,
 540, 371, 542, 542, 543.292, 1.292, 16384, 0, 543.292, 546.733, 3.441, 1657, 546.733, 548.225, 1.493, 16384, 0, 548.225, 551.426, 3.2, 2400, 551.426, 552.783, 1.358, 12288, 0, 552.783, 555.114, 2.331, 1800, 555.114, 556.138, 1.024, 16384, 0,    14.138,
 541, 371, 543, 543, 544.111, 1.111, 12288, 0, 544.111, 547.761, 3.65, 1246, 547.761, 548.997, 1.236, 12288, 0, 548.997, 552.184, 3.187, 1800, 552.184, 553.561, 1.377, 9216, 0, 553.561, 555.497, 1.936, 1350, 555.497, 556.909, 1.412, 12288, 0,    13.909,
 542, 371, 544, 544, 545.203, 1.203, 16384, 0, 545.203, 548.879, 3.676, 1607, 548.879, 550.024, 1.145, 16384, 0, 550.024, 553.79, 3.766, 2400, 553.79, 554.819, 1.029, 12288, 0, 554.819, 557.253, 2.433, 1800, 557.253, 558.277, 1.024, 16384, 0,    14.277,
 543, 371, 545, 545, 546.168, 1.168, 14336, 0, 546.168, 549.703, 3.536, 1457, 549.703, 550.927, 1.224, 14336, 0, 550.927, 554.231, 3.304, 2100, 554.231, 555.679, 1.448, 10240, 0, 555.679, 557.458, 1.779, 1500, 557.458, 559.114, 1.656, 13312, 0,    14.114,
 544, 371, 546, 546, 547.124, 1.124, 14336, 0, 547.124, 550.782, 3.658, 1415, 550.782, 551.823, 1.041, 14336, 0, 551.823, 554.992, 3.169, 2100, 554.992, 556.534, 1.542, 10240, 0, 556.534, 559.032, 2.498, 1500, 559.032, 559.953, 0.921, 13312, 0,    13.953,
 545, 371, 547, 547, 548.29, 1.29, 17408, 0, 548.29, 552.055, 3.764, 1764, 552.055, 553.149, 1.094, 17408, 0, 553.149, 557.195, 4.046, 2550, 557.195, 558.23, 1.035, 12288, 0, 558.23, 560.366, 2.136, 1800, 560.366, 561.39, 1.024, 16384, 0,    14.390,
 546, 371, 548, 548, 549.315, 1.315, 15360, 0, 549.315, 552.82, 3.506, 1525, 552.82, 554.109, 1.289, 15360, 0, 554.109, 557.233, 3.124, 2250, 557.233, 559.17, 1.938, 11264, 0, 559.17, 561.123, 1.952, 1650, 561.123, 562.287, 1.165, 14336, 0,    14.287,
 547, 371, 549, 549, 550.475, 1.475, 17408, 0, 550.475, 554.414, 3.939, 1759, 554.414, 555.502, 1.088, 17408, 0, 555.502, 558.901, 3.4, 2550, 558.901, 560.195, 1.294, 12288, 0, 560.195, 562.516, 2.321, 1800, 562.516, 563.54, 1.024, 16384, 0,    14.540,
 548, 371, 550, 550, 551.435, 1.435, 14336, 0, 551.435, 554.79, 3.355, 1478, 554.79, 556.398, 1.608, 14336, 0, 556.398, 559.999, 3.601, 2100, 559.999, 561.049, 1.049, 10240, 0, 561.049, 562.906, 1.858, 1500, 562.906, 564.379, 1.473, 13312, 0,    14.379,
 549, 371, 551, 551, 552.465, 1.465, 15360, 0, 552.465, 556.524, 4.059, 1579, 556.524, 557.485, 0.961, 15360, 0, 557.485, 560.478, 2.993, 2250, 560.478, 561.987, 1.51, 11264, 0, 561.987, 564.482, 2.495, 1650, 564.482, 565.381, 0.899, 14336, 0,    14.381,
 550, 371, 552, 552, 553.566, 1.566, 16384, 0, 553.566, 556.968, 3.401, 1630, 556.968, 558.509, 1.541, 16384, 0, 558.509, 562.107, 3.598, 2400, 562.107, 563.134, 1.027, 12288, 0, 563.134, 565.277, 2.143, 1800, 565.277, 566.405, 1.127, 16384, 0,    14.405,
 551, 371, 553, 553, 554.53, 1.53, 14336, 0, 554.53, 558.427, 3.897, 1426, 558.427, 559.405, 0.978, 14336, 0, 559.405, 562.802, 3.397, 2100, 562.802, 563.993, 1.191, 10240, 0, 563.993, 566.265, 2.272, 1500, 566.265, 567.243, 0.978, 13312, 0,    14.243,
 552, 371, 554, 554, 555.357, 1.357, 12288, 0, 555.357, 558.608, 3.25, 1228, 558.608, 560.173, 1.565, 12288, 0, 560.173, 562.886, 2.714, 1800, 562.886, 564.765, 1.879, 9216, 0, 564.765, 566.882, 2.117, 1350, 566.882, 568.011, 1.129, 12288, 0,    14.011,
 553, 371, 555, 555, 556.185, 1.185, 12288, 0, 556.185, 560.045, 3.86, 1208, 560.045, 560.941, 0.896, 12288, 0, 560.941, 564.512, 3.571, 1800, 564.512, 565.536, 1.024, 9216, 0, 565.536, 567.866, 2.329, 1350, 567.866, 568.779, 0.913, 12288, 0,    13.779,
 554, 371, 556, 556, 557.006, 1.006, 12288, 0, 557.006, 560.286, 3.28, 1255, 560.286, 561.71, 1.424, 12288, 0, 561.71, 565.208, 3.498, 1800, 565.208, 566.308, 1.1, 9216, 0, 566.308, 568.486, 2.177, 1350, 568.486, 569.548, 1.062, 12288, 0,    13.548,
 555, 371, 557, 557, 557.834, 0.834, 12288, 0, 557.834, 561.717, 3.883, 1255, 561.717, 562.492, 0.775, 12288, 0, 562.492, 565.287, 2.795, 1800, 565.287, 567.077, 1.789, 9216, 0, 567.077, 569.472, 2.395, 1350, 569.472, 570.323, 0.851, 12288, 0,    13.323,
 556, 371, 558, 558, 558.962, 0.962, 14336, 0, 558.962, 562.201, 3.239, 1434, 562.201, 563.393, 1.191, 14336, 0, 563.393, 567.311, 3.918, 2100, 567.311, 568.166, 0.855, 10240, 0, 568.166, 570.264, 2.098, 1500, 570.264, 571.158, 0.894, 13312, 0,    13.158,
 557, 371, 559, 559, 560.174, 1.174, 17408, 0, 560.174, 563.984, 3.81, 1701, 563.984, 565.08, 1.096, 17408, 0, 565.08, 568.608, 3.529, 2550, 568.608, 569.64, 1.032, 12288, 0, 569.64, 571.781, 2.141, 1800, 571.781, 572.81, 1.029, 16384, 0,    13.810,
 558, 371, 560, 560, 561.338, 1.338, 17408, 0, 561.338, 564.477, 3.138, 1706, 564.477, 566.169, 1.692, 17408, 0, 566.169, 569.568, 3.399, 2550, 569.568, 570.668, 1.1, 12288, 0, 570.668, 572.802, 2.134, 1800, 572.802, 573.835, 1.033, 16384, 0,    13.835,
 559, 371, 561, 561, 562.303, 1.303, 14336, 0, 562.303, 565.901, 3.598, 1434, 565.901, 567.065, 1.164, 14336, 0, 567.065, 570.11, 3.045, 2100, 570.11, 571.521, 1.411, 10240, 0, 571.521, 573.566, 2.045, 1500, 573.566, 574.676, 1.11, 13312, 0,    13.676,
 560, 371, 562, 562, 563.327, 1.327, 15360, 0, 563.327, 566.551, 3.224, 1550, 566.551, 568.031, 1.479, 15360, 0, 568.031, 571.61, 3.579, 2250, 571.61, 572.559, 0.949, 11264, 0, 572.559, 574.76, 2.201, 1650, 574.76, 575.658, 0.898, 14336, 0,    13.658,
 561, 371, 563, 563, 564.284, 1.284, 14336, 0, 564.284, 567.886, 3.602, 1486, 567.886, 568.93, 1.044, 14336, 0, 568.93, 572.372, 3.442, 2100, 572.372, 573.42, 1.047, 10240, 0, 573.42, 575.352, 1.933, 1500, 575.352, 576.493, 1.141, 13312, 0,    13.493,
 562, 371, 564, 564, 565.103, 1.103, 12288, 0, 565.103, 568.218, 3.115, 1243, 568.218, 569.698, 1.48, 12288, 0, 569.698, 572.513, 2.815, 1800, 572.513, 574.188, 1.675, 9216, 0, 574.188, 576.376, 2.188, 1350, 576.376, 577.261, 0.885, 12288, 0,    13.261,
 563, 371, 565, 565, 566.128, 1.128, 15360, 0, 566.128, 569.956, 3.828, 1552, 569.956, 570.917, 0.96, 15360, 0, 570.917, 574.615, 3.698, 2250, 574.615, 575.555, 0.941, 11264, 0, 575.555, 577.516, 1.961, 1650, 577.516, 578.413, 0.898, 14336, 0,    13.413,
 565, 371, 567, 567, 568.177, 1.177, 13312, 0, 568.177, 571.726, 3.549, 1326, 571.726, 572.854, 1.127, 13312, 0, 572.854, 575.462, 2.608, 1950, 575.462, 576.324, 0.862, 9216, 0, 576.324, 577.982, 1.658, 1350, 577.982, 579.181, 1.199, 12288, 0,    12.181,
 564, 371, 566, 566, 567.289, 1.289, 17408, 0, 567.289, 570.485, 3.196, 1700, 570.485, 572.013, 1.527, 17408, 0, 572.013, 575.778, 3.765, 2550, 575.778, 577.358, 1.58, 12288, 0, 577.358, 579.651, 2.293, 1800, 579.651, 580.676, 1.025, 16384, 0,    14.676,
 566, 371, 568, 568, 569.133, 1.133, 14336, 0, 569.133, 572.453, 3.32, 1472, 572.453, 573.753, 1.3, 14336, 0, 573.753, 577.42, 3.667, 2100, 577.42, 578.277, 0.856, 10240, 0, 578.277, 580.056, 1.78, 1500, 580.056, 581.517, 1.46, 13312, 0,    13.517,
 567, 371, 569, 569, 570.02, 1.02, 13312, 0, 570.02, 573.566, 3.546, 1379, 573.566, 574.587, 1.021, 13312, 0, 574.587, 578.074, 3.487, 1950, 578.074, 579.045, 0.971, 9216, 0, 579.045, 581.254, 2.209, 1350, 581.254, 582.29, 1.036, 12288, 0,    13.290,
 568, 371, 570, 570, 570.978, 0.978, 14336, 0, 570.978, 574.388, 3.41, 1451, 574.388, 575.483, 1.095, 14336, 0, 575.483, 578.579, 3.096, 2100, 578.579, 579.9, 1.321, 10240, 0, 579.9, 581.835, 1.935, 1500, 581.835, 583.122, 1.287, 13312, 0,    13.122,
 569, 371, 571, 571, 572.098, 1.098, 16384, 0, 572.098, 575.748, 3.65, 1633, 575.748, 576.779, 1.031, 16384, 0, 576.779, 580.626, 3.847, 2400, 580.626, 581.66, 1.034, 12288, 0, 581.66, 583.799, 2.139, 1800, 583.799, 584.824, 1.025, 16384, 0,    13.824,
 570, 371, 572, 572, 572.991, 0.991, 13312, 0, 572.991, 576.251, 3.26, 1398, 576.251, 577.619, 1.368, 13312, 0, 577.619, 580.676, 3.057, 1950, 580.676, 582.427, 1.752, 9216, 0, 582.427, 584.026, 1.599, 1350, 584.026, 585.598, 1.572, 12288, 0,    13.598,
 573, 371, 575, 575, 575.952, 0.952, 13312, 0, 575.952, 579.573, 3.622, 1341, 579.573, 580.537, 0.963, 13312, 0, 580.537, 583.282, 2.745, 1950, 583.282, 584.147, 0.865, 9216, 0, 584.147, 585.745, 1.598, 1350, 585.745, 586.516, 0.771, 12288, 0,    11.516,
 571, 371, 573, 573, 574.034, 1.034, 15360, 0, 574.034, 577.774, 3.741, 1518, 577.774, 578.743, 0.969, 15360, 0, 578.743, 581.74, 2.997, 2250, 581.74, 583.372, 1.631, 11264, 0, 583.372, 585.759, 2.388, 1650, 585.759, 587.418, 1.659, 14336, 0,    14.418,
 572, 371, 574, 574, 575.064, 1.064, 15360, 0, 575.064, 578.339, 3.274, 1562, 578.339, 579.704, 1.365, 15360, 0, 579.704, 583.628, 3.924, 2250, 583.628, 585.095, 1.467, 11264, 0, 585.095, 587.703, 2.609, 1650, 587.703, 588.599, 0.896, 14336, 0,    14.599,
 574, 371, 576, 576, 577.033, 1.033, 15360, 0, 577.033, 580.452, 3.419, 1585, 580.452, 581.497, 1.044, 15360, 0, 581.497, 584.749, 3.252, 2250, 584.749, 586.038, 1.289, 11264, 0, 586.038, 587.996, 1.958, 1650, 587.996, 589.496, 1.501, 14336, 0,    13.496,
 575, 371, 577, 577, 578.125, 1.125, 16384, 0, 578.125, 581.821, 3.695, 1677, 581.821, 582.845, 1.024, 16384, 0, 582.845, 586.486, 3.641, 2400, 586.486, 587.515, 1.029, 12288, 0, 587.515, 589.845, 2.33, 1800, 589.845, 590.874, 1.029, 16384, 0,    13.874,
 576, 371, 578, 578, 579.086, 1.086, 14336, 0, 579.086, 582.461, 3.375, 1495, 582.461, 583.743, 1.282, 14336, 0, 583.743, 586.546, 2.803, 2100, 586.546, 588.369, 1.823, 10240, 0, 588.369, 590.148, 1.779, 1500, 590.148, 591.706, 1.558, 13312, 0,    13.706,
 577, 371, 579, 579, 580.247, 1.247, 17408, 0, 580.247, 584.184, 3.937, 1768, 584.184, 585.272, 1.088, 17408, 0, 585.272, 588.673, 3.401, 2550, 588.673, 589.706, 1.032, 12288, 0, 589.706, 591.981, 2.275, 1800, 591.981, 593.011, 1.03, 16384, 0,    14.011,
 578, 371, 580, 580, 581.339, 1.339, 16384, 0, 581.339, 584.68, 3.341, 1654, 584.68, 586.296, 1.616, 16384, 0, 586.296, 589.686, 3.39, 2400, 589.686, 590.73, 1.044, 12288, 0, 590.73, 592.865, 2.134, 1800, 592.865, 594.039, 1.174, 16384, 0,    14.039,
 579, 371, 581, 581, 582.295, 1.295, 14336, 0, 582.295, 586.124, 3.83, 1451, 586.124, 587.192, 1.068, 14336, 0, 587.192, 589.993, 2.801, 2100, 589.993, 591.588, 1.594, 10240, 0, 591.588, 593.773, 2.185, 1500, 593.773, 594.871, 1.098, 13312, 0,    13.871,
 580, 371, 582, 582, 583.326, 1.326, 15360, 0, 583.326, 586.731, 3.405, 1535, 586.731, 588.156, 1.425, 15360, 0, 588.156, 591.675, 3.519, 2250, 591.675, 592.625, 0.95, 11264, 0, 592.625, 594.83, 2.204, 1650, 594.83, 595.775, 0.945, 14336, 0,    13.775,
 581, 371, 583, 583, 584.35, 1.35, 15360, 0, 584.35, 588.24, 3.89, 1587, 588.24, 589.2, 0.96, 15360, 0, 589.2, 592.685, 3.485, 2250, 592.685, 593.626, 0.941, 11264, 0, 593.626, 595.729, 2.103, 1650, 595.729, 596.671, 0.942, 14336, 0,    13.671,
 582, 371, 584, 584, 585.307, 1.307, 14336, 0, 585.307, 588.653, 3.346, 1440, 588.653, 590.103, 1.449, 14336, 0, 590.103, 592.908, 2.806, 2100, 592.908, 594.482, 1.573, 10240, 0, 594.482, 596.614, 2.132, 1500, 596.614, 597.503, 0.889, 13312, 0,    13.503,
 584, 371, 586, 586, 587.363, 1.363, 13312, 0, 587.363, 590.41, 3.047, 1308, 590.41, 591.25, 0.839, 13312, 0, 591.25, 594.28, 3.03, 1950, 594.28, 595.252, 0.972, 9216, 0, 595.252, 597.335, 2.083, 1350, 597.335, 598.271, 0.936, 12288, 0,    12.271,
 583, 371, 585, 585, 586.476, 1.476, 17408, 0, 586.476, 590.608, 4.132, 1777, 590.608, 592.338, 1.729, 17408, 0, 592.338, 596.084, 3.746, 2550, 596.084, 597.11, 1.026, 12288, 0, 597.11, 599.242, 2.132, 1800, 599.242, 600.274, 1.032, 16384, 0,    15.274,
 585, 371, 587, 587, 588.464, 1.464, 16384, 0, 588.464, 592.591, 4.127, 1631, 592.591, 593.624, 1.033, 16384, 0, 593.624, 596.831, 3.207, 2400, 596.831, 598.135, 1.304, 12288, 0, 598.135, 600.274, 2.139, 1800, 600.274, 601.298, 1.024, 16384, 0,    14.298,
 586, 371, 588, 588, 589.556, 1.556, 16384, 0, 589.556, 592.803, 3.247, 1635, 592.803, 594.653, 1.849, 16384, 0, 594.653, 597.855, 3.203, 2400, 597.855, 599.159, 1.304, 12288, 0, 599.159, 601.381, 2.222, 1800, 601.381, 602.412, 1.031, 16384, 0,    14.412,
 587, 371, 589, 589, 590.648, 1.648, 16384, 0, 590.648, 594.78, 4.132, 1637, 594.78, 595.804, 1.024, 16384, 0, 595.804, 599.284, 3.48, 2400, 599.284, 600.316, 1.032, 12288, 0, 600.316, 602.451, 2.136, 1800, 602.451, 603.482, 1.031, 16384, 0,    14.482,
 588, 371, 590, 590, 591.675, 1.675, 15360, 0, 591.675, 594.871, 3.196, 1551, 594.871, 596.767, 1.896, 15360, 0, 596.767, 599.836, 3.069, 2250, 599.836, 601.255, 1.419, 11264, 0, 601.255, 603.346, 2.091, 1650, 603.346, 604.378, 1.032, 14336, 0,    14.378,
 589, 371, 591, 591, 592.701, 1.701, 15360, 0, 592.701, 596.831, 4.13, 1537, 596.831, 597.798, 0.967, 15360, 0, 597.798, 600.855, 3.057, 2250, 600.855, 602.194, 1.339, 11264, 0, 602.194, 604.409, 2.214, 1650, 604.409, 605.305, 0.896, 14336, 0,    14.305,
 590, 371, 592, 592, 593.794, 1.794, 16384, 0, 593.794, 597.059, 3.265, 1637, 597.059, 598.822, 1.763, 16384, 0, 598.822, 602.486, 3.664, 2400, 602.486, 603.512, 1.026, 12288, 0, 603.512, 605.645, 2.133, 1800, 605.645, 606.669, 1.024, 16384, 0,    14.669,
 591, 371, 593, 593, 594.893, 1.893, 16384, 0, 594.893, 599.048, 4.155, 1659, 599.048, 600.073, 1.024, 16384, 0, 600.073, 603.266, 3.194, 2400, 603.266, 604.536, 1.27, 12288, 0, 604.536, 606.676, 2.139, 1800, 606.676, 607.7, 1.024, 16384, 0,    14.700,
 592, 371, 594, 594, 595.92, 1.92, 15360, 0, 595.92, 599.185, 3.265, 1594, 599.185, 601.034, 1.849, 15360, 0, 601.034, 604.04, 3.006, 2250, 604.04, 605.475, 1.435, 11264, 0, 605.475, 607.604, 2.129, 1650, 607.604, 608.599, 0.994, 14336, 0,    14.599,
 593, 371, 595, 595, 596.811, 1.811, 13312, 0, 596.811, 600.835, 4.023, 1340, 600.835, 601.874, 1.039, 13312, 0, 601.874, 605.094, 3.221, 1950, 605.094, 606.243, 1.149, 9216, 0, 606.243, 608.284, 2.04, 1350, 608.284, 609.367, 1.083, 12288, 0,    14.367,
 594, 371, 596, 596, 597.63, 1.63, 12288, 0, 597.63, 600.892, 3.261, 1279, 600.892, 602.651, 1.759, 12288, 0, 602.651, 605.665, 3.014, 1800, 605.665, 607.012, 1.347, 9216, 0, 607.012, 609.222, 2.21, 1350, 609.222, 610.135, 0.912, 12288, 0,    14.135,
 595, 371, 597, 597, 598.45, 1.45, 12288, 0, 598.45, 602.546, 4.097, 1281, 602.546, 603.419, 0.872, 12288, 0, 603.419, 606.439, 3.02, 1800, 606.439, 607.782, 1.343, 9216, 0, 607.782, 609.888, 2.107, 1350, 609.888, 610.906, 1.017, 12288, 0,    13.906,
 596, 371, 598, 598, 599.414, 1.414, 14336, 0, 599.414, 602.803, 3.389, 1424, 602.803, 604.315, 1.511, 14336, 0, 604.315, 607.9, 3.585, 2100, 607.9, 608.764, 0.864, 10240, 0, 608.764, 611.007, 2.244, 1500, 611.007, 611.84, 0.832, 13312, 0,    13.840,
 597, 371, 599, 599, 600.242, 1.242, 12288, 0, 600.242, 604.266, 4.024, 1289, 604.266, 605.083, 0.816, 12288, 0, 605.083, 608.072, 2.989, 1800, 608.072, 609.536, 1.464, 9216, 0, 609.536, 611.49, 1.954, 1350, 611.49, 612.608, 1.118, 12288, 0,    13.608,
 598, 371, 600, 600, 601.065, 1.065, 12288, 0, 601.065, 604.532, 3.467, 1288, 604.532, 605.85, 1.319, 12288, 0, 605.85, 608.843, 2.992, 1800, 608.843, 610.305, 1.463, 9216, 0, 610.305, 612.613, 2.308, 1350, 612.613, 613.381, 0.768, 12288, 0,    13.381,
 599, 371, 601, 601, 601.957, 0.957, 13312, 0, 601.957, 606.025, 4.068, 1320, 606.025, 606.864, 0.839, 13312, 0, 606.864, 610.5, 3.636, 1950, 610.5, 611.279, 0.779, 9216, 0, 611.279, 613.1, 1.821, 1350, 613.1, 614.156, 1.056, 12288, 0,    13.156,
 600, 371, 603, 603, 604.175, 1.175, 17408, 0, 604.175, 606.819, 2.644, 1715, 606.819, 607.954, 1.135, 17408, 0, 607.954, 611.471, 3.517, 2550, 611.471, 612.497, 1.026, 12288, 0, 612.497, 614.756, 2.258, 1800, 614.756, 615.78, 1.024, 16384, 0,    12.780,
 601, 371, 604, 604, 605.336, 1.336, 17408, 0, 605.336, 608.406, 3.07, 1772, 608.406, 609.503, 1.098, 17408, 0, 609.503, 612.903, 3.4, 2550, 612.903, 613.929, 1.026, 12288, 0, 613.929, 616.064, 2.135, 1800, 616.064, 617.091, 1.027, 16384, 0,    13.091,
 602, 371, 605, 605, 606.428, 1.428, 16384, 0, 606.428, 608.967, 2.54, 1612, 608.967, 610.527, 1.56, 16384, 0, 610.527, 613.72, 3.192, 2400, 613.72, 614.96, 1.24, 12288, 0, 614.96, 617.101, 2.141, 1800, 617.101, 618.125, 1.024, 16384, 0,    13.125,
 603, 371, 606, 606, 607.452, 1.452, 15360, 0, 607.452, 610.527, 3.076, 1587, 610.527, 611.49, 0.963, 15360, 0, 611.49, 614.482, 2.992, 2250, 614.482, 615.901, 1.419, 11264, 0, 615.901, 618.029, 2.128, 1650, 618.029, 619.027, 0.998, 14336, 0,    13.027,
 604, 371, 607, 607, 608.551, 1.551, 16384, 0, 608.551, 611.141, 2.59, 1630, 611.141, 612.515, 1.375, 16384, 0, 612.515, 616.104, 3.589, 2400, 616.104, 617.132, 1.028, 12288, 0, 617.132, 619.27, 2.137, 1800, 619.27, 620.294, 1.024, 16384, 0,    13.294,
 605, 371, 608, 608, 609.377, 1.377, 12288, 0, 609.377, 612.149, 2.772, 1217, 612.149, 613.293, 1.144, 12288, 0, 613.293, 616.124, 2.831, 1800, 616.124, 617.902, 1.778, 9216, 0, 617.902, 619.638, 1.736, 1350, 619.638, 621.07, 1.432, 12288, 0,    13.070,
 606, 371, 609, 609, 610.2, 1.2, 12288, 0, 610.2, 612.802, 2.602, 1246, 612.802, 614.069, 1.266, 12288, 0, 614.069, 616.89, 2.822, 1800, 616.89, 618.676, 1.785, 9216, 0, 618.676, 620.873, 2.198, 1350, 620.873, 621.838, 0.965, 12288, 0,    12.838,
 608, 371, 611, 611, 612.186, 1.186, 14336, 0, 612.186, 614.766, 2.579, 1473, 614.766, 616.133, 1.367, 14336, 0, 616.133, 618.927, 2.794, 2100, 618.927, 619.79, 0.863, 10240, 0, 619.79, 621.569, 1.779, 1500, 621.569, 622.674, 1.105, 13312, 0,    11.674,
 607, 371, 610, 610, 611.224, 1.224, 15360, 0, 611.224, 614.267, 3.043, 1581, 614.267, 615.232, 0.965, 15360, 0, 615.232, 619.113, 3.881, 2250, 619.113, 620.73, 1.617, 11264, 0, 620.73, 622.83, 2.1, 1650, 622.83, 623.726, 0.896, 14336, 0,    13.726,
 609, 371, 612, 612, 613.08, 1.08, 13312, 0, 613.08, 616.114, 3.035, 1382, 616.114, 616.971, 0.857, 13312, 0, 616.971, 619.577, 2.606, 1950, 619.577, 621.503, 1.926, 9216, 0, 621.503, 623.178, 1.675, 1350, 623.178, 624.5, 1.322, 12288, 0,    12.500,
 610, 371, 613, 613, 614.037, 1.037, 14336, 0, 614.037, 616.645, 2.609, 1408, 616.645, 617.876, 1.231, 14336, 0, 617.876, 621.726, 3.85, 2100, 621.726, 622.586, 0.859, 10240, 0, 622.586, 624.608, 2.023, 1500, 624.608, 625.445, 0.837, 13312, 0,    12.445,
 611, 371, 614, 614, 614.997, 0.997, 14336, 0, 614.997, 617.999, 3.003, 1408, 617.999, 618.895, 0.896, 14336, 0, 618.895, 621.918, 3.023, 2100, 621.918, 623.441, 1.523, 10240, 0, 623.441, 625.219, 1.778, 1500, 625.219, 626.282, 1.062, 13312, 0,    12.282,
 612, 371, 615, 615, 615.826, 0.826, 12288, 0, 615.826, 618.309, 2.483, 1243, 618.309, 619.663, 1.354, 12288, 0, 619.663, 622.061, 2.398, 1800, 622.061, 624.211, 2.15, 9216, 0, 624.211, 626.215, 2.004, 1350, 626.215, 627.05, 0.834, 12288, 0,    12.050,
 614, 371, 617, 617, 618.065, 1.065, 13312, 0, 618.065, 620.095, 2.029, 1340, 620.095, 620.936, 0.841, 13312, 0, 620.936, 624.329, 3.393, 1950, 624.329, 625.1, 0.77, 9216, 0, 625.1, 626.826, 1.726, 1350, 626.826, 627.818, 0.992, 12288, 0,    10.818,
 615, 371, 618, 618, 618.894, 0.894, 12288, 0, 618.894, 621.811, 2.917, 1282, 621.811, 622.796, 0.986, 12288, 0, 622.796, 625.201, 2.405, 1800, 625.201, 625.972, 0.77, 9216, 0, 625.972, 627.82, 1.848, 1350, 627.82, 628.596, 0.776, 12288, 0,    10.596,
 613, 371, 616, 616, 617.168, 1.168, 17408, 0, 617.168, 620.362, 3.194, 1771, 620.362, 622.024, 1.662, 17408, 0, 622.024, 625.417, 3.393, 2550, 625.417, 627.002, 1.585, 12288, 0, 627.002, 629.14, 2.138, 1800, 629.14, 630.164, 1.024, 16384, 0,    14.164,
 616, 371, 619, 619, 619.825, 0.825, 12288, 0, 619.825, 622.094, 2.269, 1293, 622.094, 623.566, 1.472, 12288, 0, 623.566, 626.735, 3.169, 1800, 626.735, 627.77, 1.035, 9216, 0, 627.77, 629.422, 1.652, 1350, 629.422, 630.935, 1.513, 12288, 0,    11.935,
 617, 371, 620, 620, 620.903, 0.903, 13312, 0, 620.903, 623.566, 2.663, 1314, 623.566, 624.407, 0.841, 13312, 0, 624.407, 627.81, 3.403, 1950, 627.81, 628.583, 0.774, 9216, 0, 628.583, 630.75, 2.167, 1350, 630.75, 631.706, 0.956, 12288, 0,    11.706,
 618, 371, 621, 621, 621.833, 0.833, 12288, 0, 621.833, 623.772, 1.939, 1257, 623.772, 625.175, 1.403, 12288, 0, 625.175, 627.82, 2.645, 1800, 627.82, 629.352, 1.532, 9216, 0, 629.352, 631.03, 1.678, 1350, 631.03, 632.474, 1.445, 12288, 0,    11.474,
 619, 371, 622, 622, 622.962, 0.962, 14336, 0, 622.962, 625.543, 2.581, 1484, 625.543, 626.44, 0.897, 14336, 0, 626.44, 629.551, 3.111, 2100, 629.551, 630.413, 0.863, 10240, 0, 630.413, 632.539, 2.125, 1500, 632.539, 633.371, 0.832, 13312, 0,    11.371,
 620, 371, 623, 623, 624.039, 1.039, 15360, 0, 624.039, 626.127, 2.087, 1566, 626.127, 627.403, 1.276, 15360, 0, 627.403, 630.813, 3.41, 2250, 630.813, 631.759, 0.946, 11264, 0, 631.759, 633.716, 1.957, 1650, 633.716, 634.612, 0.896, 14336, 0,    11.612,
 621, 371, 624, 624, 624.995, 0.995, 14336, 0, 624.995, 627.473, 2.478, 1447, 627.473, 628.374, 0.902, 14336, 0, 628.374, 631.169, 2.794, 2100, 631.169, 632.615, 1.446, 10240, 0, 632.615, 634.391, 1.776, 1500, 634.391, 635.445, 1.054, 13312, 0,    11.445,
 622, 371, 625, 625, 626.176, 1.176, 17408, 0, 626.176, 628.483, 2.307, 1734, 628.483, 629.572, 1.089, 17408, 0, 629.572, 632.964, 3.392, 2550, 632.964, 633.99, 1.026, 12288, 0, 633.99, 636.127, 2.137, 1800, 636.127, 637.151, 1.024, 16384, 0,    12.151,
 623, 371, 626, 626, 627.067, 1.067, 13312, 0, 627.067, 629.309, 2.242, 1376, 629.309, 630.404, 1.095, 13312, 0, 630.404, 633.421, 3.017, 1950, 633.421, 634.758, 1.337, 9216, 0, 634.758, 636.366, 1.608, 1350, 636.366, 637.925, 1.559, 12288, 0,    11.925,
 624, 371, 627, 627, 628.162, 1.162, 16384, 0, 628.162, 630.652, 2.491, 1627, 630.652, 631.676, 1.024, 16384, 0, 631.676, 634.877, 3.2, 2400, 634.877, 635.908, 1.031, 12288, 0, 635.908, 638.265, 2.357, 1800, 638.265, 639.289, 1.024, 16384, 0,    12.289,
 625, 371, 628, 628, 629.259, 1.259, 16384, 0, 629.259, 631.465, 2.206, 1616, 631.465, 632.704, 1.239, 16384, 0, 632.704, 636.167, 3.463, 2400, 636.167, 637.202, 1.035, 12288, 0, 637.202, 639.337, 2.135, 1800, 639.337, 640.361, 1.024, 16384, 0,    12.361,
 626, 371, 629, 629, 630.42, 1.42, 17408, 0, 630.42, 632.954, 2.534, 1725, 632.954, 634.047, 1.093, 17408, 0, 634.047, 637.45, 3.403, 2550, 637.45, 638.477, 1.027, 12288, 0, 638.477, 640.612, 2.135, 1800, 640.612, 641.645, 1.033, 16384, 0,    12.645,
 627, 371, 630, 630, 631.445, 1.445, 15360, 0, 631.445, 633.543, 2.098, 1553, 633.543, 635.011, 1.469, 15360, 0, 635.011, 638.011, 2.999, 2250, 638.011, 639.416, 1.405, 11264, 0, 639.416, 641.369, 1.953, 1650, 641.369, 642.541, 1.172, 14336, 0,    12.541,
 628, 371, 631, 631, 632.401, 1.401, 14336, 0, 632.401, 634.837, 2.436, 1412, 634.837, 635.908, 1.071, 14336, 0, 635.908, 638.967, 3.059, 2100, 638.967, 640.269, 1.302, 10240, 0, 640.269, 642.402, 2.133, 1500, 642.402, 643.377, 0.975, 13312, 0,    12.377,
 629, 371, 632, 632, 633.22, 1.22, 12288, 0, 633.22, 635.202, 1.983, 1245, 635.202, 636.679, 1.477, 12288, 0, 636.679, 639.849, 3.17, 1800, 639.849, 641.042, 1.193, 9216, 0, 641.042, 642.977, 1.935, 1350, 642.977, 644.151, 1.174, 12288, 0,    12.151,
 630, 371, 633, 633, 634.176, 1.176, 14336, 0, 634.176, 636.74, 2.565, 1428, 636.74, 637.637, 0.897, 14336, 0, 637.637, 640.818, 3.181, 2100, 640.818, 641.897, 1.079, 10240, 0, 641.897, 644.181, 2.284, 1500, 644.181, 645.014, 0.833, 13312, 0,    12.014,
 631, 371, 634, 634, 635.202, 1.202, 15360, 0, 635.202, 637.271, 2.069, 1549, 637.271, 638.597, 1.326, 15360, 0, 638.597, 641.966, 3.369, 2250, 641.966, 642.909, 0.943, 11264, 0, 642.909, 644.934, 2.025, 1650, 644.934, 645.917, 0.983, 14336, 0,    11.917,
 632, 371, 635, 635, 636.095, 1.095, 13312, 0, 636.095, 638.521, 2.426, 1335, 638.521, 639.434, 0.913, 13312, 0, 639.434, 642.451, 3.017, 1950, 642.451, 643.679, 1.228, 9216, 0, 643.679, 645.797, 2.118, 1350, 645.797, 646.685, 0.887, 12288, 0,    11.685,
 633, 371, 636, 636, 637.121, 1.121, 15360, 0, 637.121, 639.367, 2.246, 1566, 639.367, 640.394, 1.026, 15360, 0, 640.394, 643.824, 3.431, 2250, 643.824, 644.765, 0.941, 11264, 0, 644.765, 646.894, 2.129, 1650, 646.894, 647.79, 0.896, 14336, 0,    11.790,
 634, 371, 637, 637, 637.945, 0.945, 12288, 0, 637.945, 640.142, 2.197, 1217, 640.142, 641.168, 1.026, 12288, 0, 641.168, 644.37, 3.202, 1800, 644.37, 645.533, 1.163, 9216, 0, 645.533, 647.414, 1.881, 1350, 647.414, 648.562, 1.148, 12288, 0,    11.562,
 635, 371, 638, 638, 638.901, 0.901, 13312, 0, 638.901, 641.18, 2.279, 1357, 641.18, 642.015, 0.836, 13312, 0, 642.015, 645.054, 3.038, 1950, 645.054, 646.302, 1.248, 9216, 0, 646.302, 648.503, 2.201, 1350, 648.503, 649.333, 0.83, 12288, 0,    11.333,
 636, 371, 639, 639, 639.902, 0.902, 13312, 0, 639.902, 641.955, 2.053, 1358, 641.955, 642.85, 0.895, 13312, 0, 642.85, 646.43, 3.579, 1950, 646.43, 647.206, 0.777, 9216, 0, 647.206, 649.015, 1.809, 1350, 649.015, 650.108, 1.093, 12288, 0,    11.108,
 637, 371, 640, 640, 640.825, 0.825, 12288, 0, 640.825, 642.907, 2.082, 1295, 642.907, 643.677, 0.77, 12288, 0, 643.677, 646.78, 3.103, 1800, 646.78, 647.983, 1.203, 9216, 0, 647.983, 650.11, 2.127, 1350, 650.11, 650.878, 0.768, 12288, 0,    10.878,
 638, 371, 641, 641, 641.828, 0.828, 12288, 0, 641.828, 643.664, 1.837, 1282, 643.664, 644.449, 0.784, 12288, 0, 644.449, 647.462, 3.014, 1800, 647.462, 648.751, 1.289, 9216, 0, 648.751, 650.624, 1.873, 1350, 650.624, 651.648, 1.024, 12288, 0,    10.648,
 639, 371, 642, 642, 642.967, 0.967, 14336, 0, 642.967, 644.874, 1.907, 1430, 644.874, 645.777, 0.903, 14336, 0, 645.777, 649.229, 3.452, 2100, 649.229, 650.09, 0.86, 10240, 0, 650.09, 651.906, 1.816, 1500, 651.906, 652.739, 0.833, 13312, 0,    10.739,
 640, 371, 643, 643, 644.098, 1.098, 16384, 0, 644.098, 646.34, 2.241, 1686, 646.34, 647.366, 1.026, 16384, 0, 647.366, 650.564, 3.198, 2400, 650.564, 651.59, 1.026, 12288, 0, 651.59, 653.735, 2.145, 1800, 653.735, 654.759, 1.024, 16384, 0,    11.759,
 641, 371, 644, 644, 645.194, 1.194, 16384, 0, 645.194, 647.452, 2.258, 1697, 647.452, 648.478, 1.026, 16384, 0, 648.478, 651.678, 3.2, 2400, 651.678, 652.704, 1.026, 12288, 0, 652.704, 654.836, 2.131, 1800, 654.836, 655.863, 1.028, 16384, 0,    11.863,
 642, 371, 645, 645, 646.357, 1.357, 17408, 0, 646.357, 648.655, 2.298, 1729, 648.655, 649.745, 1.09, 17408, 0, 649.745, 653.136, 3.391, 2550, 653.136, 654.169, 1.033, 12288, 0, 654.169, 656.298, 2.129, 1800, 656.298, 657.332, 1.034, 16384, 0,    12.332,
 643, 371, 646, 646, 647.319, 1.319, 14336, 0, 647.319, 649.333, 2.014, 1404, 649.333, 650.64, 1.307, 14336, 0, 650.64, 653.439, 2.798, 2100, 653.439, 655.023, 1.584, 10240, 0, 655.023, 656.796, 1.774, 1500, 656.796, 658.166, 1.37, 13312, 0,    12.166,
 644, 371, 647, 647, 648.418, 1.418, 16384, 0, 648.418, 650.861, 2.443, 1654, 650.861, 651.886, 1.024, 16384, 0, 651.886, 655.092, 3.206, 2400, 655.092, 656.117, 1.026, 12288, 0, 656.117, 658.432, 2.315, 1800, 658.432, 659.456, 1.024, 16384, 0,    12.456,
 645, 371, 648, 648, 649.587, 1.587, 17408, 0, 649.587, 651.922, 2.335, 1742, 651.922, 653.012, 1.091, 17408, 0, 653.012, 656.548, 3.535, 2550, 656.548, 657.576, 1.029, 12288, 0, 657.576, 659.714, 2.138, 1800, 659.714, 660.738, 1.024, 16384, 0,    12.738,
 646, 371, 649, 649, 650.687, 1.687, 16384, 0, 650.687, 653.086, 2.399, 1669, 653.086, 654.11, 1.024, 16384, 0, 654.11, 657.318, 3.208, 2400, 657.318, 658.6, 1.283, 12288, 0, 658.6, 660.731, 2.131, 1800, 660.731, 661.762, 1.031, 16384, 0,    12.762,
 647, 371, 650, 650, 651.507, 1.507, 12288, 0, 651.507, 653.605, 2.098, 1261, 653.605, 654.882, 1.277, 12288, 0, 654.882, 657.493, 2.612, 1800, 657.493, 659.368, 1.875, 9216, 0, 659.368, 661.315, 1.946, 1350, 661.315, 662.53, 1.216, 12288, 0,    12.530,
 648, 371, 651, 651, 652.531, 1.531, 15360, 0, 652.531, 655.214, 2.683, 1595, 655.214, 656.176, 0.962, 15360, 0, 656.176, 659.546, 3.371, 2250, 659.546, 660.487, 0.941, 11264, 0, 660.487, 662.689, 2.201, 1650, 662.689, 663.59, 0.902, 14336, 0,    12.590,
 649, 371, 652, 652, 653.623, 1.623, 16384, 0, 653.623, 655.871, 2.248, 1693, 655.871, 657.199, 1.329, 16384, 0, 657.199, 660.522, 3.323, 2400, 660.522, 661.549, 1.026, 12288, 0, 661.549, 663.676, 2.127, 1800, 663.676, 664.708, 1.032, 16384, 0,    12.708,
 650, 371, 653, 653, 654.579, 1.579, 14336, 0, 654.579, 657.199, 2.621, 1489, 657.199, 658.095, 0.896, 14336, 0, 658.095, 660.891, 2.795, 2100, 660.891, 662.409, 1.518, 10240, 0, 662.409, 664.476, 2.067, 1500, 664.476, 665.549, 1.073, 13312, 0,    12.549,
 651, 371, 654, 654, 655.747, 1.747, 17408, 0, 655.747, 658.162, 2.415, 1715, 658.162, 659.252, 1.09, 17408, 0, 659.252, 662.949, 3.696, 2550, 662.949, 663.975, 1.026, 12288, 0, 663.975, 666.11, 2.135, 1800, 666.11, 667.136, 1.026, 16384, 0,    13.136,
 652, 371, 655, 655, 656.841, 1.841, 16384, 0, 656.841, 659.398, 2.557, 1641, 659.398, 660.422, 1.024, 16384, 0, 660.422, 663.722, 3.3, 2400, 663.722, 664.999, 1.276, 12288, 0, 664.999, 667.133, 2.135, 1800, 667.133, 668.163, 1.029, 16384, 0,    13.163,
 653, 371, 656, 656, 657.939, 1.939, 16384, 0, 657.939, 660.404, 2.465, 1681, 660.404, 661.449, 1.045, 16384, 0, 661.449, 664.652, 3.202, 2400, 664.652, 666.022, 1.371, 12288, 0, 666.022, 668.244, 2.222, 1800, 668.244, 669.272, 1.028, 16384, 0,    13.272,
 654, 371, 657, 657, 658.967, 1.967, 15360, 0, 658.967, 661.459, 2.492, 1542, 661.459, 662.419, 0.96, 15360, 0, 662.419, 665.957, 3.537, 2250, 665.957, 666.961, 1.004, 11264, 0, 666.961, 669.096, 2.135, 1650, 669.096, 670.168, 1.071, 14336, 0,    13.168,
 655, 371, 658, 658, 660.133, 2.133, 17408, 0, 660.133, 662.74, 2.607, 1744, 662.74, 663.828, 1.088, 17408, 0, 663.828, 667.235, 3.407, 2550, 667.235, 668.267, 1.033, 12288, 0, 668.267, 670.409, 2.142, 1800, 670.409, 671.434, 1.025, 16384, 0,    13.434,
 656, 371, 659, 659, 661.163, 2.163, 15360, 0, 661.163, 663.479, 2.316, 1511, 663.479, 664.797, 1.318, 15360, 0, 664.797, 667.798, 3.001, 2250, 667.798, 669.211, 1.412, 11264, 0, 669.211, 671.166, 1.956, 1650, 671.166, 672.332, 1.166, 14336, 0,    13.332,
 657, 371, 660, 660, 661.984, 1.984, 12288, 0, 661.984, 664.346, 2.362, 1201, 664.346, 665.568, 1.222, 12288, 0, 665.568, 668.355, 2.787, 1800, 668.355, 669.983, 1.627, 9216, 0, 669.983, 672.01, 2.028, 1350, 672.01, 673.107, 1.097, 12288, 0,    13.107,
 658, 371, 661, 661, 662.803, 1.803, 12288, 0, 662.803, 665.129, 2.326, 1237, 665.129, 666.338, 1.209, 12288, 0, 666.338, 669.635, 3.297, 1800, 669.635, 670.758, 1.123, 9216, 0, 670.758, 672.768, 2.01, 1350, 672.768, 673.881, 1.114, 12288, 0,    12.881,
 659, 371, 662, 662, 663.692, 1.692, 13312, 0, 663.692, 666.17, 2.478, 1363, 666.17, 667.174, 1.004, 13312, 0, 667.174, 670.399, 3.225, 1950, 670.399, 671.529, 1.13, 9216, 0, 671.529, 673.612, 2.083, 1350, 673.612, 674.656, 1.044, 12288, 0,    12.656,
 660, 371, 663, 663, 664.784, 1.784, 16384, 0, 664.784, 667.398, 2.613, 1697, 667.398, 668.422, 1.024, 16384, 0, 668.422, 671.62, 3.199, 2400, 671.62, 672.647, 1.026, 12288, 0, 672.647, 674.914, 2.268, 1800, 674.914, 675.938, 1.024, 16384, 0,    12.938,
 661, 371, 664, 664, 665.675, 1.675, 13312, 0, 665.675, 667.943, 2.267, 1330, 667.943, 669.254, 1.311, 13312, 0, 669.254, 672.239, 2.985, 1950, 672.239, 673.415, 1.176, 9216, 0, 673.415, 675.215, 1.8, 1350, 675.215, 676.706, 1.491, 12288, 0,    12.706,
 662, 371, 665, 665, 666.836, 1.836, 17408, 0, 666.836, 669.789, 2.953, 1789, 669.789, 670.877, 1.088, 17408, 0, 670.877, 674.273, 3.396, 2550, 674.273, 675.299, 1.027, 12288, 0, 675.299, 677.446, 2.147, 1800, 677.446, 678.47, 1.024, 16384, 0,    13.470,
 663, 371, 666, 666, 667.728, 1.728, 13312, 0, 667.728, 669.789, 2.06, 1382, 669.789, 671.708, 1.92, 13312, 0, 671.708, 674.313, 2.604, 1950, 674.313, 676.076, 1.763, 9216, 0, 676.076, 677.677, 1.601, 1350, 677.677, 679.238, 1.561, 12288, 0,    13.238,
 664, 371, 667, 667, 668.548, 1.548, 12288, 0, 668.548, 671.424, 2.876, 1221, 671.424, 672.484, 1.06, 12288, 0, 672.484, 674.894, 2.41, 1800, 674.894, 676.845, 1.951, 9216, 0, 676.845, 679.056, 2.211, 1350, 679.056, 680.007, 0.95, 12288, 0,    13.007,
 665, 371, 668, 668, 669.439, 1.439, 13312, 0, 669.439, 671.629, 2.19, 1381, 671.629, 673.316, 1.688, 13312, 0, 673.316, 676.874, 3.557, 1950, 676.874, 677.648, 0.774, 9216, 0, 677.648, 679.277, 1.63, 1350, 679.277, 680.778, 1.5, 12288, 0,    12.778,
 666, 371, 669, 669, 670.531, 1.531, 16384, 0, 670.531, 673.575, 3.044, 1609, 673.575, 674.606, 1.031, 16384, 0, 674.606, 677.813, 3.207, 2400, 677.813, 678.843, 1.03, 12288, 0, 678.843, 681.193, 2.35, 1800, 681.193, 682.217, 1.024, 16384, 0,    13.217,
 667, 371, 670, 670, 671.623, 1.623, 16384, 0, 671.623, 673.807, 2.184, 1632, 673.807, 675.632, 1.825, 16384, 0, 675.632, 678.833, 3.201, 2400, 678.833, 679.87, 1.037, 12288, 0, 679.87, 682.005, 2.136, 1800, 682.005, 683.25, 1.245, 16384, 0,    13.250,
 668, 371, 671, 671, 672.723, 1.723, 16384, 0, 672.723, 675.844, 3.121, 1699, 675.844, 676.874, 1.03, 16384, 0, 676.874, 680.08, 3.206, 2400, 680.08, 681.116, 1.036, 12288, 0, 681.116, 683.335, 2.219, 1800, 683.335, 684.36, 1.024, 16384, 0,    13.360,
 669, 371, 672, 672, 673.747, 1.747, 15360, 0, 673.747, 675.872, 2.125, 1543, 675.872, 677.833, 1.961, 15360, 0, 677.833, 680.834, 3, 2250, 680.834, 682.059, 1.225, 11264, 0, 682.059, 684.011, 1.952, 1650, 684.011, 685.26, 1.249, 14336, 0,    13.260,
 670, 371, 673, 673, 674.636, 1.636, 13312, 0, 674.636, 677.677, 3.041, 1371, 677.677, 678.665, 0.989, 13312, 0, 678.665, 681.44, 2.775, 1950, 681.44, 682.835, 1.395, 9216, 0, 682.835, 684.937, 2.102, 1350, 684.937, 686.028, 1.092, 12288, 0,    13.028,
 671, 371, 674, 674, 675.796, 1.796, 17408, 0, 675.796, 678.183, 2.386, 1730, 678.183, 679.755, 1.572, 17408, 0, 679.755, 683.484, 3.729, 2550, 683.484, 684.515, 1.032, 12288, 0, 684.515, 686.656, 2.14, 1800, 686.656, 687.686, 1.031, 16384, 0,    13.686,
 672, 371, 675, 675, 676.761, 1.761, 14336, 0, 676.761, 679.555, 2.793, 1403, 679.555, 680.652, 1.097, 14336, 0, 680.652, 683.634, 2.982, 2100, 683.634, 685.369, 1.734, 10240, 0, 685.369, 687.145, 1.777, 1500, 687.145, 688.526, 1.381, 13312, 0,    13.526,
 673, 371, 676, 676, 677.854, 1.854, 16384, 0, 677.854, 680.347, 2.493, 1624, 680.347, 681.677, 1.33, 16384, 0, 681.677, 684.874, 3.197, 2400, 684.874, 686.393, 1.519, 12288, 0, 686.393, 688.79, 2.397, 1800, 688.79, 689.818, 1.028, 16384, 0,    13.818,
 674, 371, 677, 677, 678.814, 1.814, 14336, 0, 678.814, 681.48, 2.667, 1439, 681.48, 682.577, 1.096, 14336, 0, 682.577, 686.284, 3.708, 2100, 686.284, 687.246, 0.962, 10240, 0, 687.246, 689.017, 1.77, 1500, 689.017, 690.65, 1.633, 13312, 0,    13.650,
 675, 371, 678, 678, 679.838, 1.838, 15360, 0, 679.838, 682.447, 2.61, 1575, 682.447, 683.538, 1.09, 15360, 0, 683.538, 686.636, 3.098, 2250, 686.636, 688.185, 1.549, 11264, 0, 688.185, 690.751, 2.567, 1650, 690.751, 691.65, 0.899, 14336, 0,    13.650,
 676, 371, 679, 679, 681.006, 2.006, 17408, 0, 681.006, 683.784, 2.779, 1722, 683.784, 684.874, 1.09, 17408, 0, 684.874, 688.278, 3.404, 2550, 688.278, 689.306, 1.028, 12288, 0, 689.306, 691.435, 2.129, 1800, 691.435, 692.675, 1.24, 16384, 0,    13.675,
 678, 371, 681, 681, 682.926, 1.926, 13312, 0, 682.926, 685.55, 2.624, 1322, 685.55, 686.666, 1.116, 13312, 0, 686.666, 689.271, 2.605, 1950, 689.271, 690.079, 0.809, 9216, 0, 690.079, 692.352, 2.272, 1350, 692.352, 693.443, 1.091, 12288, 0,    12.443,
 677, 371, 680, 680, 682.03, 2.03, 15360, 0, 682.03, 684.462, 2.433, 1510, 684.462, 685.834, 1.372, 15360, 0, 685.834, 689.291, 3.457, 2250, 689.291, 691.018, 1.727, 11264, 0, 691.018, 693.394, 2.376, 1650, 693.394, 694.339, 0.946, 14336, 0,    14.339,
 679, 371, 682, 682, 683.745, 1.745, 12288, 0, 683.745, 686.14, 2.395, 1253, 686.14, 687.436, 1.297, 12288, 0, 687.436, 690.683, 3.246, 1800, 690.683, 691.788, 1.105, 9216, 0, 691.788, 693.958, 2.17, 1350, 693.958, 695.113, 1.155, 12288, 0,    13.113,
 680, 371, 683, 683, 684.567, 1.567, 12288, 0, 684.567, 687.217, 2.65, 1249, 687.217, 688.204, 0.988, 12288, 0, 688.204, 691.677, 3.472, 1800, 691.677, 692.565, 0.888, 9216, 0, 692.565, 694.997, 2.432, 1350, 694.997, 695.881, 0.884, 12288, 0,    12.881,
 681, 371, 684, 684, 685.455, 1.455, 13312, 0, 685.455, 687.947, 2.492, 1349, 687.947, 689.044, 1.098, 13312, 0, 689.044, 691.897, 2.853, 1950, 691.897, 693.333, 1.436, 9216, 0, 693.333, 695.56, 2.226, 1350, 695.56, 696.649, 1.089, 12288, 0,    12.649,
 682, 371, 685, 685, 686.274, 1.274, 12288, 0, 686.274, 688.83, 2.556, 1204, 688.83, 689.818, 0.988, 12288, 0, 689.818, 693.09, 3.272, 1800, 693.09, 694.101, 1.011, 9216, 0, 694.101, 696.599, 2.497, 1350, 696.599, 697.418, 0.819, 12288, 0,    12.418,
 683, 371, 686, 686, 687.371, 1.371, 16384, 0, 687.371, 690.119, 2.748, 1624, 690.119, 691.143, 1.024, 16384, 0, 691.143, 694.879, 3.736, 2400, 694.879, 695.905, 1.026, 12288, 0, 695.905, 698.038, 2.133, 1800, 698.038, 699.062, 1.024, 16384, 0,    13.062,
 684, 371, 687, 687, 688.463, 1.463, 16384, 0, 688.463, 691.082, 2.619, 1685, 691.082, 692.167, 1.085, 16384, 0, 692.167, 695.37, 3.203, 2400, 695.37, 696.929, 1.56, 12288, 0, 696.929, 699.067, 2.138, 1800, 699.067, 700.092, 1.025, 16384, 0,    13.092,
 685, 371, 688, 688, 689.428, 1.428, 14336, 0, 689.428, 691.987, 2.559, 1401, 691.987, 693.065, 1.077, 14336, 0, 693.065, 695.891, 2.826, 2100, 695.891, 697.788, 1.897, 10240, 0, 697.788, 699.821, 2.033, 1500, 699.821, 700.931, 1.11, 13312, 0,    12.931,
 686, 371, 689, 689, 690.521, 1.521, 16384, 0, 690.521, 693.244, 2.723, 1622, 693.244, 694.27, 1.026, 16384, 0, 694.27, 698.078, 3.808, 2400, 698.078, 699.104, 1.026, 12288, 0, 699.104, 701.236, 2.132, 1800, 701.236, 702.26, 1.024, 16384, 0,    13.260,
 687, 371, 690, 690, 691.549, 1.549, 15360, 0, 691.549, 693.998, 2.449, 1505, 693.998, 695.23, 1.232, 15360, 0, 695.23, 698.371, 3.141, 2250, 698.371, 700.047, 1.676, 11264, 0, 700.047, 701.997, 1.95, 1650, 701.997, 703.158, 1.161, 14336, 0,    13.158,
 688, 371, 691, 691, 692.51, 1.51, 14336, 0, 692.51, 695.186, 2.676, 1456, 695.186, 696.129, 0.943, 14336, 0, 696.129, 698.929, 2.8, 2100, 698.929, 700.903, 1.974, 10240, 0, 700.903, 703.015, 2.112, 1500, 703.015, 703.991, 0.976, 13312, 0,    12.991,
 689, 371, 692, 692, 693.397, 1.397, 13312, 0, 693.397, 695.79, 2.393, 1345, 695.79, 696.969, 1.178, 13312, 0, 696.969, 700.69, 3.721, 1950, 700.69, 701.672, 0.982, 9216, 0, 701.672, 703.603, 1.932, 1350, 703.603, 704.759, 1.155, 12288, 0,    12.759,
 690, 371, 693, 693, 694.217, 1.217, 12288, 0, 694.217, 696.808, 2.591, 1217, 696.808, 697.741, 0.933, 12288, 0, 697.741, 700.772, 3.031, 1800, 700.772, 702.44, 1.668, 9216, 0, 702.44, 704.619, 2.179, 1350, 704.619, 705.527, 0.908, 12288, 0,    12.527,
 691, 371, 694, 694, 695.241, 1.241, 15360, 0, 695.241, 697.831, 2.59, 1530, 697.831, 698.791, 0.96, 15360, 0, 698.791, 701.937, 3.146, 2250, 701.937, 703.379, 1.442, 11264, 0, 703.379, 705.568, 2.19, 1650, 705.568, 706.464, 0.896, 14336, 0,    12.464,
 693, 371, 696, 696, 696.957, 0.957, 12288, 0, 696.957, 699.527, 2.57, 1269, 699.527, 700.398, 0.871, 12288, 0, 700.398, 703.179, 2.781, 1800, 703.179, 704.148, 0.969, 9216, 0, 704.148, 706.22, 2.072, 1350, 706.22, 707.237, 1.017, 12288, 0,    11.237,
 692, 371, 695, 695, 696.129, 1.129, 13312, 0, 696.129, 698.623, 2.494, 1362, 698.623, 699.625, 1.002, 13312, 0, 699.625, 703.294, 3.669, 1950, 703.294, 704.916, 1.622, 9216, 0, 704.916, 707.169, 2.253, 1350, 707.169, 708.007, 0.838, 12288, 0,    13.007,
 694, 371, 697, 697, 698.1, 1.1, 16384, 0, 698.1, 700.762, 2.663, 1605, 700.762, 701.796, 1.034, 16384, 0, 701.796, 705.14, 3.344, 2400, 705.14, 706.167, 1.027, 12288, 0, 706.167, 708.355, 2.188, 1800, 708.355, 709.387, 1.032, 16384, 0,    12.387,
 695, 371, 698, 698, 699.057, 1.057, 14336, 0, 699.057, 701.452, 2.395, 1443, 701.452, 702.692, 1.24, 14336, 0, 702.692, 705.986, 3.294, 2100, 705.986, 707.025, 1.039, 10240, 0, 707.025, 708.947, 1.922, 1500, 708.947, 710.222, 1.275, 13312, 0,    12.222,
 696, 371, 699, 699, 700.09, 1.09, 15360, 0, 700.09, 702.879, 2.789, 1585, 702.879, 703.839, 0.96, 15360, 0, 703.839, 706.842, 3.003, 2250, 706.842, 707.964, 1.121, 11264, 0, 707.964, 710.32, 2.356, 1650, 710.32, 711.216, 0.896, 14336, 0,    12.216,
 697, 371, 700, 700, 701.12, 1.12, 15360, 0, 701.12, 703.497, 2.377, 1531, 703.497, 704.805, 1.308, 15360, 0, 704.805, 708.139, 3.334, 2250, 708.139, 709.08, 0.941, 11264, 0, 709.08, 711.038, 1.958, 1650, 711.038, 712.122, 1.085, 14336, 0,    12.122,
 698, 371, 701, 701, 702.076, 1.076, 14336, 0, 702.076, 704.805, 2.729, 1444, 704.805, 705.703, 0.898, 14336, 0, 705.703, 708.786, 3.083, 2100, 708.786, 709.94, 1.153, 10240, 0, 709.94, 712.103, 2.164, 1500, 712.103, 712.957, 0.854, 13312, 0,    11.957,
 699, 371, 702, 702, 703.036, 1.036, 14336, 0, 703.036, 705.454, 2.418, 1467, 705.454, 706.602, 1.148, 14336, 0, 706.602, 709.643, 3.041, 2100, 709.643, 710.793, 1.149, 10240, 0, 710.793, 712.824, 2.032, 1500, 712.824, 713.789, 0.964, 13312, 0,    11.789,
 700, 371, 703, 703, 704.197, 1.197, 17408, 0, 704.197, 707.094, 2.897, 1714, 707.094, 708.183, 1.089, 17408, 0, 708.183, 711.587, 3.405, 2550, 711.587, 712.614, 1.026, 12288, 0, 712.614, 714.751, 2.137, 1800, 714.751, 715.775, 1.024, 16384, 0,    12.775,
 701, 371, 704, 704, 705.293, 1.293, 16384, 0, 705.293, 707.606, 2.313, 1608, 707.606, 709.211, 1.605, 16384, 0, 709.211, 712.405, 3.195, 2400, 712.405, 713.64, 1.235, 12288, 0, 713.64, 715.77, 2.13, 1800, 715.77, 716.8, 1.03, 16384, 0,    12.800,
 702, 371, 705, 705, 706.317, 1.317, 15360, 0, 706.317, 709.165, 2.848, 1554, 709.165, 710.17, 1.005, 15360, 0, 710.17, 713.172, 3.001, 2250, 713.172, 714.589, 1.417, 11264, 0, 714.589, 716.712, 2.124, 1650, 716.712, 717.696, 0.983, 14336, 0,    12.696,
 703, 371, 706, 706, 707.213, 1.213, 13312, 0, 707.213, 709.427, 2.214, 1366, 709.427, 711.008, 1.581, 13312, 0, 711.008, 714.186, 3.179, 1950, 714.186, 715.356, 1.17, 9216, 0, 715.356, 717.378, 2.021, 1350, 717.378, 718.464, 1.086, 12288, 0,    12.464,
 704, 371, 707, 707, 708.236, 1.236, 15360, 0, 708.236, 711.233, 2.996, 1548, 711.233, 712.197, 0.964, 15360, 0, 712.197, 715.41, 3.213, 2250, 715.41, 716.353, 0.943, 11264, 0, 716.353, 718.673, 2.32, 1650, 718.673, 719.57, 0.897, 14336, 0,    12.570,
 705, 371, 708, 708, 709.329, 1.329, 16384, 0, 709.329, 711.577, 2.249, 1613, 711.577, 713.225, 1.648, 16384, 0, 713.225, 716.42, 3.195, 2400, 716.42, 717.446, 1.026, 12288, 0, 717.446, 719.582, 2.135, 1800, 719.582, 720.609, 1.027, 16384, 0,    12.609,
 706, 371, 709, 709, 710.222, 1.222, 13312, 0, 710.222, 713.07, 2.848, 1372, 713.07, 714.061, 0.991, 13312, 0, 714.061, 716.794, 2.733, 1950, 716.794, 718.215, 1.421, 9216, 0, 718.215, 720.274, 2.059, 1350, 720.274, 721.377, 1.103, 12288, 0,    12.377,
 707, 371, 710, 710, 711.383, 1.383, 17408, 0, 711.383, 713.859, 2.477, 1709, 713.859, 715.158, 1.298, 17408, 0, 715.158, 718.813, 3.655, 2550, 718.813, 719.843, 1.03, 12288, 0, 719.843, 721.982, 2.139, 1800, 721.982, 723.006, 1.024, 16384, 0,    13.006,
 708, 371, 711, 711, 712.202, 1.202, 12288, 0, 712.202, 714.731, 2.528, 1242, 714.731, 715.929, 1.199, 12288, 0, 715.929, 718.823, 2.894, 1800, 718.823, 720.618, 1.794, 9216, 0, 720.618, 722.227, 1.609, 1350, 722.227, 723.779, 1.553, 12288, 0,    12.779,
 709, 371, 712, 712, 713.164, 1.164, 14336, 0, 713.164, 715.793, 2.629, 1444, 715.793, 716.825, 1.032, 14336, 0, 716.825, 719.632, 2.807, 2100, 719.632, 721.471, 1.839, 10240, 0, 721.471, 723.769, 2.298, 1500, 723.769, 724.614, 0.845, 13312, 0,    12.614,
 710, 371, 713, 713, 714.051, 1.051, 13312, 0, 714.051, 716.468, 2.417, 1301, 716.468, 717.663, 1.195, 13312, 0, 717.663, 721.412, 3.749, 1950, 721.412, 722.242, 0.83, 9216, 0, 722.242, 723.849, 1.607, 1350, 723.849, 725.388, 1.539, 12288, 0,    12.388,
 712, 371, 715, 715, 716.04, 1.04, 12288, 0, 716.04, 718.125, 2.085, 1240, 718.125, 719.96, 1.835, 12288, 0, 719.96, 722.359, 2.398, 1800, 722.359, 723.129, 0.77, 9216, 0, 723.129, 725.377, 2.248, 1350, 725.377, 726.157, 0.78, 12288, 0,    11.157,
 711, 371, 714, 714, 715.212, 1.212, 17408, 0, 715.212, 718.096, 2.885, 1723, 718.096, 719.192, 1.096, 17408, 0, 719.192, 722.592, 3.4, 2550, 722.592, 724.157, 1.564, 12288, 0, 724.157, 726.287, 2.13, 1800, 726.287, 727.315, 1.028, 16384, 0,    13.315,
 714, 371, 717, 717, 717.886, 0.886, 12288, 0, 717.886, 719.801, 1.915, 1252, 719.801, 720.732, 0.931, 12288, 0, 720.732, 723.819, 3.087, 1800, 723.819, 724.928, 1.108, 9216, 0, 724.928, 726.977, 2.05, 1350, 726.977, 728.092, 1.114, 12288, 0,    11.092,
 715, 371, 718, 718, 718.893, 0.893, 13312, 0, 718.893, 721.556, 2.663, 1308, 721.556, 722.524, 0.968, 13312, 0, 722.524, 725.199, 2.675, 1950, 725.199, 725.971, 0.772, 9216, 0, 725.971, 727.892, 1.921, 1350, 727.892, 728.861, 0.969, 12288, 0,    10.861,
 713, 371, 716, 716, 717.064, 1.064, 15360, 0, 717.064, 720.174, 3.11, 1558, 720.174, 721.692, 1.518, 15360, 0, 721.692, 725.367, 3.675, 2250, 725.367, 726.914, 1.547, 11264, 0, 726.914, 728.937, 2.023, 1650, 728.937, 729.834, 0.897, 14336, 0,    13.834,
 716, 371, 719, 719, 720.098, 1.098, 16384, 0, 720.098, 722.343, 2.245, 1622, 722.343, 723.553, 1.21, 16384, 0, 723.553, 727.027, 3.475, 2400, 727.027, 728.054, 1.026, 12288, 0, 728.054, 730.183, 2.13, 1800, 730.183, 731.212, 1.028, 16384, 0,    12.212,
 718, 371, 721, 721, 722.092, 1.092, 13312, 0, 722.092, 724.202, 2.11, 1391, 724.202, 725.586, 1.384, 13312, 0, 725.586, 728.187, 2.601, 1950, 728.187, 728.958, 0.771, 9216, 0, 728.958, 730.558, 1.6, 1350, 730.558, 731.982, 1.424, 12288, 0,    10.982,
 717, 371, 720, 720, 721.196, 1.196, 16384, 0, 721.196, 723.722, 2.525, 1624, 723.722, 724.748, 1.026, 16384, 0, 724.748, 728.404, 3.656, 2400, 728.404, 729.984, 1.581, 12288, 0, 729.984, 732.323, 2.339, 1800, 732.323, 733.347, 1.024, 16384, 0,    13.347,
 719, 371, 722, 722, 723.191, 1.191, 16384, 0, 723.191, 725.939, 2.748, 1664, 725.939, 726.963, 1.024, 16384, 0, 726.963, 730.232, 3.269, 2400, 730.232, 731.258, 1.026, 12288, 0, 731.258, 733.402, 2.144, 1800, 733.402, 734.426, 1.024, 16384, 0,    12.426,
 721, 371, 724, 724, 725.176, 1.176, 12288, 0, 725.176, 727.621, 2.445, 1262, 727.621, 728.82, 1.198, 12288, 0, 728.82, 731.225, 2.406, 1800, 731.225, 732.026, 0.801, 9216, 0, 732.026, 733.926, 1.9, 1350, 733.926, 735.194, 1.268, 12288, 0,    11.194,
 720, 371, 723, 723, 724.356, 1.356, 17408, 0, 724.356, 726.712, 2.356, 1762, 726.712, 728.052, 1.34, 17408, 0, 728.052, 731.59, 3.539, 2550, 731.59, 733.052, 1.461, 12288, 0, 733.052, 735.54, 2.488, 1800, 735.54, 736.564, 1.024, 16384, 0,    13.564,
 722, 371, 725, 725, 726.133, 1.133, 14336, 0, 726.133, 728.692, 2.559, 1485, 728.692, 729.721, 1.028, 14336, 0, 729.721, 733.033, 3.312, 2100, 733.033, 733.908, 0.875, 10240, 0, 733.908, 735.714, 1.806, 1500, 735.714, 737.397, 1.683, 13312, 0,    12.397,
 724, 371, 727, 727, 728.187, 1.187, 13312, 0, 728.187, 730.456, 2.27, 1321, 730.456, 731.841, 1.384, 13312, 0, 731.841, 734.442, 2.602, 1950, 734.442, 735.212, 0.77, 9216, 0, 735.212, 737.143, 1.931, 1350, 737.143, 738.169, 1.026, 12288, 0,    11.169,
 723, 371, 726, 726, 727.3, 1.3, 17408, 0, 727.3, 729.918, 2.619, 1722, 729.918, 731.007, 1.088, 17408, 0, 731.007, 734.627, 3.62, 2550, 734.627, 736.236, 1.609, 12288, 0, 736.236, 738.373, 2.137, 1800, 738.373, 739.396, 1.024, 16384, 0,    13.396,
 725, 371, 728, 728, 729.074, 1.074, 13312, 0, 729.074, 731.739, 2.665, 1366, 731.739, 732.673, 0.933, 13312, 0, 732.673, 735.632, 2.959, 1950, 735.632, 737.004, 1.372, 9216, 0, 737.004, 738.745, 1.741, 1350, 738.745, 740.164, 1.419, 12288, 0,    12.164,
 726, 371, 729, 729, 729.894, 0.894, 12288, 0, 729.894, 732.073, 2.18, 1209, 732.073, 733.442, 1.368, 12288, 0, 733.442, 736.841, 3.399, 1800, 736.841, 737.776, 0.935, 9216, 0, 737.776, 739.976, 2.2, 1350, 739.976, 740.938, 0.962, 12288, 0,    11.938,
 727, 371, 730, 730, 731.04, 1.04, 15360, 0, 731.04, 733.76, 2.72, 1512, 733.76, 734.72, 0.96, 15360, 0, 734.72, 737.725, 3.004, 2250, 737.725, 738.715, 0.99, 11264, 0, 738.715, 740.701, 1.986, 1650, 740.701, 741.835, 1.133, 14336, 0,    11.835,
 728, 371, 731, 731, 732.074, 1.074, 15360, 0, 732.074, 734.11, 2.037, 1525, 734.11, 735.684, 1.574, 15360, 0, 735.684, 738.686, 3.002, 2250, 738.686, 739.658, 0.972, 11264, 0, 739.658, 741.937, 2.28, 1650, 741.937, 742.836, 0.899, 14336, 0,    11.836,
 729, 371, 732, 732, 732.903, 0.903, 12288, 0, 732.903, 735.459, 2.557, 1275, 735.459, 736.452, 0.993, 12288, 0, 736.452, 739.246, 2.794, 1800, 739.246, 740.426, 1.18, 9216, 0, 740.426, 742.302, 1.876, 1350, 742.302, 743.611, 1.309, 12288, 0,    11.611,
 730, 371, 733, 733, 733.835, 0.835, 12288, 0, 733.835, 735.753, 1.918, 1233, 735.753, 737.223, 1.47, 12288, 0, 737.223, 740.13, 2.907, 1800, 740.13, 741.196, 1.066, 9216, 0, 741.196, 743.541, 2.345, 1350, 743.541, 744.383, 0.843, 12288, 0,    11.383,
 731, 371, 734, 734, 735.104, 1.104, 16384, 0, 735.104, 737.705, 2.601, 1682, 737.705, 738.733, 1.028, 16384, 0, 738.733, 741.93, 3.197, 2400, 741.93, 742.956, 1.026, 12288, 0, 742.956, 745.093, 2.137, 1800, 745.093, 746.118, 1.024, 16384, 0,    12.118,
 732, 371, 735, 735, 736.266, 1.266, 17408, 0, 736.266, 738.596, 2.33, 1737, 738.596, 739.821, 1.225, 17408, 0, 739.821, 743.223, 3.402, 2550, 743.223, 744.249, 1.026, 12288, 0, 744.249, 746.386, 2.137, 1800, 746.386, 747.41, 1.024, 16384, 0,    12.410,
 733, 371, 736, 736, 737.223, 1.223, 14336, 0, 737.223, 739.708, 2.485, 1498, 739.708, 740.72, 1.012, 14336, 0, 740.72, 743.531, 2.811, 2100, 743.531, 745.105, 1.574, 10240, 0, 745.105, 746.882, 1.777, 1500, 746.882, 748.242, 1.36, 13312, 0,    12.242,
 734, 371, 737, 737, 738.315, 1.315, 16384, 0, 738.315, 740.831, 2.516, 1670, 740.831, 741.855, 1.024, 16384, 0, 741.855, 745.135, 3.28, 2400, 745.135, 746.17, 1.034, 12288, 0, 746.17, 748.532, 2.363, 1800, 748.532, 749.559, 1.027, 16384, 0,    12.559,
 735, 371, 738, 738, 739.411, 1.411, 16384, 0, 739.411, 741.95, 2.539, 1677, 741.95, 742.978, 1.028, 16384, 0, 742.978, 746.426, 3.447, 2400, 746.426, 747.454, 1.028, 12288, 0, 747.454, 749.587, 2.133, 1800, 749.587, 750.614, 1.027, 16384, 0,    12.614,
 736, 371, 739, 739, 740.581, 1.581, 17408, 0, 740.581, 743.193, 2.612, 1770, 743.193, 744.287, 1.094, 17408, 0, 744.287, 747.69, 3.403, 2550, 747.69, 748.719, 1.028, 12288, 0, 748.719, 750.855, 2.137, 1800, 750.855, 751.885, 1.03, 16384, 0,    12.885,
 737, 371, 740, 740, 741.68, 1.68, 16384, 0, 741.68, 744.109, 2.429, 1620, 744.109, 745.32, 1.211, 16384, 0, 745.32, 748.516, 3.196, 2400, 748.516, 749.747, 1.231, 12288, 0, 749.747, 751.885, 2.138, 1800, 751.885, 752.916, 1.031, 16384, 0,    12.916,
 738, 371, 741, 741, 742.712, 1.712, 15360, 0, 742.712, 745.2, 2.488, 1505, 745.2, 746.288, 1.088, 15360, 0, 746.288, 749.436, 3.148, 2250, 749.436, 750.686, 1.25, 11264, 0, 750.686, 752.817, 2.131, 1650, 752.817, 753.819, 1.002, 14336, 0,    12.819,
 740, 371, 743, 743, 744.692, 1.692, 12288, 0, 744.692, 746.906, 2.214, 1279, 746.906, 748.294, 1.388, 12288, 0, 748.294, 750.915, 2.621, 1800, 750.915, 751.686, 0.771, 9216, 0, 751.686, 753.485, 1.799, 1350, 753.485, 754.591, 1.105, 12288, 0,    11.591,
 739, 371, 742, 742, 743.872, 1.872, 17408, 0, 743.872, 746.428, 2.555, 1739, 746.428, 747.522, 1.094, 17408, 0, 747.522, 751.092, 3.57, 2550, 751.092, 752.71, 1.618, 12288, 0, 752.71, 754.958, 2.248, 1800, 754.958, 755.987, 1.029, 16384, 0,    13.987,
 741, 371, 744, 744, 745.725, 1.725, 15360, 0, 745.725, 748.532, 2.807, 1574, 748.532, 749.496, 0.964, 15360, 0, 749.496, 752.495, 2.999, 2250, 752.495, 753.649, 1.153, 11264, 0, 753.649, 755.606, 1.957, 1650, 755.606, 756.888, 1.282, 14336, 0,    12.888,
 743, 371, 746, 746, 747.773, 1.773, 13312, 0, 747.773, 750.341, 2.568, 1357, 750.341, 751.416, 1.074, 13312, 0, 751.416, 754.013, 2.597, 1950, 754.013, 754.783, 0.77, 9216, 0, 754.783, 756.565, 1.782, 1350, 756.565, 757.656, 1.09, 12288, 0,    11.656,
 742, 371, 745, 745, 746.885, 1.885, 17408, 0, 746.885, 749.244, 2.358, 1747, 749.244, 750.584, 1.34, 17408, 0, 750.584, 754.32, 3.736, 2550, 754.32, 755.807, 1.487, 12288, 0, 755.807, 757.949, 2.142, 1800, 757.949, 758.982, 1.033, 16384, 0,    13.982,
 744, 371, 747, 747, 748.729, 1.729, 14336, 0, 748.729, 751.205, 2.477, 1466, 751.205, 752.313, 1.107, 14336, 0, 752.313, 755.298, 2.985, 2100, 755.298, 756.66, 1.363, 10240, 0, 756.66, 758.438, 1.778, 1500, 758.438, 759.819, 1.381, 13312, 0,    12.819,
 745, 371, 748, 748, 749.616, 1.616, 13312, 0, 749.616, 752.165, 2.549, 1366, 752.165, 753.146, 0.98, 13312, 0, 753.146, 756.615, 3.469, 1950, 756.615, 757.435, 0.82, 9216, 0, 757.435, 759.553, 2.118, 1350, 759.553, 760.587, 1.034, 12288, 0,    12.587,
 746, 371, 749, 749, 750.713, 1.713, 16384, 0, 750.713, 753.395, 2.683, 1638, 753.395, 754.42, 1.024, 16384, 0, 754.42, 757.61, 3.191, 2400, 757.61, 758.641, 1.03, 12288, 0, 758.641, 760.78, 2.139, 1800, 760.78, 761.806, 1.026, 16384, 0,    12.806,
 747, 371, 750, 750, 751.875, 1.875, 17408, 0, 751.875, 754.45, 2.575, 1709, 754.45, 755.538, 1.088, 17408, 0, 755.538, 758.934, 3.396, 2550, 758.934, 759.96, 1.026, 12288, 0, 759.96, 762.089, 2.129, 1800, 762.089, 763.117, 1.028, 16384, 0,    13.117,
 748, 371, 751, 751, 752.695, 1.695, 12288, 0, 752.695, 755.064, 2.369, 1249, 755.064, 756.306, 1.242, 12288, 0, 756.306, 759.015, 2.709, 1800, 759.015, 760.732, 1.717, 9216, 0, 760.732, 762.386, 1.655, 1350, 762.386, 763.885, 1.498, 12288, 0,    12.885,
 749, 371, 752, 752, 753.719, 1.719, 15360, 0, 753.719, 756.456, 2.737, 1505, 756.456, 757.423, 0.967, 15360, 0, 757.423, 760.613, 3.19, 2250, 760.613, 761.67, 1.057, 11264, 0, 761.67, 764.045, 2.375, 1650, 764.045, 764.941, 0.896, 14336, 0,    12.941,
 751, 371, 754, 754, 755.428, 1.428, 12288, 0, 755.428, 758.111, 2.683, 1234, 758.111, 759.023, 0.912, 12288, 0, 759.023, 761.419, 2.396, 1800, 761.419, 762.442, 1.023, 9216, 0, 762.442, 764.045, 1.603, 1350, 764.045, 765.712, 1.667, 12288, 0,    11.712,
 750, 371, 753, 753, 754.606, 1.606, 13312, 0, 754.606, 756.87, 2.263, 1350, 756.87, 758.255, 1.385, 13312, 0, 758.255, 761.535, 3.28, 1950, 761.535, 763.218, 1.684, 9216, 0, 763.218, 765.652, 2.434, 1350, 765.652, 766.48, 0.828, 12288, 0,    13.480,
 752, 371, 755, 755, 756.457, 1.457, 15360, 0, 756.457, 758.985, 2.528, 1581, 758.985, 759.983, 0.998, 15360, 0, 759.983, 763.62, 3.637, 2250, 763.62, 764.568, 0.948, 11264, 0, 764.568, 766.529, 1.96, 1650, 766.529, 767.425, 0.896, 14336, 0,    12.425,
 753, 371, 756, 756, 757.353, 1.353, 13312, 0, 757.353, 759.983, 2.63, 1398, 759.983, 760.815, 0.832, 13312, 0, 760.815, 764.025, 3.21, 1950, 764.025, 765.342, 1.317, 9216, 0, 765.342, 767.256, 1.913, 1350, 767.256, 768.193, 0.937, 12288, 0,    12.193,
 754, 371, 757, 757, 758.446, 1.446, 16384, 0, 758.446, 761.238, 2.792, 1688, 761.238, 762.262, 1.024, 16384, 0, 762.262, 765.462, 3.2, 2400, 765.462, 766.492, 1.03, 12288, 0, 766.492, 768.664, 2.172, 1800, 768.664, 769.688, 1.024, 16384, 0,    12.688,
 756, 371, 759, 759, 760.433, 1.433, 12288, 0, 760.433, 762.912, 2.479, 1254, 762.912, 764.238, 1.326, 12288, 0, 764.238, 766.642, 2.404, 1800, 766.642, 767.412, 0.77, 9216, 0, 767.412, 769.016, 1.604, 1350, 769.016, 770.461, 1.445, 12288, 0,    11.461,
 755, 371, 758, 758, 759.608, 1.608, 17408, 0, 759.608, 762.376, 2.769, 1794, 762.376, 763.466, 1.09, 17408, 0, 763.466, 767.027, 3.561, 2550, 767.027, 768.438, 1.411, 12288, 0, 768.438, 770.801, 2.362, 1800, 770.801, 771.826, 1.025, 16384, 0,    13.826,
 757, 371, 760, 760, 761.603, 1.603, 17408, 0, 761.603, 764.681, 3.078, 1727, 764.681, 765.772, 1.092, 17408, 0, 765.772, 769.177, 3.404, 2550, 769.177, 770.203, 1.026, 12288, 0, 770.203, 772.338, 2.136, 1800, 772.338, 773.363, 1.024, 16384, 0,    13.363,
 758, 371, 761, 761, 762.764, 1.764, 17408, 0, 762.764, 765.191, 2.428, 1705, 765.191, 766.86, 1.669, 17408, 0, 766.86, 770.262, 3.401, 2550, 770.262, 771.287, 1.026, 12288, 0, 771.287, 773.414, 2.127, 1800, 773.414, 774.444, 1.03, 16384, 0,    13.444,
 759, 371, 762, 762, 763.859, 1.859, 16384, 0, 763.859, 766.832, 2.973, 1608, 766.832, 767.893, 1.061, 16384, 0, 767.893, 771.091, 3.197, 2400, 771.091, 772.314, 1.224, 12288, 0, 772.314, 774.474, 2.16, 1800, 774.474, 775.498, 1.024, 16384, 0,    13.498,
 760, 371, 763, 763, 764.883, 1.883, 15360, 0, 764.883, 767.266, 2.383, 1554, 767.266, 768.857, 1.591, 15360, 0, 768.857, 772.176, 3.319, 2250, 772.176, 773.255, 1.079, 11264, 0, 773.255, 775.374, 2.12, 1650, 775.374, 776.398, 1.024, 14336, 0,    13.398,
 761, 371, 764, 764, 765.705, 1.705, 12288, 0, 765.705, 768.492, 2.787, 1243, 768.492, 769.633, 1.141, 12288, 0, 769.633, 772.665, 3.032, 1800, 772.665, 774.027, 1.363, 9216, 0, 774.027, 776.077, 2.05, 1350, 776.077, 777.172, 1.095, 12288, 0,    13.172,
 762, 371, 765, 765, 766.661, 1.661, 14336, 0, 766.661, 769.187, 2.526, 1436, 769.187, 770.529, 1.343, 14336, 0, 770.529, 773.89, 3.36, 2100, 773.89, 774.884, 0.995, 10240, 0, 774.884, 777.157, 2.273, 1500, 777.157, 778.004, 0.847, 13312, 0,    13.004,
 763, 371, 766, 766, 767.753, 1.753, 16384, 0, 767.753, 770.689, 2.936, 1644, 770.689, 771.713, 1.024, 16384, 0, 771.713, 775.374, 3.661, 2400, 775.374, 776.41, 1.036, 12288, 0, 776.41, 778.557, 2.147, 1800, 778.557, 779.587, 1.03, 16384, 0,    13.587,
 764, 371, 767, 767, 768.914, 1.914, 17408, 0, 768.914, 771.538, 2.624, 1758, 771.538, 772.809, 1.271, 17408, 0, 772.809, 776.215, 3.407, 2550, 776.215, 777.437, 1.222, 12288, 0, 777.437, 779.579, 2.142, 1800, 779.579, 780.613, 1.034, 16384, 0,    13.613,
 765, 371, 768, 768, 769.733, 1.733, 12288, 0, 769.733, 772.318, 2.585, 1222, 772.318, 773.58, 1.262, 12288, 0, 773.58, 776.29, 2.71, 1800, 776.29, 778.214, 1.924, 9216, 0, 778.214, 780.166, 1.953, 1350, 780.166, 781.38, 1.214, 12288, 0,    13.380,
 766, 371, 769, 769, 770.689, 1.689, 14336, 0, 770.689, 773.487, 2.797, 1457, 773.487, 774.484, 0.998, 14336, 0, 774.484, 778.177, 3.693, 2100, 778.177, 779.074, 0.896, 10240, 0, 779.074, 781.357, 2.284, 1500, 781.357, 782.218, 0.861, 13312, 0,    13.218,
 767, 371, 770, 770, 771.508, 1.508, 12288, 0, 771.508, 774.049, 2.54, 1293, 774.049, 775.252, 1.204, 12288, 0, 775.252, 778.616, 3.364, 1800, 778.616, 779.843, 1.227, 9216, 0, 779.843, 781.766, 1.923, 1350, 781.766, 782.987, 1.221, 12288, 0,    12.987,
 769, 371, 772, 772, 773.491, 1.491, 12288, 0, 773.491, 775.669, 2.178, 1214, 775.669, 776.438, 0.77, 12288, 0, 776.438, 778.836, 2.397, 1800, 778.836, 780.613, 1.777, 9216, 0, 780.613, 782.961, 2.349, 1350, 782.961, 783.755, 0.794, 12288, 0,    11.755,
 768, 371, 771, 771, 772.669, 1.669, 17408, 0, 772.669, 775.877, 3.208, 1790, 775.877, 777.526, 1.649, 17408, 0, 777.526, 781.58, 4.054, 2550, 781.58, 782.607, 1.027, 12288, 0, 782.607, 784.748, 2.141, 1800, 784.748, 785.777, 1.029, 16384, 0,    14.777,
 770, 371, 773, 773, 774.515, 1.515, 15360, 0, 774.515, 777.731, 3.216, 1546, 777.731, 778.697, 0.965, 15360, 0, 778.697, 781.696, 2.999, 2250, 781.696, 783.549, 1.853, 11264, 0, 783.549, 785.508, 1.959, 1650, 785.508, 786.681, 1.173, 14336, 0,    13.681,
 771, 371, 774, 774, 775.481, 1.481, 14336, 0, 775.481, 777.854, 2.373, 1478, 777.854, 779.597, 1.743, 14336, 0, 779.597, 782.396, 2.799, 2100, 782.396, 784.407, 2.012, 10240, 0, 784.407, 786.535, 2.128, 1500, 786.535, 787.515, 0.98, 13312, 0,    13.515,
 772, 371, 775, 775, 776.37, 1.37, 13312, 0, 776.37, 779.579, 3.209, 1383, 779.579, 780.429, 0.85, 13312, 0, 780.429, 784.179, 3.75, 1950, 784.179, 785.175, 0.996, 9216, 0, 785.175, 787.115, 1.939, 1350, 787.115, 788.284, 1.17, 12288, 0,    13.284,
 773, 371, 776, 776, 777.404, 1.404, 15360, 0, 777.404, 779.903, 2.5, 1538, 779.903, 781.39, 1.487, 15360, 0, 781.39, 784.698, 3.308, 2250, 784.698, 786.114, 1.416, 11264, 0, 786.114, 788.491, 2.378, 1650, 788.491, 789.387, 0.896, 14336, 0,    13.387,
 774, 371, 777, 777, 778.496, 1.496, 16384, 0, 778.496, 781.844, 3.349, 1694, 781.844, 782.873, 1.029, 16384, 0, 782.873, 786.065, 3.192, 2400, 786.065, 787.139, 1.074, 12288, 0, 787.139, 789.272, 2.133, 1800, 789.272, 790.412, 1.14, 16384, 0,    13.412,
 777, 371, 780, 780, 781.37, 1.37, 12288, 0, 781.37, 783.714, 2.344, 1267, 783.714, 784.608, 0.894, 12288, 0, 784.608, 787.098, 2.49, 1800, 787.098, 787.911, 0.813, 9216, 0, 787.911, 790.1, 2.189, 1350, 790.1, 791.184, 1.084, 12288, 0,    11.184,
 775, 371, 778, 778, 779.527, 1.527, 15360, 0, 779.527, 782.025, 2.498, 1590, 782.025, 783.839, 1.814, 15360, 0, 783.839, 787.178, 3.34, 2250, 787.178, 788.854, 1.676, 11264, 0, 788.854, 791.234, 2.38, 1650, 791.234, 792.133, 0.899, 14336, 0,    14.133,
 776, 371, 779, 779, 780.551, 1.551, 15360, 0, 780.551, 783.955, 3.404, 1577, 783.955, 785.568, 1.614, 15360, 0, 785.568, 789.066, 3.498, 2250, 789.066, 790.011, 0.945, 11264, 0, 790.011, 792.065, 2.055, 1650, 792.065, 793.033, 0.968, 14336, 0,    14.033,
 779, 371, 782, 782, 783.489, 1.489, 14336, 0, 783.489, 785.838, 2.349, 1413, 785.838, 786.736, 0.898, 14336, 0, 786.736, 789.904, 3.168, 2100, 789.904, 790.866, 0.962, 10240, 0, 790.866, 793.012, 2.146, 1500, 793.012, 793.865, 0.852, 13312, 0,    11.865,
 778, 371, 781, 781, 782.531, 1.531, 17408, 0, 782.531, 786.072, 3.541, 1766, 786.072, 787.828, 1.756, 17408, 0, 787.828, 791.224, 3.396, 2550, 791.224, 792.25, 1.026, 12288, 0, 792.25, 794.385, 2.135, 1800, 794.385, 795.413, 1.028, 16384, 0,    14.413,
 781, 371, 784, 784, 785.472, 1.472, 13312, 0, 785.472, 787.903, 2.431, 1371, 787.903, 788.744, 0.841, 13312, 0, 788.744, 791.665, 2.921, 1950, 791.665, 793.025, 1.36, 9216, 0, 793.025, 794.632, 1.607, 1350, 794.632, 796.181, 1.549, 12288, 0,    12.181,
 780, 371, 783, 783, 784.581, 1.581, 16384, 0, 784.581, 788.062, 3.481, 1669, 788.062, 789.768, 1.706, 16384, 0, 789.768, 793.108, 3.34, 2400, 793.108, 794.134, 1.026, 12288, 0, 794.134, 796.538, 2.403, 1800, 796.538, 797.566, 1.028, 16384, 0,    14.566,
 783, 371, 786, 786, 787.452, 1.452, 14336, 0, 787.452, 789.994, 2.542, 1447, 789.994, 790.894, 0.901, 14336, 0, 790.894, 794.03, 3.136, 2100, 794.03, 794.994, 0.964, 10240, 0, 794.994, 796.771, 1.777, 1500, 796.771, 798.407, 1.635, 13312, 0,    12.407,
 784, 371, 787, 787, 788.271, 1.271, 12288, 0, 788.271, 791.602, 3.331, 1204, 791.602, 792.627, 1.025, 12288, 0, 792.627, 795.516, 2.889, 1800, 795.516, 796.701, 1.185, 9216, 0, 796.701, 798.378, 1.676, 1350, 798.378, 799.175, 0.797, 12288, 0,    12.175,
 782, 371, 785, 785, 786.496, 1.496, 15360, 0, 786.496, 790.042, 3.546, 1598, 790.042, 791.86, 1.818, 15360, 0, 791.86, 794.862, 3.003, 2250, 794.862, 795.933, 1.071, 11264, 0, 795.933, 798.496, 2.563, 1650, 798.496, 800.071, 1.574, 14336, 0,    15.071,
 785, 371, 788, 788, 789.299, 1.299, 15360, 0, 789.299, 792.115, 2.817, 1556, 792.115, 793.589, 1.474, 15360, 0, 793.589, 797.035, 3.446, 2250, 797.035, 797.976, 0.941, 11264, 0, 797.976, 800.34, 2.364, 1650, 800.34, 801.236, 0.896, 14336, 0,    13.236,
 786, 371, 789, 789, 790.194, 1.194, 13312, 0, 790.194, 793.385, 3.191, 1335, 793.385, 794.426, 1.041, 13312, 0, 794.426, 797.464, 3.038, 1950, 797.464, 798.747, 1.282, 9216, 0, 798.747, 800.35, 1.604, 1350, 800.35, 802.004, 1.654, 12288, 0,    13.004,
 787, 371, 790, 790, 791.221, 1.221, 15360, 0, 791.221, 794.212, 2.992, 1570, 794.212, 795.393, 1.18, 15360, 0, 795.393, 798.516, 3.124, 2250, 798.516, 799.693, 1.176, 11264, 0, 799.693, 802.311, 2.618, 1650, 802.311, 803.207, 0.896, 14336, 0,    13.207,
 788, 371, 791, 791, 792.245, 1.245, 15360, 0, 792.245, 795.516, 3.272, 1595, 795.516, 796.481, 0.965, 15360, 0, 796.481, 800.043, 3.561, 2250, 800.043, 800.992, 0.949, 11264, 0, 800.992, 802.951, 1.959, 1650, 802.951, 804.105, 1.154, 14336, 0,    13.105,
 789, 371, 792, 792, 793.138, 1.138, 13312, 0, 793.138, 795.969, 2.831, 1312, 795.969, 797.317, 1.348, 13312, 0, 797.317, 800.073, 2.756, 1950, 800.073, 801.763, 1.69, 9216, 0, 801.763, 803.912, 2.149, 1350, 803.912, 804.875, 0.964, 12288, 0,    12.875,
 790, 371, 793, 793, 794.162, 1.162, 15360, 0, 794.162, 797.526, 3.363, 1502, 797.526, 798.487, 0.961, 15360, 0, 798.487, 801.525, 3.038, 2250, 801.525, 802.704, 1.18, 11264, 0, 802.704, 804.909, 2.204, 1650, 804.909, 805.81, 0.901, 14336, 0,    12.810,
 791, 371, 794, 794, 794.982, 0.982, 12288, 0, 794.982, 797.685, 2.704, 1288, 797.685, 799.255, 1.57, 12288, 0, 799.255, 802.442, 3.186, 1800, 802.442, 803.474, 1.032, 9216, 0, 803.474, 805.512, 2.038, 1350, 805.512, 806.578, 1.065, 12288, 0,    12.578,
 792, 371, 795, 795, 795.835, 0.835, 12288, 0, 795.835, 799.132, 3.297, 1205, 799.132, 800.028, 0.896, 12288, 0, 800.028, 802.472, 2.444, 1800, 802.472, 804.251, 1.779, 9216, 0, 804.251, 806.514, 2.264, 1350, 806.514, 807.352, 0.838, 12288, 0,    12.352,
 793, 371, 796, 796, 797.035, 1.035, 15360, 0, 797.035, 799.752, 2.717, 1547, 799.752, 800.99, 1.238, 15360, 0, 800.99, 804.526, 3.536, 2250, 804.526, 805.467, 0.941, 11264, 0, 805.467, 807.468, 2.001, 1650, 807.468, 808.371, 0.903, 14336, 0,    12.371,
 794, 371, 797, 797, 798.001, 1.001, 14336, 0, 798.001, 801.128, 3.128, 1494, 801.128, 802.034, 0.906, 14336, 0, 802.034, 805.246, 3.212, 2100, 805.246, 806.33, 1.083, 10240, 0, 806.33, 808.301, 1.972, 1500, 808.301, 809.205, 0.904, 13312, 0,    12.205,
 795, 371, 798, 798, 799.102, 1.102, 16384, 0, 799.102, 801.898, 2.796, 1603, 801.898, 803.061, 1.164, 16384, 0, 803.061, 806.261, 3.199, 2400, 806.261, 807.354, 1.094, 12288, 0, 807.354, 809.603, 2.249, 1800, 809.603, 810.627, 1.024, 16384, 0,    12.627,
 796, 371, 799, 799, 800.196, 1.196, 16384, 0, 800.196, 803.38, 3.184, 1687, 803.38, 804.404, 1.024, 16384, 0, 804.404, 807.729, 3.325, 2400, 807.729, 808.76, 1.031, 12288, 0, 808.76, 810.894, 2.134, 1800, 810.894, 811.921, 1.027, 16384, 0,    12.921,
 797, 371, 800, 800, 801.222, 1.222, 15360, 0, 801.222, 803.994, 2.771, 1572, 803.994, 805.364, 1.371, 15360, 0, 805.364, 808.361, 2.997, 2250, 808.361, 809.699, 1.338, 11264, 0, 809.699, 811.664, 1.965, 1650, 811.664, 812.82, 1.155, 14336, 0,    12.820,
 798, 371, 801, 801, 802.388, 1.388, 17408, 0, 802.388, 805.669, 3.281, 1712, 805.669, 806.759, 1.09, 17408, 0, 806.759, 810.156, 3.397, 2550, 810.156, 811.182, 1.026, 12288, 0, 811.182, 813.318, 2.136, 1800, 813.318, 814.342, 1.024, 16384, 0,    13.342,
 799, 371, 802, 802, 803.412, 1.412, 15360, 0, 803.412, 806.094, 2.682, 1573, 806.094, 807.719, 1.625, 15360, 0, 807.719, 810.742, 3.023, 2250, 810.742, 812.125, 1.383, 11264, 0, 812.125, 814.08, 1.955, 1650, 814.08, 815.238, 1.158, 14336, 0,    13.238,
 800, 371, 804, 804, 805.04, 1.04, 15360, 0, 805.04, 807.741, 2.701, 1548, 807.741, 808.708, 0.967, 15360, 0, 808.708, 811.716, 3.008, 2250, 811.716, 813.064, 1.349, 11264, 0, 813.064, 815.292, 2.228, 1650, 815.292, 816.189, 0.897, 14336, 0,    12.189,
 801, 371, 805, 805, 805.997, 0.997, 14336, 0, 805.997, 807.998, 2.001, 1428, 807.998, 809.604, 1.606, 14336, 0, 809.604, 812.96, 3.356, 2100, 812.96, 813.918, 0.958, 10240, 0, 813.918, 815.865, 1.947, 1500, 815.865, 817.021, 1.157, 13312, 0,    12.021,
 802, 371, 806, 806, 806.894, 0.894, 13312, 0, 806.894, 809.551, 2.656, 1356, 809.551, 810.436, 0.886, 13312, 0, 810.436, 813.348, 2.912, 1950, 813.348, 814.69, 1.342, 9216, 0, 814.69, 816.898, 2.208, 1350, 816.898, 817.791, 0.893, 12288, 0,    11.791,
 803, 371, 807, 807, 808.031, 1.031, 15360, 0, 808.031, 810.06, 2.028, 1525, 810.06, 811.402, 1.342, 15360, 0, 811.402, 814.718, 3.316, 2250, 814.718, 815.659, 0.941, 11264, 0, 815.659, 817.824, 2.165, 1650, 817.824, 818.721, 0.897, 14336, 0,    11.721,
 804, 371, 808, 808, 809.193, 1.193, 17408, 0, 809.193, 811.866, 2.673, 1735, 811.866, 812.96, 1.094, 17408, 0, 812.96, 816.36, 3.4, 2550, 816.36, 817.386, 1.026, 12288, 0, 817.386, 819.521, 2.135, 1800, 819.521, 820.545, 1.024, 16384, 0,    12.545,
 805, 371, 809, 809, 810.353, 1.353, 17408, 0, 810.353, 812.718, 2.365, 1771, 812.718, 814.049, 1.331, 17408, 0, 814.049, 817.439, 3.39, 2550, 817.439, 818.465, 1.026, 12288, 0, 818.465, 820.602, 2.137, 1800, 820.602, 821.626, 1.024, 16384, 0,    12.626,
 806, 371, 810, 810, 811.446, 1.446, 16384, 0, 811.446, 814.109, 2.663, 1681, 814.109, 815.134, 1.025, 16384, 0, 815.134, 818.335, 3.201, 2400, 818.335, 819.489, 1.154, 12288, 0, 819.489, 821.656, 2.167, 1800, 821.656, 822.68, 1.024, 16384, 0,    12.680,
 807, 371, 811, 811, 812.606, 1.606, 17408, 0, 812.606, 815.03, 2.424, 1729, 815.03, 816.222, 1.192, 17408, 0, 816.222, 819.759, 3.537, 2550, 819.759, 820.785, 1.026, 12288, 0, 820.785, 822.917, 2.133, 1800, 822.917, 823.95, 1.033, 16384, 0,    12.950,
 808, 371, 812, 812, 813.767, 1.767, 17408, 0, 813.767, 816.503, 2.736, 1797, 816.503, 817.591, 1.088, 17408, 0, 817.591, 821, 3.409, 2550, 821, 822.036, 1.036, 12288, 0, 822.036, 824.172, 2.136, 1800, 824.172, 825.197, 1.025, 16384, 0,    13.197,
 809, 371, 813, 813, 814.791, 1.791, 15360, 0, 814.791, 817.123, 2.332, 1561, 817.123, 818.555, 1.432, 15360, 0, 818.555, 821.548, 2.993, 2250, 821.548, 822.983, 1.435, 11264, 0, 822.983, 824.934, 1.951, 1650, 824.934, 826.097, 1.163, 14336, 0,    13.097,
 810, 371, 814, 814, 815.883, 1.883, 16384, 0, 815.883, 818.709, 2.825, 1653, 818.709, 819.739, 1.03, 16384, 0, 819.739, 822.957, 3.219, 2400, 822.957, 824.012, 1.054, 12288, 0, 824.012, 826.31, 2.298, 1800, 826.31, 827.334, 1.024, 16384, 0,    13.334,
 812, 371, 816, 816, 817.94, 1.94, 13312, 0, 817.94, 820.503, 2.563, 1346, 820.503, 821.66, 1.157, 13312, 0, 821.66, 824.258, 2.598, 1950, 824.258, 825.028, 0.77, 9216, 0, 825.028, 826.635, 1.606, 1350, 826.635, 828.102, 1.467, 12288, 0,    12.102,
 811, 371, 815, 815, 817.05, 2.05, 17408, 0, 817.05, 819.521, 2.471, 1793, 819.521, 820.827, 1.306, 17408, 0, 820.827, 824.404, 3.578, 2550, 824.404, 826.053, 1.648, 12288, 0, 826.053, 828.449, 2.396, 1800, 828.449, 829.473, 1.024, 16384, 0,    14.473,
 813, 371, 817, 817, 818.973, 1.973, 15360, 0, 818.973, 821.592, 2.618, 1549, 821.592, 822.622, 1.03, 15360, 0, 822.622, 825.957, 3.335, 2250, 825.957, 826.995, 1.038, 11264, 0, 826.995, 828.951, 1.955, 1650, 828.951, 830.371, 1.42, 14336, 0,    13.371,
 814, 371, 818, 818, 819.793, 1.793, 12288, 0, 819.793, 822.171, 2.378, 1245, 822.171, 823.392, 1.221, 12288, 0, 823.392, 826.664, 3.272, 1800, 826.664, 827.769, 1.106, 9216, 0, 827.769, 830.057, 2.288, 1350, 830.057, 831.142, 1.085, 12288, 0,    13.142,
 815, 371, 819, 819, 820.612, 1.612, 12288, 0, 820.612, 823.323, 2.711, 1299, 823.323, 824.162, 0.839, 12288, 0, 824.162, 826.808, 2.646, 1800, 826.808, 828.547, 1.739, 9216, 0, 828.547, 830.559, 2.012, 1350, 830.559, 831.914, 1.355, 12288, 0,    12.914,
 816, 371, 820, 820, 821.568, 1.568, 14336, 0, 821.568, 824.162, 2.594, 1493, 824.162, 825.063, 0.9, 14336, 0, 825.063, 828.765, 3.702, 2100, 828.765, 829.623, 0.858, 10240, 0, 829.623, 831.835, 2.213, 1500, 831.835, 832.751, 0.915, 13312, 0,    12.751,
 817, 371, 821, 821, 822.523, 1.523, 14336, 0, 822.523, 825.304, 2.781, 1483, 825.304, 826.206, 0.902, 14336, 0, 826.206, 829.463, 3.256, 2100, 829.463, 830.484, 1.021, 10240, 0, 830.484, 832.339, 1.855, 1500, 832.339, 833.591, 1.252, 13312, 0,    12.591,
 818, 371, 822, 822, 823.684, 1.684, 17408, 0, 823.684, 826.546, 2.862, 1788, 826.546, 827.634, 1.088, 17408, 0, 827.634, 831.05, 3.417, 2550, 831.05, 832.081, 1.03, 12288, 0, 832.081, 834.211, 2.13, 1800, 834.211, 835.243, 1.032, 16384, 0,    13.243,
 819, 371, 823, 823, 824.854, 1.854, 17408, 0, 824.854, 827.634, 2.78, 1746, 827.634, 828.723, 1.089, 17408, 0, 828.723, 832.169, 3.446, 2550, 832.169, 833.195, 1.026, 12288, 0, 833.195, 835.331, 2.137, 1800, 835.331, 836.355, 1.024, 16384, 0,    13.355,
 820, 371, 824, 824, 826.021, 2.021, 17408, 0, 826.021, 828.941, 2.92, 1793, 828.941, 830.029, 1.088, 17408, 0, 830.029, 833.426, 3.397, 2550, 833.426, 834.456, 1.03, 12288, 0, 834.456, 836.589, 2.133, 1800, 836.589, 837.615, 1.026, 16384, 0,    13.615,
 821, 371, 825, 825, 827.189, 2.189, 17408, 0, 827.189, 830.017, 2.828, 1783, 830.017, 831.117, 1.1, 17408, 0, 831.117, 834.516, 3.4, 2550, 834.516, 835.542, 1.026, 12288, 0, 835.542, 837.673, 2.131, 1800, 837.673, 838.701, 1.027, 16384, 0,    13.701,
 822, 371, 826, 826, 828.149, 2.149, 14336, 0, 828.149, 830.929, 2.78, 1487, 830.929, 832.012, 1.084, 14336, 0, 832.012, 834.974, 2.961, 2100, 834.974, 836.404, 1.43, 10240, 0, 836.404, 838.37, 1.966, 1500, 838.37, 839.533, 1.163, 13312, 0,    13.533,
 823, 371, 827, 827, 829.114, 2.114, 14336, 0, 829.114, 831.932, 2.818, 1437, 831.932, 832.914, 0.982, 14336, 0, 832.914, 836.234, 3.32, 2100, 836.234, 837.26, 1.026, 10240, 0, 837.26, 839.46, 2.2, 1500, 839.46, 840.371, 0.911, 13312, 0,    13.371,
 824, 371, 828, 828, 830.006, 2.006, 13312, 0, 830.006, 832.746, 2.74, 1359, 832.746, 833.749, 1.004, 13312, 0, 833.749, 837.118, 3.369, 1950, 837.118, 838.028, 0.91, 9216, 0, 838.028, 839.97, 1.943, 1350, 839.97, 841.139, 1.169, 12288, 0,    13.139,
 825, 371, 829, 829, 830.825, 1.825, 12288, 0, 830.825, 833.627, 2.801, 1264, 833.627, 834.518, 0.892, 12288, 0, 834.518, 837.376, 2.858, 1800, 837.376, 838.795, 1.419, 9216, 0, 838.795, 841.068, 2.273, 1350, 841.068, 841.911, 0.843, 12288, 0,    12.911,
 826, 371, 830, 830, 831.986, 1.986, 17408, 0, 831.986, 835.05, 3.064, 1722, 835.05, 836.144, 1.094, 17408, 0, 836.144, 839.648, 3.504, 2550, 839.648, 840.681, 1.033, 12288, 0, 840.681, 842.822, 2.141, 1800, 842.822, 843.849, 1.026, 16384, 0,    13.849,
 827, 371, 831, 831, 833.08, 2.08, 16384, 0, 833.08, 835.86, 2.78, 1669, 835.86, 837.168, 1.308, 16384, 0, 837.168, 840.361, 3.193, 2400, 840.361, 841.705, 1.344, 12288, 0, 841.705, 843.844, 2.139, 1800, 843.844, 844.874, 1.03, 16384, 0,    13.874,
 828, 371, 832, 832, 834.038, 2.038, 14336, 0, 834.038, 836.976, 2.937, 1445, 836.976, 838.066, 1.09, 14336, 0, 838.066, 840.858, 2.792, 2100, 840.858, 842.568, 1.71, 10240, 0, 842.568, 844.603, 2.035, 1500, 844.603, 845.706, 1.103, 13312, 0,    13.706,
 829, 371, 833, 833, 834.994, 1.994, 14336, 0, 834.994, 837.858, 2.864, 1499, 837.858, 838.967, 1.109, 14336, 0, 838.967, 842.447, 3.48, 2100, 842.447, 843.429, 0.982, 10240, 0, 843.429, 845.632, 2.203, 1500, 845.632, 846.538, 0.907, 13312, 0,    13.538,
 830, 371, 834, 834, 835.813, 1.813, 12288, 0, 835.813, 838.631, 2.818, 1241, 838.631, 839.739, 1.108, 12288, 0, 839.739, 842.766, 3.027, 1800, 842.766, 844.197, 1.431, 9216, 0, 844.197, 846.205, 2.008, 1350, 846.205, 847.306, 1.102, 12288, 0,    13.306,
 831, 371, 835, 835, 836.632, 1.632, 12288, 0, 836.632, 839.5, 2.868, 1230, 839.5, 840.507, 1.007, 12288, 0, 840.507, 843.258, 2.751, 1800, 843.258, 844.965, 1.707, 9216, 0, 844.965, 847.239, 2.274, 1350, 847.239, 848.074, 0.835, 12288, 0,    13.074,
 832, 371, 836, 836, 837.734, 1.734, 16384, 0, 837.734, 840.902, 3.168, 1692, 840.902, 841.93, 1.028, 16384, 0, 841.93, 845.652, 3.722, 2400, 845.652, 846.678, 1.026, 12288, 0, 846.678, 848.804, 2.126, 1800, 848.804, 849.828, 1.024, 16384, 0,    13.828,
 833, 371, 837, 837, 838.759, 1.759, 15360, 0, 838.759, 841.533, 2.775, 1525, 841.533, 842.89, 1.357, 15360, 0, 842.89, 845.885, 2.995, 2250, 845.885, 847.625, 1.74, 11264, 0, 847.625, 849.588, 1.963, 1650, 849.588, 850.724, 1.135, 14336, 0,    13.724,
 834, 371, 838, 838, 839.783, 1.783, 15360, 0, 839.783, 843.028, 3.245, 1595, 843.028, 843.988, 0.96, 15360, 0, 843.988, 846.982, 2.994, 2250, 846.982, 848.564, 1.582, 11264, 0, 848.564, 850.762, 2.198, 1650, 850.762, 851.658, 0.896, 14336, 0,    13.658,
 835, 371, 839, 839, 840.943, 1.943, 17408, 0, 840.943, 843.814, 2.871, 1708, 843.814, 845.076, 1.262, 17408, 0, 845.076, 849.06, 3.984, 2550, 849.06, 850.086, 1.026, 12288, 0, 850.086, 852.214, 2.129, 1800, 852.214, 853.238, 1.024, 16384, 0,    14.238,
 836, 371, 840, 840, 842.043, 2.043, 16384, 0, 842.043, 845.273, 3.23, 1680, 845.273, 846.297, 1.024, 16384, 0, 846.297, 849.5, 3.203, 2400, 849.5, 851.114, 1.614, 12288, 0, 851.114, 853.24, 2.127, 1800, 853.24, 854.269, 1.028, 16384, 0,    14.269,
 837, 371, 841, 841, 843.214, 2.214, 17408, 0, 843.214, 846.195, 2.981, 1781, 846.195, 847.389, 1.194, 17408, 0, 847.389, 850.788, 3.399, 2550, 850.788, 852.141, 1.353, 12288, 0, 852.141, 854.35, 2.208, 1800, 854.35, 855.374, 1.024, 16384, 0,    14.374,
 838, 371, 842, 842, 844.381, 2.381, 17408, 0, 844.381, 847.633, 3.252, 1765, 847.633, 848.73, 1.097, 17408, 0, 848.73, 852.465, 3.734, 2550, 852.465, 853.495, 1.03, 12288, 0, 853.495, 855.636, 2.141, 1800, 855.636, 856.669, 1.033, 16384, 0,    14.669,
 839, 371, 843, 843, 845.405, 2.405, 15360, 0, 845.405, 848.28, 2.875, 1562, 848.28, 849.693, 1.413, 15360, 0, 849.693, 852.701, 3.008, 2250, 852.701, 854.443, 1.741, 11264, 0, 854.443, 856.404, 1.961, 1650, 856.404, 857.566, 1.162, 14336, 0,    14.566,
 840, 371, 844, 844, 846.225, 2.225, 12288, 0, 846.225, 849.259, 3.035, 1217, 849.259, 850.461, 1.202, 12288, 0, 850.461, 853.19, 2.729, 1800, 853.19, 855.211, 2.021, 9216, 0, 855.211, 857.241, 2.03, 1350, 857.241, 858.334, 1.093, 12288, 0,    14.334,
 841, 371, 845, 845, 847.184, 2.184, 14336, 0, 847.184, 850.219, 3.035, 1451, 850.219, 851.364, 1.145, 14336, 0, 851.364, 855.266, 3.902, 2100, 855.266, 856.122, 0.855, 10240, 0, 856.122, 858.183, 2.061, 1500, 858.183, 859.169, 0.986, 13312, 0,    14.169,
 842, 371, 846, 846, 848.145, 2.145, 14336, 0, 848.145, 851.231, 3.086, 1479, 851.231, 852.26, 1.029, 14336, 0, 852.26, 855.514, 3.254, 2100, 855.514, 856.981, 1.466, 10240, 0, 856.981, 859.025, 2.044, 1500, 859.025, 860.004, 0.98, 13312, 0,    14.004,
 843, 371, 847, 847, 849.04, 2.04, 13312, 0, 849.04, 851.986, 2.946, 1320, 851.986, 853.093, 1.108, 13312, 0, 853.093, 855.797, 2.703, 1950, 855.797, 857.75, 1.953, 9216, 0, 857.75, 859.791, 2.041, 1350, 859.791, 860.777, 0.985, 12288, 0,    13.777,
 844, 371, 848, 848, 849.859, 1.859, 12288, 0, 849.859, 852.883, 3.024, 1238, 852.883, 853.863, 0.981, 12288, 0, 853.863, 857.668, 3.804, 1800, 857.668, 858.518, 0.85, 9216, 0, 858.518, 860.625, 2.107, 1350, 860.625, 861.546, 0.92, 12288, 0,    13.546,
 845, 371, 849, 849, 850.678, 1.678, 12288, 0, 850.678, 853.669, 2.991, 1263, 853.669, 854.635, 0.966, 12288, 0, 854.635, 857.914, 3.279, 1800, 857.914, 859.291, 1.377, 9216, 0, 859.291, 861.397, 2.106, 1350, 861.397, 862.319, 0.922, 12288, 0,    13.319,
 846, 371, 850, 850, 851.846, 1.846, 17408, 0, 851.846, 855.195, 3.35, 1731, 855.195, 856.284, 1.088, 17408, 0, 856.284, 859.679, 3.395, 2550, 859.679, 860.709, 1.03, 12288, 0, 860.709, 862.846, 2.137, 1800, 862.846, 863.879, 1.033, 16384, 0,    13.879,
 847, 371, 851, 851, 852.733, 1.733, 13312, 0, 852.733, 855.455, 2.722, 1339, 855.455, 857.116, 1.661, 13312, 0, 857.116, 860.272, 3.156, 1950, 860.272, 861.478, 1.206, 9216, 0, 861.478, 863.081, 1.603, 1350, 863.081, 864.653, 1.572, 12288, 0,    13.653,
 849, 371, 853, 853, 854.58, 1.58, 12288, 0, 854.58, 857.142, 2.562, 1266, 857.142, 857.91, 0.768, 12288, 0, 857.91, 860.313, 2.402, 1800, 860.313, 862.25, 1.938, 9216, 0, 862.25, 864.456, 2.206, 1350, 864.456, 865.422, 0.966, 12288, 0,    12.422,
 848, 371, 852, 852, 853.761, 1.761, 15360, 0, 853.761, 857.281, 3.52, 1563, 857.281, 858.877, 1.595, 15360, 0, 858.877, 862.68, 3.804, 2250, 862.68, 863.63, 0.95, 11264, 0, 863.63, 865.596, 1.966, 1650, 865.596, 866.496, 0.9, 14336, 0,    14.496,
 850, 371, 854, 854, 855.676, 1.676, 16384, 0, 855.676, 859.375, 3.7, 1675, 859.375, 860.403, 1.028, 16384, 0, 860.403, 863.595, 3.192, 2400, 863.595, 864.655, 1.06, 12288, 0, 864.655, 866.791, 2.136, 1800, 866.791, 867.818, 1.027, 16384, 0,    13.818,
 851, 371, 855, 855, 856.776, 1.776, 16384, 0, 856.776, 859.539, 2.763, 1681, 859.539, 861.432, 1.893, 16384, 0, 861.432, 864.633, 3.201, 2400, 864.633, 865.679, 1.046, 12288, 0, 865.679, 867.807, 2.128, 1800, 867.807, 868.845, 1.038, 16384, 0,    13.845,
 852, 371, 856, 856, 857.67, 1.67, 13312, 0, 857.67, 861.219, 3.549, 1381, 861.219, 862.268, 1.049, 13312, 0, 862.268, 865.285, 3.017, 1950, 865.285, 866.447, 1.162, 9216, 0, 866.447, 868.397, 1.95, 1350, 868.397, 869.613, 1.215, 12288, 0,    13.613,
 853, 371, 857, 857, 858.563, 1.563, 13312, 0, 858.563, 861.309, 2.746, 1324, 861.309, 863.102, 1.793, 13312, 0, 863.102, 866.201, 3.1, 1950, 866.201, 867.215, 1.014, 9216, 0, 867.215, 869.408, 2.193, 1350, 869.408, 870.385, 0.977, 12288, 0,    13.385,
 855, 371, 859, 859, 860.619, 1.619, 13312, 0, 860.619, 863.06, 2.441, 1313, 863.06, 863.94, 0.88, 13312, 0, 863.94, 867.242, 3.302, 1950, 867.242, 868.021, 0.779, 9216, 0, 868.021, 870.01, 1.99, 1350, 870.01, 871.153, 1.143, 12288, 0,    12.153,
 854, 371, 858, 858, 859.725, 1.725, 17408, 0, 859.725, 863.605, 3.88, 1785, 863.605, 865.028, 1.422, 17408, 0, 865.028, 868.692, 3.665, 2550, 868.692, 869.718, 1.026, 12288, 0, 869.718, 871.853, 2.134, 1800, 871.853, 872.885, 1.032, 16384, 0,    14.885,
 856, 371, 860, 860, 861.717, 1.717, 16384, 0, 861.717, 865.297, 3.58, 1678, 865.297, 866.321, 1.024, 16384, 0, 866.321, 869.518, 3.198, 2400, 869.518, 870.746, 1.228, 12288, 0, 870.746, 872.887, 2.141, 1800, 872.887, 873.911, 1.024, 16384, 0,    13.911,
 857, 371, 861, 861, 862.673, 1.673, 14336, 0, 862.673, 865.51, 2.838, 1427, 865.51, 867.223, 1.713, 14336, 0, 867.223, 870.05, 2.827, 2100, 870.05, 871.601, 1.551, 10240, 0, 871.601, 873.636, 2.035, 1500, 873.636, 874.743, 1.107, 13312, 0,    13.743,
 859, 371, 863, 863, 864.723, 1.723, 13312, 0, 864.723, 867.362, 2.639, 1385, 867.362, 868.199, 0.837, 13312, 0, 868.199, 871.306, 3.108, 1950, 871.306, 872.37, 1.063, 9216, 0, 872.37, 874.489, 2.119, 1350, 874.489, 875.511, 1.022, 12288, 0,    12.511,
 858, 371, 862, 862, 863.835, 1.835, 17408, 0, 863.835, 867.682, 3.847, 1784, 867.682, 869.287, 1.605, 17408, 0, 869.287, 872.918, 3.631, 2550, 872.918, 873.944, 1.026, 12288, 0, 873.944, 876.074, 2.13, 1800, 876.074, 877.098, 1.024, 16384, 0,    15.098,
 860, 371, 864, 864, 865.747, 1.747, 15360, 0, 865.747, 869.418, 3.671, 1541, 869.418, 870.385, 0.967, 15360, 0, 870.385, 873.379, 2.994, 2250, 873.379, 874.889, 1.509, 11264, 0, 874.889, 876.851, 1.962, 1650, 876.851, 877.995, 1.144, 14336, 0,    13.995,
 861, 371, 865, 865, 866.634, 1.634, 13312, 0, 866.634, 869.508, 2.874, 1368, 869.508, 871.225, 1.716, 13312, 0, 871.225, 873.905, 2.68, 1950, 873.905, 875.662, 1.757, 9216, 0, 875.662, 877.679, 2.017, 1350, 877.679, 878.767, 1.088, 12288, 0,    13.767,
 863, 371, 867, 867, 868.682, 1.682, 14336, 0, 868.682, 871.459, 2.776, 1461, 871.459, 872.356, 0.898, 14336, 0, 872.356, 875.72, 3.363, 2100, 875.72, 876.58, 0.861, 10240, 0, 876.58, 878.638, 2.057, 1500, 878.638, 879.604, 0.966, 13312, 0,    12.604,
 865, 371, 869, 869, 870.46, 1.46, 12288, 0, 870.46, 873.304, 2.844, 1245, 873.304, 874.148, 0.844, 12288, 0, 874.148, 876.55, 2.402, 1800, 876.55, 877.348, 0.799, 9216, 0, 877.348, 879.282, 1.934, 1350, 879.282, 880.372, 1.089, 12288, 0,    11.372,
 862, 371, 866, 866, 867.727, 1.727, 16384, 0, 867.727, 871.639, 3.913, 1662, 871.639, 873.38, 1.741, 16384, 0, 873.38, 876.58, 3.2, 2400, 876.58, 878.382, 1.802, 12288, 0, 878.382, 880.782, 2.4, 1800, 880.782, 881.815, 1.034, 16384, 0,    15.815,
 864, 371, 868, 868, 869.638, 1.638, 14336, 0, 869.638, 873.349, 3.711, 1413, 873.349, 875.049, 1.699, 14336, 0, 875.049, 878.526, 3.477, 2100, 878.526, 879.386, 0.86, 10240, 0, 879.386, 881.164, 1.778, 1500, 881.164, 882.648, 1.484, 13312, 0,    14.648,
 867, 371, 871, 871, 872.245, 1.245, 12288, 0, 872.245, 874.959, 2.714, 1202, 874.959, 875.817, 0.858, 12288, 0, 875.817, 878.962, 3.145, 1800, 878.962, 880.154, 1.192, 9216, 0, 880.154, 882.386, 2.233, 1350, 882.386, 883.418, 1.032, 12288, 0,    12.418,
 866, 371, 870, 870, 871.421, 1.421, 14336, 0, 871.421, 875.214, 3.793, 1432, 875.214, 876.714, 1.5, 14336, 0, 876.714, 879.514, 2.8, 2100, 879.514, 881.01, 1.496, 10240, 0, 881.01, 882.944, 1.934, 1500, 882.944, 884.25, 1.306, 13312, 0,    14.250,
 868, 371, 872, 872, 873.41, 1.41, 17408, 0, 873.41, 877.227, 3.816, 1700, 877.227, 878.315, 1.088, 17408, 0, 878.315, 881.927, 3.612, 2550, 881.927, 882.957, 1.031, 12288, 0, 882.957, 885.09, 2.132, 1800, 885.09, 886.117, 1.028, 16384, 0,    14.117,
 869, 371, 873, 873, 874.571, 1.571, 17408, 0, 874.571, 877.521, 2.95, 1728, 877.521, 879.403, 1.882, 17408, 0, 879.403, 882.8, 3.398, 2550, 882.8, 883.99, 1.189, 12288, 0, 883.99, 886.125, 2.135, 1800, 886.125, 887.158, 1.033, 16384, 0,    14.158,
 870, 371, 874, 874, 875.67, 1.67, 16384, 0, 875.67, 879.479, 3.809, 1685, 879.479, 880.503, 1.024, 16384, 0, 880.503, 883.705, 3.202, 2400, 883.705, 885.016, 1.311, 12288, 0, 885.016, 887.225, 2.209, 1800, 887.225, 888.249, 1.024, 16384, 0,    14.249,
 871, 371, 875, 875, 876.694, 1.694, 15360, 0, 876.694, 879.624, 2.93, 1574, 879.624, 881.468, 1.844, 15360, 0, 881.468, 884.935, 3.467, 2250, 884.935, 885.959, 1.025, 11264, 0, 885.959, 888.084, 2.124, 1650, 888.084, 889.152, 1.068, 14336, 0,    14.152,
 872, 371, 876, 876, 877.521, 1.521, 12288, 0, 877.521, 881.174, 3.653, 1271, 881.174, 882.243, 1.069, 12288, 0, 882.243, 885.199, 2.956, 1800, 885.199, 886.728, 1.529, 9216, 0, 886.728, 888.826, 2.098, 1350, 888.826, 889.92, 1.094, 12288, 0,    13.920,
 873, 371, 877, 877, 878.34, 1.34, 12288, 0, 878.34, 881.339, 2.999, 1284, 881.339, 883.011, 1.672, 12288, 0, 883.011, 886.105, 3.094, 1800, 886.105, 887.499, 1.394, 9216, 0, 887.499, 889.685, 2.186, 1350, 889.685, 890.688, 1.003, 12288, 0,    13.688,
 874, 371, 878, 878, 879.298, 1.298, 14336, 0, 879.298, 883.141, 3.843, 1472, 883.141, 884.037, 0.896, 14336, 0, 884.037, 887.737, 3.701, 2100, 887.737, 888.6, 0.863, 10240, 0, 888.6, 890.613, 2.012, 1500, 890.613, 891.522, 0.909, 13312, 0,    13.522,
 875, 371, 879, 879, 880.322, 1.322, 15360, 0, 880.322, 883.448, 3.126, 1580, 883.448, 885, 1.552, 15360, 0, 885, 888.201, 3.201, 2250, 888.201, 889.539, 1.338, 11264, 0, 889.539, 891.647, 2.108, 1650, 891.647, 892.552, 0.906, 14336, 0,    13.552,
 876, 371, 880, 880, 881.211, 1.211, 13312, 0, 881.211, 884.885, 3.674, 1306, 884.885, 885.834, 0.949, 13312, 0, 885.834, 888.704, 2.87, 1950, 888.704, 890.307, 1.604, 9216, 0, 890.307, 892.222, 1.914, 1350, 892.222, 893.33, 1.108, 12288, 0,    13.330,
 877, 371, 881, 881, 882.107, 1.107, 13312, 0, 882.107, 885.305, 3.198, 1387, 885.305, 886.666, 1.361, 13312, 0, 886.666, 890.339, 3.673, 1950, 890.339, 891.117, 0.778, 9216, 0, 891.117, 893.252, 2.135, 1350, 893.252, 894.106, 0.854, 12288, 0,    13.106,
 878, 371, 882, 882, 883.131, 1.131, 15360, 0, 883.131, 886.906, 3.775, 1511, 886.906, 887.874, 0.967, 15360, 0, 887.874, 891.217, 3.344, 2250, 891.217, 892.164, 0.946, 11264, 0, 892.164, 894.182, 2.018, 1650, 894.182, 895.085, 0.903, 14336, 0,    13.085,
 879, 371, 883, 883, 884.018, 1.018, 13312, 0, 884.018, 887.052, 3.034, 1308, 887.052, 888.708, 1.656, 13312, 0, 888.708, 891.307, 2.599, 1950, 891.307, 892.935, 1.628, 9216, 0, 892.935, 894.853, 1.918, 1350, 894.853, 895.853, 0.999, 12288, 0,    12.853,
 881, 371, 885, 885, 885.829, 0.829, 12288, 0, 885.829, 888.68, 2.851, 1221, 888.68, 889.484, 0.804, 12288, 0, 889.484, 892.739, 3.255, 1800, 892.739, 893.707, 0.968, 9216, 0, 893.707, 895.786, 2.079, 1350, 895.786, 896.629, 0.843, 12288, 0,    11.629,
 880, 371, 884, 884, 884.982, 0.982, 14336, 0, 884.982, 888.898, 3.916, 1489, 888.898, 890.38, 1.482, 14336, 0, 890.38, 894.027, 3.647, 2100, 894.027, 894.882, 0.855, 10240, 0, 894.882, 896.659, 1.776, 1500, 896.659, 897.491, 0.832, 13312, 0,    13.491,
 882, 371, 886, 886, 887.04, 1.04, 15360, 0, 887.04, 890.808, 3.769, 1590, 890.808, 891.776, 0.967, 15360, 0, 891.776, 894.783, 3.007, 2250, 894.783, 895.824, 1.041, 11264, 0, 895.824, 897.788, 1.964, 1650, 897.788, 898.693, 0.905, 14336, 0,    12.693,
 883, 371, 887, 887, 888.201, 1.201, 17408, 0, 888.201, 891.295, 3.094, 1794, 891.295, 892.868, 1.574, 17408, 0, 892.868, 896.267, 3.399, 2550, 896.267, 897.293, 1.026, 12288, 0, 897.293, 899.422, 2.129, 1800, 899.422, 900.446, 1.024, 16384, 0,    13.446,
 884, 371, 888, 888, 889.02, 1.02, 12288, 0, 889.02, 892.506, 3.486, 1274, 892.506, 893.636, 1.13, 12288, 0, 893.636, 896.427, 2.79, 1800, 896.427, 898.061, 1.634, 9216, 0, 898.061, 899.658, 1.597, 1350, 899.658, 901.22, 1.562, 12288, 0,    13.220,
 886, 371, 890, 890, 890.874, 0.874, 12288, 0, 890.874, 894.152, 3.278, 1232, 894.152, 895.365, 1.213, 12288, 0, 895.365, 898.673, 3.308, 1800, 898.673, 899.769, 1.096, 9216, 0, 899.769, 901.377, 1.608, 1350, 901.377, 902.154, 0.777, 12288, 0,    12.154,
 885, 371, 889, 889, 890.054, 1.054, 15360, 0, 890.054, 893.3, 3.246, 1503, 893.3, 894.597, 1.297, 15360, 0, 894.597, 897.788, 3.191, 2250, 897.788, 899, 1.212, 11264, 0, 899, 901.394, 2.394, 1650, 901.394, 903.058, 1.664, 14336, 0,    14.058,
 888, 371, 892, 892, 892.991, 0.991, 12288, 0, 892.991, 895.893, 2.902, 1298, 895.893, 897.457, 1.564, 12288, 0, 897.457, 900.187, 2.73, 1800, 900.187, 901.876, 1.69, 9216, 0, 901.876, 903.474, 1.598, 1350, 903.474, 904.242, 0.768, 12288, 0,    12.242,
 887, 371, 891, 891, 892.172, 1.172, 17408, 0, 892.172, 895.586, 3.414, 1713, 895.586, 896.679, 1.093, 17408, 0, 896.679, 900.079, 3.4, 2550, 900.079, 901.108, 1.029, 12288, 0, 901.108, 903.514, 2.406, 1800, 903.514, 905.266, 1.752, 16384, 0,    14.266,
 889, 371, 893, 893, 893.965, 0.965, 14336, 0, 893.965, 897.542, 3.577, 1463, 897.542, 898.445, 0.904, 14336, 0, 898.445, 901.471, 3.026, 2100, 901.471, 902.735, 1.264, 10240, 0, 902.735, 905.257, 2.522, 1500, 905.257, 906.098, 0.841, 13312, 0,    13.098,
 891, 371, 895, 895, 896.135, 1.135, 14336, 0, 896.135, 899.481, 3.346, 1444, 899.481, 900.431, 0.949, 14336, 0, 900.431, 903.221, 2.79, 2100, 903.221, 904.076, 0.855, 10240, 0, 904.076, 905.853, 1.777, 1500, 905.853, 906.93, 1.077, 13312, 0,    11.930,
 890, 371, 894, 894, 895.17, 1.17, 17408, 0, 895.17, 898.211, 3.041, 1739, 898.211, 899.535, 1.323, 17408, 0, 899.535, 903.48, 3.945, 2550, 903.48, 905.109, 1.629, 12288, 0, 905.109, 907.396, 2.287, 1800, 907.396, 908.421, 1.025, 16384, 0,    14.421,
 892, 371, 896, 896, 897.092, 1.092, 14336, 0, 897.092, 900.206, 3.113, 1486, 900.206, 901.327, 1.121, 14336, 0, 901.327, 904.272, 2.945, 2100, 904.272, 905.962, 1.69, 10240, 0, 905.962, 907.734, 1.772, 1500, 907.734, 909.254, 1.52, 13312, 0,    13.254,
 893, 371, 897, 897, 898.194, 1.194, 16384, 0, 898.194, 901.719, 3.525, 1672, 901.719, 902.745, 1.025, 16384, 0, 902.745, 906.426, 3.681, 2400, 906.426, 907.455, 1.029, 12288, 0, 907.455, 909.592, 2.137, 1800, 909.592, 910.622, 1.03, 16384, 0,    13.622,
 894, 371, 898, 898, 899.151, 1.151, 14336, 0, 899.151, 902.144, 2.992, 1448, 902.144, 903.641, 1.497, 14336, 0, 903.641, 906.439, 2.798, 2100, 906.439, 908.318, 1.879, 10240, 0, 908.318, 910.098, 1.78, 1500, 910.098, 911.454, 1.356, 13312, 0,    13.454,
 895, 371, 899, 899, 899.979, 0.979, 12288, 0, 899.979, 903.401, 3.422, 1262, 903.401, 904.413, 1.012, 12288, 0, 904.413, 906.816, 2.402, 1800, 906.816, 909.086, 2.27, 9216, 0, 909.086, 911.197, 2.111, 1350, 911.197, 912.224, 1.027, 12288, 0,    13.224,
 896, 371, 900, 900, 900.899, 0.899, 13312, 0, 900.899, 903.943, 3.043, 1350, 903.943, 905.245, 1.303, 13312, 0, 905.245, 909.031, 3.785, 1950, 909.031, 909.856, 0.825, 9216, 0, 909.856, 911.707, 1.851, 1350, 911.707, 912.998, 1.291, 12288, 0,    12.998,
 897, 371, 901, 901, 902.174, 1.174, 17408, 0, 902.174, 905.718, 3.544, 1737, 905.718, 906.806, 1.088, 17408, 0, 906.806, 910.205, 3.4, 2550, 910.205, 911.231, 1.026, 12288, 0, 911.231, 913.364, 2.132, 1800, 913.364, 914.391, 1.027, 16384, 0,    13.391,
 898, 371, 902, 902, 903.272, 1.272, 16384, 0, 903.272, 906.174, 2.902, 1672, 906.174, 907.83, 1.655, 16384, 0, 907.83, 911.023, 3.193, 2400, 911.023, 912.256, 1.233, 12288, 0, 912.256, 914.396, 2.14, 1800, 914.396, 915.425, 1.03, 16384, 0,    13.425,
 899, 371, 903, 903, 904.364, 1.364, 16384, 0, 904.364, 907.863, 3.499, 1609, 907.863, 908.888, 1.024, 16384, 0, 908.888, 912.236, 3.348, 2400, 912.236, 913.282, 1.046, 12288, 0, 913.282, 915.498, 2.216, 1800, 915.498, 916.524, 1.026, 16384, 0,    13.524,
 900, 371, 904, 904, 905.39, 1.39, 15360, 0, 905.39, 908.305, 2.915, 1593, 908.305, 909.848, 1.543, 15360, 0, 909.848, 913.211, 3.363, 2250, 913.211, 914.227, 1.016, 11264, 0, 914.227, 916.362, 2.135, 1650, 916.362, 917.421, 1.059, 14336, 0,    13.421,
 901, 371, 905, 905, 906.218, 1.218, 12288, 0, 906.218, 909.554, 3.336, 1260, 909.554, 910.615, 1.062, 12288, 0, 910.615, 913.423, 2.807, 1800, 913.423, 914.999, 1.577, 9216, 0, 914.999, 917.103, 2.103, 1350, 917.103, 918.189, 1.086, 12288, 0,    13.189,
 902, 371, 906, 906, 907.173, 1.173, 14336, 0, 907.173, 910.225, 3.052, 1440, 910.225, 911.515, 1.29, 14336, 0, 911.515, 915.037, 3.523, 2100, 915.037, 915.893, 0.855, 10240, 0, 915.893, 918.142, 2.249, 1500, 918.142, 919.026, 0.883, 13312, 0,    13.026,
 903, 371, 907, 907, 908.07, 1.07, 13312, 0, 908.07, 911.3, 3.23, 1310, 911.3, 912.35, 1.05, 13312, 0, 912.35, 915.811, 3.461, 1950, 915.811, 916.661, 0.85, 9216, 0, 916.661, 918.706, 2.045, 1350, 918.706, 919.794, 1.088, 12288, 0,    12.794,
 904, 371, 908, 908, 909.166, 1.166, 16384, 0, 909.166, 912.492, 3.326, 1691, 912.492, 913.516, 1.024, 16384, 0, 913.516, 916.716, 3.199, 2400, 916.716, 917.743, 1.028, 12288, 0, 917.743, 920.277, 2.533, 1800, 920.277, 921.303, 1.026, 16384, 0,    13.303,
 906, 371, 910, 910, 911.085, 1.085, 12288, 0, 911.085, 914.189, 3.105, 1263, 914.189, 915.31, 1.121, 12288, 0, 915.31, 918.212, 2.902, 1800, 918.212, 918.985, 0.773, 9216, 0, 918.985, 920.591, 1.606, 1350, 920.591, 922.071, 1.48, 12288, 0,    12.071,
 907, 371, 911, 911, 911.904, 0.904, 12288, 0, 911.904, 915.106, 3.202, 1233, 915.106, 916.079, 0.973, 12288, 0, 916.079, 919.116, 3.038, 1800, 919.116, 920.78, 1.664, 9216, 0, 920.78, 922.374, 1.594, 1350, 922.374, 923.149, 0.775, 12288, 0,    12.149,
 905, 371, 909, 909, 910.262, 1.262, 16384, 0, 910.262, 913.463, 3.201, 1620, 913.463, 914.54, 1.078, 16384, 0, 914.54, 918.242, 3.702, 2400, 918.242, 920.012, 1.77, 12288, 0, 920.012, 922.414, 2.402, 1800, 922.414, 924.175, 1.76, 16384, 0,    15.175,
 908, 371, 912, 912, 912.825, 0.825, 12288, 0, 912.825, 915.801, 2.976, 1206, 915.801, 916.853, 1.053, 12288, 0, 916.853, 920.611, 3.758, 1800, 920.611, 921.553, 0.942, 9216, 0, 921.553, 923.979, 2.426, 1350, 923.979, 924.943, 0.963, 12288, 0,    12.943,
 909, 371, 913, 913, 913.893, 0.893, 13312, 0, 913.893, 916.903, 3.01, 1347, 916.903, 917.738, 0.835, 13312, 0, 917.738, 920.842, 3.104, 1950, 920.842, 922.328, 1.485, 9216, 0, 922.328, 924.019, 1.692, 1350, 924.019, 925.717, 1.698, 12288, 0,    12.717,
 910, 371, 914, 914, 915.167, 1.167, 17408, 0, 915.167, 918.179, 3.013, 1785, 918.179, 919.274, 1.094, 17408, 0, 919.274, 922.672, 3.399, 2550, 922.672, 923.708, 1.036, 12288, 0, 923.708, 926.12, 2.412, 1800, 926.12, 927.147, 1.027, 16384, 0,    13.147,
 911, 371, 915, 915, 916.259, 1.259, 16384, 0, 916.259, 919.063, 2.804, 1620, 919.063, 920.3, 1.237, 16384, 0, 920.3, 923.814, 3.514, 2400, 923.814, 924.84, 1.026, 12288, 0, 924.84, 926.977, 2.136, 1800, 926.977, 928.174, 1.198, 16384, 0,    13.174,
 912, 371, 916, 916, 917.421, 1.421, 17408, 0, 917.421, 920.551, 3.131, 1779, 920.551, 921.641, 1.09, 17408, 0, 921.641, 925.03, 3.389, 2550, 925.03, 926.063, 1.033, 12288, 0, 926.063, 928.255, 2.192, 1800, 928.255, 929.279, 1.024, 16384, 0,    13.279,
 913, 371, 917, 917, 918.45, 1.45, 15360, 0, 918.45, 921.19, 2.74, 1596, 921.19, 922.602, 1.412, 15360, 0, 922.602, 925.679, 3.077, 2250, 925.679, 927.002, 1.323, 11264, 0, 927.002, 928.959, 1.957, 1650, 928.959, 930.176, 1.217, 14336, 0,    13.176,
 914, 371, 918, 918, 919.55, 1.55, 16384, 0, 919.55, 922.692, 3.142, 1606, 922.692, 923.722, 1.029, 16384, 0, 923.722, 927.017, 3.295, 2400, 927.017, 928.044, 1.027, 12288, 0, 928.044, 930.396, 2.352, 1800, 930.396, 931.42, 1.024, 16384, 0,    13.420,
 915, 371, 919, 919, 920.65, 1.65, 16384, 0, 920.65, 923.383, 2.733, 1642, 923.383, 924.747, 1.364, 16384, 0, 924.747, 928.235, 3.488, 2400, 928.235, 929.263, 1.028, 12288, 0, 929.263, 931.395, 2.132, 1800, 931.395, 932.444, 1.049, 16384, 0,    13.444,
 916, 371, 920, 920, 921.674, 1.674, 15360, 0, 921.674, 924.692, 3.018, 1500, 924.692, 925.707, 1.015, 15360, 0, 925.707, 928.701, 2.994, 2250, 928.701, 930.202, 1.501, 11264, 0, 930.202, 932.357, 2.156, 1650, 932.357, 933.347, 0.989, 14336, 0,    13.347,
 917, 371, 921, 921, 922.499, 1.499, 12288, 0, 922.499, 925.05, 2.551, 1250, 925.05, 926.485, 1.435, 12288, 0, 926.485, 929.424, 2.939, 1800, 929.424, 930.979, 1.556, 9216, 0, 930.979, 933, 2.021, 1350, 933, 934.121, 1.121, 12288, 0,    13.121,
 918, 371, 922, 922, 923.596, 1.596, 16384, 0, 923.596, 926.952, 3.355, 1695, 926.952, 927.979, 1.027, 16384, 0, 927.979, 931.438, 3.459, 2400, 931.438, 932.466, 1.028, 12288, 0, 932.466, 934.604, 2.138, 1800, 934.604, 935.628, 1.024, 16384, 0,    13.628,
 919, 371, 923, 923, 924.693, 1.693, 16384, 0, 924.693, 927.219, 2.526, 1623, 927.219, 929.008, 1.789, 16384, 0, 929.008, 932.199, 3.191, 2400, 932.199, 933.497, 1.298, 12288, 0, 933.497, 935.629, 2.132, 1800, 935.629, 936.655, 1.026, 16384, 0,    13.655,
 920, 371, 924, 924, 925.717, 1.717, 15360, 0, 925.717, 928.979, 3.262, 1517, 928.979, 929.977, 0.998, 15360, 0, 929.977, 932.98, 3.003, 2250, 932.98, 934.436, 1.455, 11264, 0, 934.436, 936.563, 2.128, 1650, 936.563, 937.552, 0.988, 14336, 0,    13.552,
 921, 371, 925, 925, 926.743, 1.743, 15360, 0, 926.743, 929.281, 2.538, 1544, 929.281, 930.937, 1.656, 15360, 0, 930.937, 934.439, 3.502, 2250, 934.439, 935.386, 0.947, 11264, 0, 935.386, 937.588, 2.203, 1650, 937.588, 938.491, 0.902, 14336, 0,    13.491,
 923, 371, 927, 927, 928.863, 1.863, 14336, 0, 928.863, 931.175, 2.312, 1416, 931.175, 932.077, 0.902, 14336, 0, 932.077, 935, 2.923, 2100, 935, 936.239, 1.239, 10240, 0, 936.239, 938.351, 2.112, 1500, 938.351, 939.324, 0.972, 13312, 0,    12.324,
 922, 371, 926, 926, 927.904, 1.904, 17408, 0, 927.904, 931.275, 3.371, 1723, 931.275, 933.165, 1.889, 17408, 0, 933.165, 936.554, 3.39, 2550, 936.554, 937.58, 1.026, 12288, 0, 937.58, 939.73, 2.15, 1800, 939.73, 940.754, 1.024, 16384, 0,    14.754,
 924, 371, 928, 928, 929.757, 1.757, 13312, 0, 929.757, 933.03, 3.273, 1391, 933.03, 933.999, 0.969, 13312, 0, 933.999, 937.042, 3.043, 1950, 937.042, 938.351, 1.309, 9216, 0, 938.351, 939.956, 1.605, 1350, 939.956, 941.525, 1.568, 12288, 0,    13.525,
 925, 371, 929, 929, 930.718, 1.718, 14336, 0, 930.718, 933.235, 2.517, 1468, 933.235, 934.898, 1.663, 14336, 0, 934.898, 937.799, 2.901, 2100, 937.799, 939.205, 1.405, 10240, 0, 939.205, 941.515, 2.31, 1500, 941.515, 942.36, 0.845, 13312, 0,    13.360,
 926, 371, 930, 930, 931.878, 1.878, 17408, 0, 931.878, 935.374, 3.495, 1752, 935.374, 936.47, 1.097, 17408, 0, 936.47, 939.956, 3.486, 2550, 939.956, 940.983, 1.026, 12288, 0, 940.983, 943.118, 2.135, 1800, 943.118, 944.148, 1.03, 16384, 0,    14.148,
 927, 371, 931, 931, 932.98, 1.98, 16384, 0, 932.98, 935.464, 2.484, 1666, 935.464, 937.494, 2.031, 16384, 0, 937.494, 940.69, 3.196, 2400, 940.69, 942.007, 1.317, 12288, 0, 942.007, 944.147, 2.141, 1800, 944.147, 945.173, 1.026, 16384, 0,    14.173,
 929, 371, 933, 933, 935.038, 2.038, 14336, 0, 935.038, 937.418, 2.38, 1466, 937.418, 938.392, 0.973, 14336, 0, 938.392, 941.193, 2.801, 2100, 941.193, 942.861, 1.669, 10240, 0, 942.861, 944.904, 2.042, 1500, 944.904, 946.012, 1.109, 13312, 0,    13.012,
 928, 371, 932, 932, 934.076, 2.076, 16384, 0, 934.076, 937.558, 3.482, 1636, 937.558, 939.426, 1.867, 16384, 0, 939.426, 943.158, 3.732, 2400, 943.158, 944.189, 1.032, 12288, 0, 944.189, 946.327, 2.137, 1800, 946.327, 947.36, 1.033, 16384, 0,    15.360,
 931, 371, 935, 935, 937.098, 2.098, 14336, 0, 937.098, 939.507, 2.409, 1454, 939.507, 940.403, 0.896, 14336, 0, 940.403, 943.492, 3.088, 2100, 943.492, 945.047, 1.555, 10240, 0, 945.047, 946.824, 1.777, 1500, 946.824, 948.192, 1.368, 13312, 0,    13.192,
 930, 371, 934, 934, 936.136, 2.136, 16384, 0, 936.136, 939.672, 3.536, 1688, 939.672, 941.433, 1.761, 16384, 0, 941.433, 944.624, 3.192, 2400, 944.624, 946.071, 1.446, 12288, 0, 946.071, 948.467, 2.396, 1800, 948.467, 949.498, 1.031, 16384, 0,    15.498,
 932, 371, 936, 936, 938.194, 2.194, 16384, 0, 938.194, 941.687, 3.493, 1629, 941.687, 942.714, 1.027, 16384, 0, 942.714, 946.359, 3.645, 2400, 946.359, 947.391, 1.033, 12288, 0, 947.391, 949.524, 2.132, 1800, 949.524, 950.556, 1.032, 16384, 0,    14.556,
 933, 371, 937, 937, 939.286, 2.286, 16384, 0, 939.286, 941.914, 2.628, 1682, 941.914, 943.741, 1.827, 16384, 0, 943.741, 946.94, 3.199, 2400, 946.94, 948.415, 1.476, 12288, 0, 948.415, 950.619, 2.204, 1800, 950.619, 951.649, 1.03, 16384, 0,    14.649,
 934, 371, 938, 938, 940.181, 2.181, 13312, 0, 940.181, 943.512, 3.33, 1367, 943.512, 944.573, 1.062, 13312, 0, 944.573, 947.228, 2.655, 1950, 947.228, 949.188, 1.96, 9216, 0, 949.188, 951.126, 1.938, 1350, 951.126, 952.42, 1.294, 12288, 0,    14.420,
 935, 371, 939, 939, 941.139, 2.139, 14336, 0, 941.139, 943.808, 2.669, 1421, 943.808, 945.476, 1.669, 14336, 0, 945.476, 949.176, 3.7, 2100, 949.176, 950.041, 0.865, 10240, 0, 950.041, 952.4, 2.358, 1500, 952.4, 953.256, 0.856, 13312, 0,    14.256,
 936, 371, 940, 940, 942.028, 2.028, 13312, 0, 942.028, 945.365, 3.337, 1386, 945.365, 946.317, 0.952, 13312, 0, 946.317, 949.544, 3.227, 1950, 949.544, 950.81, 1.266, 9216, 0, 950.81, 952.729, 1.92, 1350, 952.729, 954.024, 1.295, 12288, 0,    14.024,
 938, 371, 942, 942, 944.082, 2.082, 13312, 0, 944.082, 947.118, 3.036, 1307, 947.118, 948.242, 1.124, 13312, 0, 948.242, 951.784, 3.542, 1950, 951.784, 952.609, 0.825, 9216, 0, 952.609, 954.332, 1.723, 1350, 954.332, 955.107, 0.775, 12288, 0,    13.107,
 937, 371, 941, 941, 943.194, 2.194, 17408, 0, 943.194, 946.162, 2.968, 1765, 946.162, 947.41, 1.248, 17408, 0, 947.41, 950.808, 3.398, 2550, 950.808, 951.834, 1.026, 12288, 0, 951.834, 954.539, 2.705, 1800, 954.539, 956.134, 1.595, 16384, 0,    15.134,
 939, 371, 943, 943, 945.045, 2.045, 14336, 0, 945.045, 948.079, 3.034, 1434, 948.079, 949.144, 1.065, 14336, 0, 949.144, 952.343, 3.199, 2100, 952.343, 953.465, 1.122, 10240, 0, 953.465, 956.114, 2.649, 1500, 956.114, 956.971, 0.857, 13312, 0,    13.971,
 940, 371, 944, 944, 946.142, 2.142, 16384, 0, 946.142, 949.379, 3.237, 1696, 949.379, 950.403, 1.024, 16384, 0, 950.403, 954.018, 3.615, 2400, 954.018, 955.048, 1.03, 12288, 0, 955.048, 957.178, 2.13, 1800, 957.178, 958.207, 1.029, 16384, 0,    14.207,
 942, 371, 946, 946, 948.131, 2.131, 13312, 0, 948.131, 951.137, 3.006, 1319, 951.137, 952.263, 1.126, 13312, 0, 952.263, 954.946, 2.683, 1950, 954.946, 955.818, 0.872, 9216, 0, 955.818, 957.716, 1.898, 1350, 957.716, 958.982, 1.265, 12288, 0,    12.982,
 941, 371, 945, 945, 947.238, 2.238, 16384, 0, 947.238, 950.258, 3.02, 1631, 950.258, 951.431, 1.172, 16384, 0, 951.431, 954.986, 3.555, 2400, 954.986, 956.847, 1.861, 12288, 0, 956.847, 959.329, 2.482, 1800, 959.329, 960.355, 1.026, 16384, 0,    15.355,
 943, 371, 947, 947, 948.95, 1.95, 12288, 0, 948.95, 951.926, 2.976, 1248, 951.926, 953.034, 1.108, 12288, 0, 953.034, 956.419, 3.384, 1800, 956.419, 957.621, 1.203, 9216, 0, 957.621, 959.329, 1.707, 1350, 959.329, 961.126, 1.798, 12288, 0,    14.126,
 944, 371, 948, 948, 950.048, 2.048, 16384, 0, 950.048, 953.307, 3.258, 1623, 953.307, 954.332, 1.025, 16384, 0, 954.332, 958.147, 3.815, 2400, 958.147, 959.173, 1.026, 12288, 0, 959.173, 961.463, 2.291, 1800, 961.463, 962.494, 1.031, 16384, 0,    14.494,
 945, 371, 949, 949, 951.147, 2.147, 16384, 0, 951.147, 954.159, 3.012, 1674, 954.159, 955.362, 1.202, 16384, 0, 955.362, 958.561, 3.2, 2400, 958.561, 960.202, 1.64, 12288, 0, 960.202, 962.335, 2.134, 1800, 962.335, 963.524, 1.189, 16384, 0,    14.524,
 946, 371, 950, 950, 952.04, 2.04, 13312, 0, 952.04, 955.08, 3.04, 1327, 955.08, 956.194, 1.114, 13312, 0, 956.194, 959.022, 2.828, 1950, 959.022, 960.97, 1.948, 9216, 0, 960.97, 963.067, 2.097, 1350, 963.067, 964.292, 1.225, 12288, 0,    14.292,
 948, 371, 952, 952, 954.028, 2.028, 13312, 0, 954.028, 956.93, 2.902, 1383, 956.93, 958.199, 1.269, 13312, 0, 958.199, 961.165, 2.966, 1950, 961.165, 961.937, 0.772, 9216, 0, 961.937, 963.938, 2.002, 1350, 963.938, 965.06, 1.122, 12288, 0,    13.060,
 947, 371, 951, 951, 953.137, 2.137, 16384, 0, 953.137, 956.333, 3.197, 1625, 956.333, 957.364, 1.03, 16384, 0, 957.364, 961.357, 3.993, 2400, 961.357, 962.961, 1.604, 12288, 0, 962.961, 965.208, 2.247, 1800, 965.208, 966.232, 1.024, 16384, 0,    15.232,
 949, 371, 953, 953, 954.916, 1.916, 13312, 0, 954.916, 958.187, 3.271, 1389, 958.187, 959.036, 0.849, 13312, 0, 959.036, 961.642, 2.606, 1950, 961.642, 963.732, 2.091, 9216, 0, 963.732, 965.547, 1.815, 1350, 965.547, 967, 1.453, 12288, 0,    14.000,
 950, 371, 954, 954, 955.735, 1.735, 12288, 0, 955.735, 958.551, 2.816, 1216, 958.551, 959.807, 1.255, 12288, 0, 959.807, 963.564, 3.758, 1800, 963.564, 964.504, 0.94, 9216, 0, 964.504, 966.808, 2.304, 1350, 966.808, 967.768, 0.959, 12288, 0,    13.768,
 951, 371, 955, 955, 956.623, 1.623, 13312, 0, 956.623, 960.007, 3.385, 1363, 960.007, 960.839, 0.832, 13312, 0, 960.839, 963.958, 3.119, 1950, 963.958, 965.281, 1.322, 9216, 0, 965.281, 967.155, 1.875, 1350, 967.155, 968.536, 1.38, 12288, 0,    13.536,
 952, 371, 956, 956, 957.442, 1.442, 12288, 0, 957.442, 960.249, 2.807, 1272, 960.249, 961.607, 1.359, 12288, 0, 961.607, 964.049, 2.441, 1800, 964.049, 966.049, 2, 9216, 0, 966.049, 968.412, 2.363, 1350, 968.412, 969.304, 0.892, 12288, 0,    13.304,
 953, 371, 957, 957, 958.397, 1.397, 14336, 0, 958.397, 962, 3.603, 1495, 962, 962.902, 0.902, 14336, 0, 962.902, 966.365, 3.462, 2100, 966.365, 967.224, 0.86, 10240, 0, 967.224, 969.01, 1.786, 1500, 969.01, 970.142, 1.131, 13312, 0,    13.142,
 954, 371, 958, 958, 959.493, 1.493, 16384, 0, 959.493, 962.444, 2.952, 1641, 962.444, 963.928, 1.483, 16384, 0, 963.928, 967.165, 3.238, 2400, 967.165, 968.248, 1.083, 12288, 0, 968.248, 970.547, 2.299, 1800, 970.547, 971.577, 1.03, 16384, 0,    13.577,
 955, 371, 959, 959, 960.518, 1.518, 15360, 0, 960.518, 964.059, 3.541, 1543, 964.059, 965.022, 0.963, 15360, 0, 965.022, 968.023, 3.002, 2250, 968.023, 969.187, 1.164, 11264, 0, 969.187, 971.144, 1.957, 1650, 971.144, 972.479, 1.335, 14336, 0,    13.479,
 956, 371, 960, 960, 961.413, 1.413, 13312, 0, 961.413, 964.296, 2.883, 1390, 964.296, 965.857, 1.561, 13312, 0, 965.857, 968.975, 3.118, 1950, 968.975, 969.959, 0.984, 9216, 0, 969.959, 972.149, 2.189, 1350, 972.149, 973.247, 1.099, 12288, 0,    13.247,
 958, 371, 962, 962, 963.464, 1.464, 13312, 0, 963.464, 966.069, 2.605, 1329, 966.069, 966.908, 0.839, 13312, 0, 966.908, 969.769, 2.86, 1950, 969.769, 970.734, 0.966, 9216, 0, 970.734, 972.746, 2.011, 1350, 972.746, 974.015, 1.27, 12288, 0,    12.015,
 960, 371, 964, 964, 965.447, 1.447, 12288, 0, 965.447, 968.108, 2.66, 1242, 968.108, 968.882, 0.774, 12288, 0, 968.882, 971.378, 2.496, 1800, 971.378, 972.149, 0.771, 9216, 0, 972.149, 973.758, 1.609, 1350, 973.758, 974.792, 1.035, 12288, 0,    10.792,
 957, 371, 961, 961, 962.577, 1.577, 17408, 0, 962.577, 966.448, 3.871, 1788, 966.448, 967.996, 1.548, 17408, 0, 967.996, 971.425, 3.429, 2550, 971.425, 973.175, 1.75, 12288, 0, 973.175, 975.309, 2.134, 1800, 975.309, 976.333, 1.024, 16384, 0,    15.333,
 959, 371, 963, 963, 964.628, 1.628, 17408, 0, 964.628, 968.412, 3.784, 1755, 968.412, 969.969, 1.557, 17408, 0, 969.969, 973.372, 3.402, 2550, 973.372, 974.398, 1.026, 12288, 0, 974.398, 976.533, 2.136, 1800, 976.533, 977.563, 1.03, 16384, 0,    14.563,
 961, 371, 965, 965, 966.608, 1.608, 17408, 0, 966.608, 970.456, 3.848, 1758, 970.456, 971.547, 1.092, 17408, 0, 971.547, 974.947, 3.399, 2550, 974.947, 975.973, 1.026, 12288, 0, 975.973, 978.109, 2.137, 1800, 978.109, 979.139, 1.03, 16384, 0,    14.139,
 963, 371, 967, 967, 968.596, 1.596, 12288, 0, 968.596, 972.185, 3.589, 1296, 972.185, 973.411, 1.226, 12288, 0, 973.411, 975.807, 2.396, 1800, 975.807, 976.741, 0.934, 9216, 0, 976.741, 978.349, 1.608, 1350, 978.349, 979.907, 1.558, 12288, 0,    12.907,
 962, 371, 966, 966, 967.777, 1.777, 17408, 0, 967.777, 970.707, 2.93, 1719, 970.707, 972.639, 1.931, 17408, 0, 972.639, 976.037, 3.398, 2550, 976.037, 977.775, 1.738, 12288, 0, 977.775, 980.251, 2.476, 1800, 980.251, 981.275, 1.024, 16384, 0,    15.275,
 964, 371, 968, 968, 969.689, 1.689, 16384, 0, 969.689, 972.899, 3.21, 1640, 972.899, 974.443, 1.544, 16384, 0, 974.443, 978.149, 3.707, 2400, 978.149, 979.175, 1.026, 12288, 0, 979.175, 981.314, 2.138, 1800, 981.314, 982.345, 1.031, 16384, 0,    14.345,
 965, 371, 969, 969, 970.849, 1.849, 17408, 0, 970.849, 974.522, 3.673, 1752, 974.522, 975.61, 1.088, 17408, 0, 975.61, 979.206, 3.595, 2550, 979.206, 980.233, 1.027, 12288, 0, 980.233, 982.386, 2.153, 1800, 982.386, 983.411, 1.025, 16384, 0,    14.411,
 966, 371, 970, 970, 972.01, 2.01, 17408, 0, 972.01, 975.269, 3.26, 1776, 975.269, 976.698, 1.429, 17408, 0, 976.698, 980.089, 3.391, 2550, 980.089, 981.257, 1.168, 12288, 0, 981.257, 983.449, 2.192, 1800, 983.449, 984.473, 1.024, 16384, 0,    14.473,
 967, 371, 971, 971, 972.899, 1.899, 13312, 0, 972.899, 976.31, 3.411, 1335, 976.31, 977.532, 1.222, 13312, 0, 977.532, 980.75, 3.218, 1950, 980.75, 982.033, 1.283, 9216, 0, 982.033, 983.988, 1.955, 1350, 983.988, 985.247, 1.259, 12288, 0,    14.247,
 968, 371, 972, 972, 973.855, 1.855, 14336, 0, 973.855, 977.253, 3.398, 1487, 977.253, 978.428, 1.176, 14336, 0, 978.428, 982.01, 3.582, 2100, 982.01, 982.888, 0.877, 10240, 0, 982.888, 985.23, 2.342, 1500, 985.23, 986.082, 0.852, 13312, 0,    14.082,
 969, 371, 973, 973, 974.674, 1.674, 12288, 0, 974.674, 978.035, 3.361, 1291, 978.035, 979.196, 1.161, 12288, 0, 979.196, 982.49, 3.293, 1800, 982.49, 983.661, 1.172, 9216, 0, 983.661, 985.59, 1.928, 1350, 985.59, 986.85, 1.26, 12288, 0,    13.850,
 970, 371, 974, 974, 975.568, 1.568, 13312, 0, 975.568, 979.021, 3.453, 1327, 979.021, 980.029, 1.008, 13312, 0, 980.029, 983.35, 3.321, 1950, 983.35, 984.435, 1.085, 9216, 0, 984.435, 986.837, 2.402, 1350, 986.837, 987.618, 0.781, 12288, 0,    13.618,
 971, 371, 975, 975, 976.523, 1.523, 14336, 0, 976.523, 979.921, 3.398, 1414, 979.921, 980.925, 1.003, 14336, 0, 980.925, 984.816, 3.892, 2100, 984.816, 985.671, 0.855, 10240, 0, 985.671, 987.45, 1.779, 1500, 987.45, 988.454, 1.003, 13312, 0,    13.454,
 972, 371, 976, 976, 977.35, 1.35, 12288, 0, 977.35, 980.69, 3.34, 1246, 980.69, 981.696, 1.006, 12288, 0, 981.696, 984.89, 3.194, 1800, 984.89, 986.44, 1.55, 9216, 0, 986.44, 988.438, 1.997, 1350, 988.438, 989.224, 0.786, 12288, 0,    13.224,
 973, 371, 977, 977, 978.445, 1.445, 16384, 0, 978.445, 982.118, 3.673, 1647, 982.118, 983.149, 1.031, 16384, 0, 983.149, 986.548, 3.399, 2400, 986.548, 987.577, 1.029, 12288, 0, 987.577, 989.713, 2.136, 1800, 989.713, 990.738, 1.024, 16384, 0,    13.738,
 975, 371, 979, 979, 980.357, 1.357, 12288, 0, 980.357, 983.733, 3.376, 1212, 983.733, 984.942, 1.209, 12288, 0, 984.942, 987.34, 2.399, 1800, 987.34, 988.349, 1.009, 9216, 0, 988.349, 990.038, 1.689, 1350, 990.038, 991.508, 1.47, 12288, 0,    12.508,
 976, 371, 980, 980, 981.181, 1.181, 12288, 0, 981.181, 984.511, 3.329, 1225, 984.511, 985.715, 1.204, 12288, 0, 985.715, 988.949, 3.234, 1800, 988.949, 990.142, 1.193, 9216, 0, 990.142, 991.744, 1.601, 1350, 991.744, 992.515, 0.771, 12288, 0,    12.515,
 974, 371, 978, 978, 979.538, 1.538, 16384, 0, 979.538, 982.869, 3.331, 1625, 982.869, 984.174, 1.305, 16384, 0, 984.174, 988.021, 3.847, 2400, 988.021, 989.373, 1.352, 12288, 0, 989.373, 991.853, 2.48, 1800, 991.853, 993.545, 1.692, 16384, 0,    15.545,
 977, 371, 981, 981, 982.138, 1.138, 14336, 0, 982.138, 985.67, 3.531, 1453, 985.67, 986.619, 0.949, 14336, 0, 986.619, 990.14, 3.521, 2100, 990.14, 991.002, 0.862, 10240, 0, 991.002, 993.526, 2.524, 1500, 993.526, 994.379, 0.852, 13312, 0,    13.379,
 978, 371, 982, 982, 983.172, 1.172, 15360, 0, 983.172, 986.629, 3.457, 1586, 986.629, 987.595, 0.966, 15360, 0, 987.595, 991.02, 3.424, 2250, 991.02, 991.965, 0.945, 11264, 0, 991.965, 993.926, 1.962, 1650, 993.926, 995.274, 1.348, 14336, 0,    13.274,
 979, 371, 983, 983, 984.128, 1.128, 14336, 0, 984.128, 987.615, 3.487, 1456, 987.615, 988.514, 0.898, 14336, 0, 988.514, 991.754, 3.24, 2100, 991.754, 992.818, 1.064, 10240, 0, 992.818, 995.306, 2.488, 1500, 995.306, 996.142, 0.836, 13312, 0,    13.142,
 980, 371, 984, 984, 985.297, 1.297, 17408, 0, 985.297, 988.949, 3.652, 1738, 988.949, 990.038, 1.089, 17408, 0, 990.038, 993.546, 3.508, 2550, 993.546, 994.576, 1.029, 12288, 0, 994.576, 996.715, 2.139, 1800, 996.715, 997.743, 1.028, 16384, 0,    13.743,
 981, 371, 985, 985, 986.464, 1.464, 17408, 0, 986.464, 990.004, 3.54, 1792, 990.004, 991.131, 1.127, 17408, 0, 991.131, 994.537, 3.406, 2550, 994.537, 995.606, 1.069, 12288, 0, 995.606, 997.739, 2.133, 1800, 997.739, 998.771, 1.032, 16384, 0,    13.771,
 982, 371, 986, 986, 987.351, 1.351, 13312, 0, 987.351, 990.81, 3.459, 1390, 990.81, 991.963, 1.152, 13312, 0, 991.963, 994.56, 2.597, 1950, 994.56, 996.375, 1.815, 9216, 0, 996.375, 998.316, 1.941, 1350, 998.316, 999.539, 1.223, 12288, 0,    13.539,
 983, 371, 987, 987, 988.239, 1.239, 13312, 0, 988.239, 991.823, 3.584, 1360, 991.823, 992.803, 0.98, 13312, 0, 992.803, 996.145, 3.342, 1950, 996.145, 997.143, 0.998, 9216, 0, 997.143, 999.344, 2.2, 1350, 999.344, 1000.307, 0.963, 12288, 0,    13.307,
 984, 371, 988, 988, 989.13, 1.13, 13312, 0, 989.13, 992.566, 3.437, 1315, 992.566, 993.635, 1.069, 13312, 0, 993.635, 997.139, 3.504, 1950, 997.139, 997.917, 0.778, 9216, 0, 997.917, 999.927, 2.01, 1350, 999.927, 1001.078, 1.151, 12288, 0,    13.078,
 986, 371, 990, 990, 991.11, 1.11, 12288, 0, 991.11, 994.238, 3.128, 1249, 994.238, 995.991, 1.753, 12288, 0, 995.991, 998.544, 2.554, 1800, 998.544, 999.314, 0.77, 9216, 0, 999.314, 1000.953, 1.639, 1350, 1000.953, 1001.85, 0.898, 12288, 0,    11.850,
 985, 371, 989, 989, 990.291, 1.291, 17408, 0, 990.291, 994.126, 3.836, 1727, 994.126, 995.218, 1.091, 17408, 0, 995.218, 998.621, 3.404, 2550, 998.621, 1000.338, 1.717, 12288, 0, 1000.338, 1002.463, 2.125, 1800, 1002.463, 1003.494, 1.031, 16384, 0,    14.494,
 987, 371, 991, 991, 992.001, 1.001, 13312, 0, 992.001, 995.934, 3.934, 1351, 995.934, 996.823, 0.889, 13312, 0, 996.823, 999.738, 2.915, 1950, 999.738, 1001.116, 1.378, 9216, 0, 1001.116, 1002.714, 1.598, 1350, 1002.714, 1004.262, 1.548, 12288, 0,    13.262,
 989, 371, 993, 993, 993.995, 0.995, 13312, 0, 993.995, 997.739, 3.744, 1348, 997.739, 998.679, 0.94, 13312, 0, 998.679, 1001.27, 2.591, 1950, 1001.27, 1002.044, 0.773, 9216, 0, 1002.044, 1004.07, 2.026, 1350, 1004.07, 1005.03, 0.96, 12288, 0,    12.030,
 988, 371, 992, 992, 993.1, 1.1, 16384, 0, 993.1, 996.459, 3.359, 1666, 996.459, 997.847, 1.388, 16384, 0, 997.847, 1001.744, 3.897, 2400, 1001.744, 1003.076, 1.331, 12288, 0, 1003.076, 1005.215, 2.139, 1800, 1005.215, 1006.248, 1.033, 16384, 0,    14.248,
 990, 371, 994, 994, 994.829, 0.829, 12288, 0, 994.829, 998.103, 3.275, 1234, 998.103, 999.447, 1.344, 12288, 0, 999.447, 1002.138, 2.691, 1800, 1002.138, 1003.845, 1.707, 9216, 0, 1003.845, 1005.684, 1.839, 1350, 1005.684, 1007.018, 1.334, 12288, 0,    13.018,
 991, 371, 995, 995, 996.17, 1.17, 17408, 0, 996.17, 1000.081, 3.911, 1757, 1000.081, 1001.174, 1.094, 17408, 0, 1001.174, 1004.675, 3.5, 2550, 1004.675, 1005.701, 1.026, 12288, 0, 1005.701, 1007.84, 2.14, 1800, 1007.84, 1008.866, 1.026, 16384, 0,    13.866,
 992, 371, 996, 996, 997.271, 1.271, 16384, 0, 997.271, 1000.329, 3.058, 1667, 1000.329, 1002.2, 1.872, 16384, 0, 1002.2, 1005.416, 3.216, 2400, 1005.416, 1006.725, 1.308, 12288, 0, 1006.725, 1008.869, 2.145, 1800, 1008.869, 1009.902, 1.033, 16384, 0,    13.902,
 993, 371, 997, 997, 998.363, 1.363, 16384, 0, 998.363, 1002.23, 3.867, 1610, 1002.23, 1003.255, 1.025, 16384, 0, 1003.255, 1006.458, 3.203, 2400, 1006.458, 1007.759, 1.301, 12288, 0, 1007.759, 1009.98, 2.221, 1800, 1009.98, 1011.004, 1.024, 16384, 0,    14.004,
 994, 371, 998, 998, 999.455, 1.455, 16384, 0, 999.455, 1002.566, 3.11, 1675, 1002.566, 1004.279, 1.713, 16384, 0, 1004.279, 1007.88, 3.602, 2400, 1007.88, 1008.913, 1.033, 12288, 0, 1008.913, 1011.056, 2.142, 1800, 1011.056, 1012.08, 1.024, 16384, 0,    14.080,
 995, 371, 999, 999, 1000.411, 1.411, 14336, 0, 1000.411, 1004.15, 3.739, 1435, 1004.15, 1005.175, 1.025, 14336, 0, 1005.175, 1008.218, 3.043, 2100, 1008.218, 1009.767, 1.549, 10240, 0, 1009.767, 1011.758, 1.992, 1500, 1011.758, 1012.912, 1.154, 13312, 0,    13.912,
 996, 371, 1000, 1000, 1001.3, 1.3, 13312, 0, 1001.3, 1004.332, 3.032, 1320, 1004.332, 1006.009, 1.677, 13312, 0, 1006.009, 1009.056, 3.048, 1950, 1009.056, 1010.535, 1.478, 9216, 0, 1010.535, 1012.656, 2.121, 1350, 1012.656, 1013.68, 1.024, 12288, 0,    13.680,
