#======================================
Workload_ID,    App_ID,SubmitTime,Tr:StartTime,Tr:EndTime,Tr:NetworkTime,   Tr:Size,Tr:Channel,Pr:StartTime,Pr:EndTime,Pr:CPUTime,   Pr:Size,Tr:StartTime,Tr:EndTime,Tr:NetworkTime,   Tr:Size,Tr:Channel,Pr:StartTime,Pr:EndTime,Pr:CPUTime,   Pr:Size,Tr:StartTime,Tr:EndTime,Tr:NetworkTime,   Tr:Size,Tr:Channel,Pr:StartTime,Pr:EndTime,Pr:CPUTime,   Pr:Size,Tr:StartTime,Tr:EndTime,Tr:NetworkTime,   Tr:Size,Tr:Channel,Pr:StartTime,Pr:EndTime,Pr:CPUTime,   Pr:Size,Tr:StartTime,Tr:EndTime,Tr:NetworkTime,   Tr:Size,Tr:Channel,ResponseTime,
 0, 12, 0, 0, 1.065, 1.065, 10000, 0, 1.065, 2.181, 1.115, 503, 2.181, 3.095, 0.914, 15000, 0, 3.095, 5.127, 2.031, 1200, 5.127, 6.017, 0.891, 7000, 0, 6.017, 6.936, 0.919, 700, 6.936, 7.561, 0.625, 3000, 0, 7.561, 8.289, 0.728, 600, 8.289, 8.757, 0.468, 2000, 0,     7.223,
 1, 12, 1, 1, 2.106, 1.106, 10000, 0, 2.106, 3.267, 1.161, 536, 3.267, 4.268, 1.001, 16000, 0, 4.268, 6.403, 2.135, 1280, 6.403, 7.448, 1.045, 8000, 0, 7.448, 8.545, 1.097, 800, 8.545, 9.362, 0.818, 4000, 0, 9.362, 10.376, 1.014, 800, 10.376, 11.21, 0.834, 3000, 0,     8.271,
 2, 12, 2, 2, 3.022, 1.022, 9000, 0, 3.022, 4.241, 1.219, 482, 4.241, 5.147, 0.906, 14000, 0, 5.147, 7.015, 1.868, 1120, 7.015, 8.289, 1.274, 7000, 0, 8.289, 9.467, 1.179, 700, 9.467, 10.104, 0.636, 3000, 0, 10.104, 11.106, 1.002, 600, 11.106, 11.712, 0.606, 2000, 0,     8.084,
 3, 12, 3, 3, 3.782, 0.782, 8000, 0, 3.782, 5.058, 1.276, 411, 5.058, 5.929, 0.871, 12000, 0, 5.929, 7.986, 2.056, 960, 7.986, 9.044, 1.058, 6000, 0, 9.044, 10.262, 1.218, 600, 10.262, 10.846, 0.584, 3000, 0, 10.846, 11.835, 0.989, 600, 11.835, 12.311, 0.476, 2000, 0,     8.053,
 4, 12, 4, 4, 5.068, 1.068, 11000, 0, 5.068, 6.183, 1.115, 563, 6.183, 7.139, 0.956, 16000, 0, 7.139, 9.266, 2.127, 1280, 9.266, 10.317, 1.051, 8000, 0, 10.317, 11.346, 1.03, 800, 11.346, 12.121, 0.774, 4000, 0, 12.121, 13.09, 0.969, 800, 13.09, 13.885, 0.795, 3000, 0,     8.021,
 5, 12, 5, 5, 6.105, 1.105, 10000, 0, 6.105, 7.24, 1.135, 531, 7.24, 8.243, 1.002, 15000, 0, 8.243, 10.241, 1.998, 1200, 10.241, 11.222, 0.981, 7000, 0, 11.222, 12.223, 1.001, 700, 12.223, 12.846, 0.623, 3000, 0, 12.846, 13.797, 0.951, 600, 13.797, 14.398, 0.601, 2000, 0,     7.692,
 6, 12, 6, 6, 6.935, 0.935, 8000, 0, 6.935, 8.155, 1.22, 429, 8.155, 8.955, 0.8, 12000, 0, 8.955, 10.874, 1.92, 960, 10.874, 11.986, 1.112, 6000, 0, 11.986, 12.988, 1.002, 600, 12.988, 13.62, 0.632, 3000, 0, 13.62, 14.524, 0.903, 600, 14.524, 15.078, 0.555, 2000, 0,     7.589,
 7, 12, 7, 7, 7.772, 0.772, 8000, 0, 7.772, 9.024, 1.252, 417, 9.024, 9.798, 0.774, 12000, 0, 9.798, 11.894, 2.096, 960, 11.894, 12.744, 0.85, 6000, 0, 12.744, 13.766, 1.021, 600, 13.766, 14.425, 0.659, 3000, 0, 14.425, 15.197, 0.773, 600, 15.197, 15.72, 0.523, 2000, 0,     7.426,
 8, 12, 8, 8, 8.917, 0.917, 9000, 0, 8.917, 9.978, 1.061, 464, 9.978, 10.794, 0.816, 13000, 0, 10.794, 12.638, 1.844, 1040, 12.638, 13.474, 0.836, 6000, 0, 13.474, 14.534, 1.06, 600, 14.534, 15.112, 0.578, 3000, 0, 15.112, 15.932, 0.82, 600, 15.932, 16.414, 0.482, 2000, 0,     7.016,
 9, 12, 9, 9, 9.902, 0.902, 9000, 0, 9.902, 10.918, 1.016, 469, 10.918, 11.747, 0.829, 14000, 0, 11.747, 13.771, 2.024, 1120, 13.771, 14.658, 0.887, 7000, 0, 14.658, 15.593, 0.935, 700, 15.593, 16.21, 0.617, 3000, 0, 16.21, 16.976, 0.766, 600, 16.976, 17.47, 0.494, 2000, 0,     7.073,
 10, 12, 10, 10, 10.824, 0.824, 8000, 0, 10.824, 11.747, 0.923, 410, 11.747, 12.508, 0.761, 12000, 0, 12.508, 14.234, 1.725, 960, 14.234, 15.413, 1.179, 6000, 0, 15.413, 16.437, 1.025, 600, 16.437, 17.067, 0.629, 3000, 0, 17.067, 17.801, 0.734, 600, 17.801, 18.327, 0.526, 2000, 0,     6.976,
 11, 12, 11, 11, 11.992, 0.992, 10000, 0, 11.992, 13.029, 1.037, 533, 13.029, 14.099, 1.07, 16000, 0, 14.099, 16.211, 2.113, 1280, 16.211, 17.237, 1.026, 8000, 0, 17.237, 18.361, 1.124, 800, 18.361, 19.126, 0.765, 4000, 0, 19.126, 20.029, 0.903, 800, 20.029, 20.791, 0.762, 3000, 0,     8.037,
 12, 12, 12, 12, 12.886, 0.886, 9000, 0, 12.886, 13.961, 1.075, 455, 13.961, 14.88, 0.919, 13000, 0, 14.88, 16.631, 1.751, 1040, 16.631, 17.983, 1.351, 6000, 0, 17.983, 19.174, 1.191, 600, 19.174, 19.802, 0.628, 3000, 0, 19.802, 20.704, 0.902, 600, 20.704, 21.347, 0.643, 2000, 0,     7.818,
 13, 12, 13, 13, 13.919, 0.919, 9000, 0, 13.919, 14.934, 1.015, 493, 14.934, 15.809, 0.875, 14000, 0, 15.809, 18.129, 2.32, 1120, 18.129, 19.001, 0.873, 7000, 0, 19.001, 20.056, 1.054, 700, 20.056, 20.657, 0.601, 3000, 0, 20.657, 21.478, 0.821, 600, 21.478, 21.986, 0.508, 2000, 0,     7.559,
 14, 12, 14, 14, 15.125, 1.125, 11000, 0, 15.125, 16.331, 1.206, 598, 16.331, 17.367, 1.035, 17000, 0, 17.367, 19.652, 2.286, 1360, 19.652, 20.646, 0.994, 8000, 0, 20.646, 21.721, 1.075, 800, 21.721, 22.568, 0.847, 4000, 0, 22.568, 23.567, 0.999, 800, 23.567, 24.346, 0.779, 3000, 0,     8.442,
 15, 12, 15, 15, 16.121, 1.121, 10000, 0, 16.121, 17.491, 1.37, 541, 17.491, 18.444, 0.953, 16000, 0, 18.444, 20.595, 2.151, 1280, 20.595, 21.685, 1.09, 8000, 0, 21.685, 22.818, 1.133, 800, 22.818, 23.673, 0.856, 4000, 0, 23.673, 24.611, 0.938, 800, 24.611, 25.427, 0.816, 3000, 0,     8.490,
 16, 12, 16, 16, 16.909, 0.909, 8000, 0, 16.909, 18.309, 1.4, 428, 18.309, 19.189, 0.88, 12000, 0, 19.189, 21.243, 2.054, 960, 21.243, 22.479, 1.236, 6000, 0, 22.479, 23.629, 1.15, 600, 23.629, 24.307, 0.679, 3000, 0, 24.307, 25.334, 1.027, 600, 25.334, 25.939, 0.605, 2000, 0,     8.425,
 17, 12, 17, 17, 18.151, 1.151, 11000, 0, 18.151, 19.547, 1.396, 595, 19.547, 20.664, 1.116, 17000, 0, 20.664, 22.901, 2.238, 1360, 22.901, 23.912, 1.011, 8000, 0, 23.912, 24.942, 1.03, 800, 24.942, 25.782, 0.84, 4000, 0, 25.782, 26.731, 0.949, 800, 26.731, 27.512, 0.781, 3000, 0,     8.580,
 18, 12, 18, 18, 19.063, 1.063, 9000, 0, 19.063, 20.528, 1.465, 468, 20.528, 21.6, 1.072, 14000, 0, 21.6, 23.477, 1.877, 1120, 23.477, 24.731, 1.254, 7000, 0, 24.731, 25.882, 1.15, 700, 25.882, 26.485, 0.604, 3000, 0, 26.485, 27.478, 0.993, 600, 27.478, 28.049, 0.571, 2000, 0,     8.415,
 19, 12, 19, 19, 19.962, 0.962, 9000, 0, 19.962, 21.537, 1.575, 483, 21.537, 22.473, 0.936, 14000, 0, 22.473, 24.788, 2.315, 1120, 24.788, 25.695, 0.908, 7000, 0, 25.695, 26.807, 1.111, 700, 26.807, 27.382, 0.576, 3000, 0, 27.382, 28.205, 0.823, 600, 28.205, 28.735, 0.53, 2000, 0,     8.243,
 20, 12, 20, 20, 21.102, 1.102, 11000, 0, 21.102, 22.699, 1.597, 573, 22.699, 23.76, 1.061, 17000, 0, 23.76, 26.026, 2.266, 1360, 26.026, 27.021, 0.995, 8000, 0, 27.021, 28.139, 1.119, 800, 28.139, 28.974, 0.835, 4000, 0, 28.974, 29.954, 0.98, 800, 29.954, 30.735, 0.78, 3000, 0,     8.852,
 21, 12, 21, 21, 22.02, 1.02, 9000, 0, 22.02, 23.697, 1.677, 475, 23.697, 24.643, 0.945, 14000, 0, 24.643, 26.69, 2.047, 1120, 26.69, 27.884, 1.194, 7000, 0, 27.884, 29.155, 1.271, 700, 29.155, 29.786, 0.632, 3000, 0, 29.786, 30.661, 0.874, 600, 30.661, 31.201, 0.54, 2000, 0,     8.641,
 22, 12, 22, 22, 22.978, 0.978, 9000, 0, 22.978, 24.606, 1.627, 464, 24.606, 25.436, 0.831, 13000, 0, 25.436, 27.824, 2.387, 1040, 27.824, 28.645, 0.822, 6000, 0, 28.645, 29.965, 1.319, 600, 29.965, 30.575, 0.61, 3000, 0, 30.575, 31.453, 0.878, 600, 31.453, 31.928, 0.475, 2000, 0,     8.474,
 23, 12, 23, 23, 24.098, 1.098, 11000, 0, 24.098, 25.823, 1.726, 595, 25.823, 26.911, 1.088, 17000, 0, 26.911, 29.184, 2.273, 1360, 29.184, 30.217, 1.033, 8000, 0, 30.217, 31.313, 1.097, 800, 31.313, 32.177, 0.864, 4000, 0, 32.177, 33.136, 0.959, 800, 33.136, 33.907, 0.771, 3000, 0,     9.038,
 24, 12, 24, 24, 25.002, 1.002, 9000, 0, 25.002, 26.789, 1.787, 471, 26.789, 27.779, 0.989, 14000, 0, 27.779, 29.724, 1.945, 1120, 29.724, 31.128, 1.404, 7000, 0, 31.128, 32.295, 1.167, 700, 32.295, 32.905, 0.609, 3000, 0, 32.905, 33.823, 0.919, 600, 33.823, 34.438, 0.615, 2000, 0,     8.821,
 25, 12, 25, 25, 26.016, 1.016, 10000, 0, 26.016, 27.824, 1.808, 500, 27.824, 28.756, 0.933, 15000, 0, 28.756, 31.251, 2.495, 1200, 31.251, 32.15, 0.899, 7000, 0, 32.15, 33.191, 1.041, 700, 33.191, 33.823, 0.633, 3000, 0, 33.823, 34.51, 0.686, 600, 34.51, 35.011, 0.502, 2000, 0,     8.494,
 26, 12, 26, 26, 26.932, 0.932, 9000, 0, 26.932, 28.735, 1.803, 465, 28.735, 29.564, 0.829, 13000, 0, 29.564, 31.497, 1.933, 1040, 31.497, 32.918, 1.421, 6000, 0, 32.918, 33.989, 1.071, 600, 33.989, 34.58, 0.592, 3000, 0, 34.58, 35.279, 0.699, 600, 35.279, 35.762, 0.483, 2000, 0,     8.347,
 27, 12, 27, 27, 27.846, 0.846, 8000, 0, 27.846, 29.661, 1.816, 431, 29.661, 30.488, 0.827, 12000, 0, 30.488, 32.863, 2.375, 960, 32.863, 33.696, 0.833, 6000, 0, 33.696, 34.791, 1.094, 600, 34.791, 35.398, 0.607, 3000, 0, 35.398, 36.124, 0.726, 600, 36.124, 36.646, 0.522, 2000, 0,     8.278,
 28, 12, 28, 28, 29.019, 1.019, 10000, 0, 29.019, 30.657, 1.638, 520, 30.657, 31.582, 0.925, 15000, 0, 31.582, 33.619, 2.037, 1200, 33.619, 34.58, 0.961, 7000, 0, 34.58, 35.751, 1.171, 700, 35.751, 36.389, 0.638, 3000, 0, 36.389, 37.116, 0.727, 600, 37.116, 37.608, 0.492, 2000, 0,     8.097,
 29, 12, 29, 29, 30.037, 1.037, 10000, 0, 30.037, 31.738, 1.701, 542, 31.738, 32.735, 0.996, 16000, 0, 32.735, 34.99, 2.255, 1280, 34.99, 36.017, 1.027, 8000, 0, 36.017, 37.072, 1.055, 800, 37.072, 37.894, 0.823, 4000, 0, 37.894, 38.843, 0.949, 800, 38.843, 39.579, 0.736, 3000, 0,     8.806,
 30, 12, 30, 30, 31.124, 1.124, 11000, 0, 31.124, 32.863, 1.739, 554, 32.863, 33.85, 0.986, 16000, 0, 33.85, 35.982, 2.133, 1280, 35.982, 37.038, 1.056, 8000, 0, 37.038, 38.176, 1.138, 800, 38.176, 38.993, 0.816, 4000, 0, 38.993, 40.02, 1.027, 800, 40.02, 40.782, 0.762, 3000, 0,     8.896,
 31, 12, 31, 31, 32.021, 1.021, 9000, 0, 32.021, 33.85, 1.829, 495, 33.85, 34.678, 0.828, 14000, 0, 34.678, 36.855, 2.177, 1120, 36.855, 37.904, 1.049, 7000, 0, 37.904, 39.136, 1.232, 700, 39.136, 39.738, 0.601, 3000, 0, 39.738, 40.79, 1.053, 600, 40.79, 41.324, 0.534, 2000, 0,     8.769,
 32, 12, 32, 32, 32.944, 0.944, 9000, 0, 32.944, 34.753, 1.809, 454, 34.753, 35.554, 0.801, 13000, 0, 35.554, 37.7, 2.146, 1040, 37.7, 38.653, 0.953, 6000, 0, 38.653, 39.965, 1.312, 600, 39.965, 40.57, 0.605, 3000, 0, 40.57, 41.559, 0.989, 600, 41.559, 42.106, 0.547, 2000, 0,     8.615,
 33, 12, 33, 33, 33.917, 0.917, 9000, 0, 33.917, 35.652, 1.735, 450, 35.652, 36.487, 0.835, 13000, 0, 36.487, 38.605, 2.118, 1040, 38.605, 39.425, 0.819, 6000, 0, 39.425, 40.83, 1.405, 600, 40.83, 41.437, 0.607, 3000, 0, 41.437, 42.261, 0.824, 600, 42.261, 42.807, 0.546, 2000, 0,     8.344,
 34, 12, 34, 34, 35.066, 1.066, 11000, 0, 35.066, 36.807, 1.741, 569, 36.807, 37.957, 1.149, 17000, 0, 37.957, 40.349, 2.392, 1360, 40.349, 41.365, 1.017, 8000, 0, 41.365, 42.44, 1.074, 800, 42.44, 43.251, 0.811, 4000, 0, 43.251, 44.202, 0.952, 800, 44.202, 44.994, 0.791, 3000, 0,     9.136,
 35, 12, 35, 35, 36.236, 1.236, 11000, 0, 36.236, 37.936, 1.701, 552, 37.936, 38.94, 1.004, 16000, 0, 38.94, 41.13, 2.19, 1280, 41.13, 42.397, 1.267, 8000, 0, 42.397, 43.556, 1.159, 800, 43.556, 44.37, 0.814, 4000, 0, 44.37, 45.342, 0.971, 800, 45.342, 46.061, 0.72, 3000, 0,     9.106,
 36, 12, 36, 36, 37.213, 1.213, 10000, 0, 37.213, 39.02, 1.807, 527, 39.02, 39.967, 0.947, 15000, 0, 39.967, 42.353, 2.386, 1200, 42.353, 43.229, 0.876, 7000, 0, 43.229, 44.5, 1.271, 700, 44.5, 45.131, 0.631, 3000, 0, 45.131, 46.09, 0.958, 600, 46.09, 46.609, 0.519, 2000, 0,     8.877,
 37, 12, 37, 37, 38.002, 1.002, 8000, 0, 38.002, 39.878, 1.876, 429, 39.878, 40.697, 0.819, 12000, 0, 40.697, 42.706, 2.009, 960, 42.706, 44.012, 1.306, 6000, 0, 44.012, 45.259, 1.248, 600, 45.259, 45.862, 0.602, 3000, 0, 45.862, 46.791, 0.93, 600, 46.791, 47.273, 0.481, 2000, 0,     8.789,
 38, 12, 38, 38, 38.922, 0.922, 9000, 0, 38.922, 40.867, 1.945, 476, 40.867, 41.776, 0.909, 14000, 0, 41.776, 44.203, 2.426, 1120, 44.203, 45.056, 0.853, 7000, 0, 45.056, 46.17, 1.114, 700, 46.17, 46.824, 0.654, 3000, 0, 46.824, 47.527, 0.703, 600, 47.527, 48.057, 0.53, 2000, 0,     8.605,
 39, 12, 39, 39, 39.935, 0.935, 9000, 0, 39.935, 41.881, 1.945, 479, 41.881, 42.774, 0.893, 14000, 0, 42.774, 44.656, 1.882, 1120, 44.656, 45.943, 1.288, 7000, 0, 45.943, 47.135, 1.192, 700, 47.135, 47.758, 0.623, 3000, 0, 47.758, 48.529, 0.772, 600, 48.529, 49.024, 0.495, 2000, 0,     8.594,
 40, 12, 40, 40, 40.894, 0.894, 9000, 0, 40.894, 42.879, 1.985, 486, 42.879, 43.734, 0.855, 14000, 0, 43.734, 46.103, 2.369, 1120, 46.103, 46.985, 0.883, 7000, 0, 46.985, 48.088, 1.103, 700, 48.088, 48.729, 0.641, 3000, 0, 48.729, 49.5, 0.771, 600, 49.5, 49.979, 0.479, 2000, 0,     8.606,
 41, 12, 41, 41, 41.844, 0.844, 8000, 0, 41.844, 43.744, 1.9, 432, 43.744, 44.479, 0.735, 12000, 0, 44.479, 46.265, 1.786, 960, 46.265, 47.764, 1.499, 6000, 0, 47.764, 48.893, 1.129, 600, 48.893, 49.542, 0.649, 3000, 0, 49.542, 50.253, 0.711, 600, 50.253, 50.762, 0.51, 2000, 0,     8.409,
 42, 12, 42, 42, 42.786, 0.786, 8000, 0, 42.786, 44.625, 1.839, 407, 44.625, 45.384, 0.76, 12000, 0, 45.384, 47.743, 2.359, 960, 47.743, 48.535, 0.792, 6000, 0, 48.535, 49.719, 1.184, 600, 49.719, 50.302, 0.583, 3000, 0, 50.302, 51.052, 0.75, 600, 51.052, 51.544, 0.492, 2000, 0,     8.266,
 43, 12, 43, 43, 43.988, 0.988, 10000, 0, 43.988, 45.714, 1.726, 547, 45.714, 46.724, 1.011, 16000, 0, 46.724, 48.906, 2.182, 1280, 48.906, 49.934, 1.028, 8000, 0, 49.934, 51.072, 1.138, 800, 51.072, 51.911, 0.839, 4000, 0, 51.911, 52.876, 0.965, 800, 52.876, 53.676, 0.8, 3000, 0,     8.888,
 44, 12, 44, 44, 44.977, 0.977, 10000, 0, 44.977, 46.712, 1.736, 507, 46.712, 47.658, 0.946, 15000, 0, 47.658, 49.769, 2.111, 1200, 49.769, 50.79, 1.022, 7000, 0, 50.79, 52.013, 1.222, 700, 52.013, 52.633, 0.621, 3000, 0, 52.633, 53.544, 0.911, 600, 53.544, 54.203, 0.659, 2000, 0,     8.568,
 45, 12, 45, 45, 45.828, 0.828, 8000, 0, 45.828, 47.543, 1.715, 429, 47.543, 48.405, 0.862, 12000, 0, 48.405, 50.483, 2.078, 960, 50.483, 51.55, 1.066, 6000, 0, 51.55, 52.838, 1.289, 600, 52.838, 53.416, 0.578, 3000, 0, 53.416, 54.303, 0.887, 600, 54.303, 54.814, 0.51, 2000, 0,     8.476,
 46, 12, 46, 46, 47.002, 1.002, 10000, 0, 47.002, 48.498, 1.496, 501, 48.498, 49.442, 0.944, 15000, 0, 49.442, 51.785, 2.343, 1200, 51.785, 52.671, 0.886, 7000, 0, 52.671, 53.823, 1.153, 700, 53.823, 54.467, 0.643, 3000, 0, 54.467, 55.178, 0.711, 600, 55.178, 55.708, 0.531, 2000, 0,     8.176,
 47, 12, 47, 47, 47.894, 0.894, 9000, 0, 47.894, 49.507, 1.613, 489, 49.507, 50.37, 0.863, 14000, 0, 50.37, 52.39, 2.019, 1120, 52.39, 53.563, 1.173, 7000, 0, 53.563, 54.817, 1.255, 700, 54.817, 55.405, 0.588, 3000, 0, 55.405, 56.12, 0.715, 600, 56.12, 56.638, 0.517, 2000, 0,     8.226,
 48, 12, 48, 48, 48.864, 0.864, 9000, 0, 48.864, 50.463, 1.599, 465, 50.463, 51.298, 0.835, 13000, 0, 51.298, 53.548, 2.25, 1040, 53.548, 54.303, 0.755, 6000, 0, 54.303, 55.675, 1.372, 600, 55.675, 56.274, 0.599, 3000, 0, 56.274, 56.986, 0.712, 600, 56.986, 57.478, 0.493, 2000, 0,     8.121,
 49, 12, 49, 49, 50.012, 1.012, 10000, 0, 50.012, 51.523, 1.51, 511, 51.523, 52.463, 0.94, 15000, 0, 52.463, 54.433, 1.97, 1200, 54.433, 55.332, 0.898, 7000, 0, 55.332, 56.56, 1.229, 700, 56.56, 57.197, 0.637, 3000, 0, 57.197, 57.892, 0.695, 600, 57.892, 58.397, 0.505, 2000, 0,     7.880,
 50, 12, 50, 50, 50.89, 0.89, 9000, 0, 50.89, 52.463, 1.573, 459, 52.463, 53.307, 0.844, 13000, 0, 53.307, 55.237, 1.93, 1040, 55.237, 56.088, 0.852, 6000, 0, 56.088, 57.384, 1.295, 600, 57.384, 58.029, 0.646, 3000, 0, 58.029, 58.762, 0.733, 600, 58.762, 59.271, 0.508, 2000, 0,     7.872,
 51, 12, 51, 51, 51.789, 0.789, 8000, 0, 51.789, 53.358, 1.569, 430, 53.358, 54.114, 0.756, 12000, 0, 54.114, 56.029, 1.916, 960, 56.029, 56.843, 0.814, 6000, 0, 56.843, 58.166, 1.323, 600, 58.166, 58.764, 0.598, 3000, 0, 58.764, 59.506, 0.741, 600, 59.506, 60, 0.495, 2000, 0,     7.716,
 52, 12, 52, 52, 52.802, 0.802, 8000, 0, 52.802, 54.227, 1.425, 432, 54.227, 54.994, 0.768, 12000, 0, 54.994, 56.86, 1.866, 960, 56.86, 57.622, 0.762, 6000, 0, 57.622, 58.938, 1.316, 600, 58.938, 59.575, 0.636, 3000, 0, 59.575, 60.307, 0.732, 600, 60.307, 60.809, 0.502, 2000, 0,     7.505,
 53, 12, 53, 53, 54.032, 1.032, 10000, 0, 54.032, 55.28, 1.248, 507, 55.28, 56.232, 0.952, 15000, 0, 56.232, 58.226, 1.995, 1200, 58.226, 59.14, 0.913, 7000, 0, 59.14, 60.052, 0.913, 700, 60.052, 60.641, 0.588, 3000, 0, 60.641, 61.368, 0.728, 600, 61.368, 61.872, 0.503, 2000, 0,     7.336,
 54, 12, 54, 54, 54.925, 0.925, 9000, 0, 54.925, 56.148, 1.223, 455, 56.148, 57.011, 0.862, 13000, 0, 57.011, 58.731, 1.721, 1040, 58.731, 59.861, 1.13, 6000, 0, 59.861, 60.807, 0.945, 600, 60.807, 61.401, 0.594, 3000, 0, 61.401, 62.15, 0.749, 600, 62.15, 62.648, 0.498, 2000, 0,     7.225,
 55, 12, 55, 55, 56.009, 1.009, 10000, 0, 56.009, 57.223, 1.213, 547, 57.223, 58.172, 0.949, 16000, 0, 58.172, 60.384, 2.212, 1280, 60.384, 61.329, 0.945, 8000, 0, 61.329, 62.454, 1.125, 800, 62.454, 63.285, 0.831, 4000, 0, 63.285, 64.244, 0.959, 800, 64.244, 64.993, 0.749, 3000, 0,     8.235,
 56, 12, 56, 56, 56.953, 0.953, 9000, 0, 56.953, 58.242, 1.289, 489, 58.242, 59.086, 0.844, 14000, 0, 59.086, 60.983, 1.897, 1120, 60.983, 62.163, 1.18, 7000, 0, 62.163, 63.405, 1.242, 700, 63.405, 64.046, 0.641, 3000, 0, 64.046, 65, 0.954, 600, 65, 65.503, 0.503, 2000, 0,     8.047,
 57, 12, 57, 57, 57.803, 0.803, 8000, 0, 57.803, 59.126, 1.322, 435, 59.126, 59.936, 0.81, 13000, 0, 59.936, 62.105, 2.169, 1040, 62.105, 62.925, 0.82, 6000, 0, 62.925, 64.163, 1.238, 600, 64.163, 64.761, 0.598, 3000, 0, 64.761, 65.707, 0.946, 600, 65.707, 66.229, 0.522, 2000, 0,     7.903,
 58, 12, 58, 58, 58.755, 0.755, 8000, 0, 58.755, 59.894, 1.139, 404, 59.894, 60.678, 0.785, 12000, 0, 60.678, 62.556, 1.878, 960, 62.556, 63.688, 1.132, 6000, 0, 63.688, 64.981, 1.293, 600, 64.981, 65.579, 0.598, 3000, 0, 65.579, 66.432, 0.853, 600, 66.432, 66.932, 0.5, 2000, 0,     7.677,
 59, 12, 59, 59, 60.013, 1.013, 10000, 0, 60.013, 61.075, 1.061, 533, 61.075, 62.07, 0.995, 16000, 0, 62.07, 64.305, 2.235, 1280, 64.305, 65.32, 1.015, 8000, 0, 65.32, 66.37, 1.05, 800, 66.37, 67.208, 0.838, 4000, 0, 67.208, 68.188, 0.979, 800, 68.188, 68.963, 0.775, 3000, 0,     8.174,
 60, 12, 60, 60, 61.097, 1.097, 11000, 0, 61.097, 62.295, 1.199, 592, 62.295, 63.357, 1.061, 17000, 0, 63.357, 65.685, 2.328, 1360, 65.685, 66.645, 0.96, 8000, 0, 66.645, 67.706, 1.061, 800, 67.706, 68.474, 0.768, 4000, 0, 68.474, 69.439, 0.965, 800, 69.439, 70.186, 0.746, 3000, 0,     8.342,
 61, 12, 61, 61, 62.18, 1.18, 11000, 0, 62.18, 63.419, 1.239, 554, 63.419, 64.441, 1.022, 16000, 0, 64.441, 66.622, 2.181, 1280, 66.622, 67.656, 1.034, 8000, 0, 67.656, 68.827, 1.171, 800, 68.827, 69.641, 0.814, 4000, 0, 69.641, 70.598, 0.956, 800, 70.598, 71.341, 0.743, 3000, 0,     8.418,
 62, 12, 62, 62, 63.294, 1.294, 11000, 0, 63.294, 64.582, 1.287, 566, 64.582, 65.58, 0.998, 16000, 0, 65.58, 67.824, 2.244, 1280, 67.824, 68.807, 0.983, 8000, 0, 68.807, 69.922, 1.115, 800, 69.922, 70.766, 0.844, 4000, 0, 70.766, 71.766, 1, 800, 71.766, 72.558, 0.792, 3000, 0,     8.471,
 63, 12, 63, 63, 64.228, 1.228, 9000, 0, 64.228, 65.538, 1.31, 461, 65.538, 66.41, 0.872, 13000, 0, 66.41, 68.34, 1.93, 1040, 68.34, 69.568, 1.227, 6000, 0, 69.568, 70.711, 1.144, 600, 70.711, 71.386, 0.674, 3000, 0, 71.386, 72.509, 1.123, 600, 72.509, 73.048, 0.54, 2000, 0,     8.281,
 64, 12, 64, 64, 65.217, 1.217, 10000, 0, 65.217, 66.588, 1.372, 528, 66.588, 67.522, 0.934, 15000, 0, 67.522, 69.874, 2.352, 1200, 69.874, 70.729, 0.854, 7000, 0, 70.729, 71.62, 0.891, 700, 71.62, 72.186, 0.567, 3000, 0, 72.186, 73.259, 1.073, 600, 73.259, 73.782, 0.522, 2000, 0,     8.043,
 65, 12, 65, 65, 66.226, 1.226, 10000, 0, 66.226, 67.65, 1.424, 538, 67.65, 68.649, 0.999, 16000, 0, 68.649, 70.823, 2.174, 1280, 70.823, 71.814, 0.991, 8000, 0, 71.814, 72.912, 1.098, 800, 72.912, 73.726, 0.814, 4000, 0, 73.726, 74.717, 0.991, 800, 74.717, 75.492, 0.774, 3000, 0,     8.492,
 66, 12, 66, 66, 67.341, 1.341, 11000, 0, 67.341, 68.813, 1.472, 584, 68.813, 69.874, 1.061, 17000, 0, 69.874, 72.148, 2.274, 1360, 72.148, 73.138, 0.99, 8000, 0, 73.138, 74.212, 1.074, 800, 74.212, 75.074, 0.862, 4000, 0, 75.074, 76.021, 0.947, 800, 76.021, 76.747, 0.726, 3000, 0,     8.680,
 67, 12, 67, 67, 68.504, 1.504, 11000, 0, 68.504, 69.946, 1.442, 560, 69.946, 70.945, 0.999, 16000, 0, 70.945, 73.084, 2.139, 1280, 73.084, 74.117, 1.033, 8000, 0, 74.117, 75.325, 1.208, 800, 75.325, 76.109, 0.784, 4000, 0, 76.109, 77.094, 0.985, 800, 77.094, 77.804, 0.711, 3000, 0,     8.590,
 68, 12, 68, 68, 69.43, 1.43, 9000, 0, 69.43, 70.895, 1.465, 497, 70.895, 71.764, 0.869, 14000, 0, 71.764, 74.008, 2.244, 1120, 74.008, 75.034, 1.026, 7000, 0, 75.034, 76.311, 1.277, 700, 76.311, 76.877, 0.566, 3000, 0, 76.877, 77.822, 0.945, 600, 77.822, 78.324, 0.501, 2000, 0,     8.392,
 69, 12, 69, 69, 70.352, 1.352, 9000, 0, 70.352, 71.79, 1.438, 459, 71.79, 72.587, 0.797, 13000, 0, 72.587, 74.825, 2.238, 1040, 74.825, 75.789, 0.964, 6000, 0, 75.789, 77.074, 1.284, 600, 77.074, 77.669, 0.595, 3000, 0, 77.669, 78.584, 0.915, 600, 78.584, 79.093, 0.509, 2000, 0,     8.231,
 70, 12, 70, 70, 71.164, 1.164, 8000, 0, 71.164, 72.72, 1.556, 423, 72.72, 73.491, 0.771, 12000, 0, 73.491, 75.668, 2.177, 960, 75.668, 76.58, 0.912, 6000, 0, 76.58, 77.881, 1.302, 600, 77.881, 78.491, 0.61, 3000, 0, 78.491, 79.314, 0.823, 600, 79.314, 79.803, 0.489, 2000, 0,     8.150,
 71, 12, 71, 71, 72.279, 1.279, 11000, 0, 72.279, 73.89, 1.611, 572, 73.89, 74.956, 1.066, 17000, 0, 74.956, 77.237, 2.282, 1360, 77.237, 78.234, 0.997, 8000, 0, 78.234, 79.24, 1.005, 800, 79.24, 80.05, 0.81, 4000, 0, 80.05, 81.02, 0.97, 800, 81.02, 81.753, 0.733, 3000, 0,     8.741,
 72, 12, 72, 72, 73.371, 1.371, 11000, 0, 73.371, 75.014, 1.643, 550, 75.014, 76.04, 1.026, 16000, 0, 76.04, 78.149, 2.109, 1280, 78.149, 79.24, 1.09, 8000, 0, 79.24, 80.354, 1.114, 800, 80.354, 81.231, 0.878, 4000, 0, 81.231, 82.143, 0.911, 800, 82.143, 82.904, 0.762, 3000, 0,     8.771,
 73, 12, 73, 73, 74.199, 1.199, 8000, 0, 74.199, 75.86, 1.661, 424, 75.86, 76.78, 0.92, 12000, 0, 76.78, 78.817, 2.037, 960, 78.817, 80.012, 1.194, 6000, 0, 80.012, 81.205, 1.193, 600, 81.205, 81.84, 0.635, 3000, 0, 81.84, 82.884, 1.044, 600, 82.884, 83.397, 0.513, 2000, 0,     8.685,
 74, 12, 74, 74, 75.298, 1.298, 11000, 0, 75.298, 77.034, 1.735, 554, 77.034, 78.036, 1.002, 16000, 0, 78.036, 80.335, 2.299, 1280, 80.335, 81.323, 0.988, 8000, 0, 81.323, 82.395, 1.072, 800, 82.395, 83.196, 0.801, 4000, 0, 83.196, 84.137, 0.941, 800, 84.137, 84.894, 0.757, 3000, 0,     8.839,
 75, 12, 75, 75, 76.19, 1.19, 9000, 0, 76.19, 78.003, 1.812, 489, 78.003, 78.937, 0.935, 14000, 0, 78.937, 80.878, 1.941, 1120, 80.878, 82.235, 1.357, 7000, 0, 82.235, 83.336, 1.101, 700, 83.336, 83.964, 0.628, 3000, 0, 83.964, 84.817, 0.853, 600, 84.817, 85.401, 0.584, 2000, 0,     8.627,
 76, 12, 76, 76, 77.076, 1.076, 9000, 0, 77.076, 78.937, 1.861, 463, 78.937, 79.788, 0.851, 13000, 0, 79.788, 82.103, 2.315, 1040, 82.103, 83.036, 0.933, 6000, 0, 83.036, 84.147, 1.111, 600, 84.147, 84.774, 0.627, 3000, 0, 84.774, 85.515, 0.741, 600, 85.515, 86.018, 0.503, 2000, 0,     8.440,
 77, 12, 77, 77, 78.099, 1.099, 10000, 0, 78.099, 80.049, 1.95, 541, 80.049, 81.088, 1.039, 16000, 0, 81.088, 83.214, 2.126, 1280, 83.214, 84.179, 0.965, 8000, 0, 84.179, 85.3, 1.121, 800, 85.3, 86.133, 0.833, 4000, 0, 86.133, 87.05, 0.917, 800, 87.05, 87.74, 0.69, 3000, 0,     8.951,
 78, 12, 78, 78, 79.202, 1.202, 11000, 0, 79.202, 81.173, 1.971, 578, 81.173, 82.239, 1.067, 17000, 0, 82.239, 84.457, 2.218, 1360, 84.457, 85.528, 1.071, 8000, 0, 85.528, 86.634, 1.106, 800, 86.634, 87.474, 0.84, 4000, 0, 87.474, 88.502, 1.029, 800, 88.502, 89.236, 0.734, 3000, 0,     9.301,
 79, 12, 79, 79, 80.108, 1.108, 9000, 0, 80.108, 82.123, 2.015, 473, 82.123, 83.102, 0.979, 14000, 0, 83.102, 85.057, 1.955, 1120, 85.057, 86.437, 1.381, 7000, 0, 86.437, 87.56, 1.123, 700, 87.56, 88.14, 0.58, 3000, 0, 88.14, 89.191, 1.051, 600, 89.191, 89.796, 0.605, 2000, 0,     9.083,
 80, 12, 80, 80, 80.927, 0.927, 8000, 0, 80.927, 82.965, 2.038, 416, 82.965, 83.856, 0.891, 12000, 0, 83.856, 86.052, 2.196, 960, 86.052, 87.177, 1.125, 6000, 0, 87.177, 88.415, 1.238, 600, 88.415, 89.037, 0.621, 3000, 0, 89.037, 89.911, 0.874, 600, 89.911, 90.457, 0.546, 2000, 0,     8.984,
 81, 12, 81, 81, 82.165, 1.165, 11000, 0, 82.165, 84.091, 1.926, 567, 84.091, 85.17, 1.079, 17000, 0, 85.17, 87.445, 2.275, 1360, 87.445, 88.482, 1.037, 8000, 0, 88.482, 89.552, 1.069, 800, 89.552, 90.372, 0.82, 4000, 0, 90.372, 91.358, 0.987, 800, 91.358, 92.055, 0.696, 3000, 0,     9.194,
 82, 12, 82, 82, 83.17, 1.17, 10000, 0, 83.17, 85.262, 2.093, 545, 85.262, 86.251, 0.989, 16000, 0, 86.251, 88.389, 2.139, 1280, 88.389, 89.477, 1.087, 8000, 0, 89.477, 90.576, 1.099, 800, 90.576, 91.439, 0.863, 4000, 0, 91.439, 92.4, 0.961, 800, 92.4, 93.154, 0.754, 3000, 0,     9.230,
 83, 12, 83, 83, 84.091, 1.091, 9000, 0, 84.091, 86.217, 2.126, 466, 86.217, 87.055, 0.837, 13000, 0, 87.055, 89.189, 2.134, 1040, 89.189, 90.267, 1.078, 6000, 0, 90.267, 91.358, 1.091, 600, 91.358, 92.041, 0.682, 3000, 0, 92.041, 93.172, 1.131, 600, 93.172, 93.638, 0.466, 2000, 0,     9.081,
 84, 12, 84, 84, 85.099, 1.099, 10000, 0, 85.099, 87.279, 2.18, 519, 87.279, 88.223, 0.944, 15000, 0, 88.223, 90.415, 2.192, 1200, 90.415, 91.358, 0.944, 7000, 0, 91.358, 92.314, 0.956, 700, 92.314, 92.943, 0.628, 3000, 0, 92.943, 93.883, 0.941, 600, 93.883, 94.405, 0.522, 2000, 0,     8.784,
 85, 12, 85, 85, 86.042, 1.042, 9000, 0, 86.042, 88.245, 2.203, 466, 88.245, 89.045, 0.8, 13000, 0, 89.045, 90.914, 1.869, 1040, 90.914, 92.113, 1.2, 6000, 0, 92.113, 93.152, 1.039, 600, 93.152, 93.769, 0.617, 3000, 0, 93.769, 94.639, 0.87, 600, 94.639, 95.098, 0.459, 2000, 0,     8.597,
 86, 12, 86, 86, 87.047, 1.047, 10000, 0, 87.047, 89.32, 2.273, 524, 89.32, 90.332, 1.012, 15000, 0, 90.332, 92.378, 2.046, 1200, 92.378, 93.274, 0.896, 7000, 0, 93.274, 94.247, 0.973, 700, 94.247, 94.854, 0.608, 3000, 0, 94.854, 95.584, 0.729, 600, 95.584, 96.138, 0.554, 2000, 0,     8.537,
 87, 12, 87, 87, 87.882, 0.882, 8000, 0, 87.882, 90.204, 2.322, 442, 90.204, 91.158, 0.953, 13000, 0, 91.158, 92.835, 1.677, 1040, 92.835, 94.034, 1.199, 6000, 0, 94.034, 95.037, 1.003, 600, 95.037, 95.613, 0.576, 3000, 0, 95.613, 96.362, 0.749, 600, 96.362, 96.857, 0.495, 2000, 0,     8.480,
 88, 12, 88, 88, 88.801, 0.801, 8000, 0, 88.801, 91.118, 2.317, 427, 91.118, 91.933, 0.815, 12000, 0, 91.933, 93.976, 2.043, 960, 93.976, 94.794, 0.818, 6000, 0, 94.794, 95.852, 1.058, 600, 95.852, 96.452, 0.6, 3000, 0, 96.452, 97.175, 0.724, 600, 97.175, 97.676, 0.501, 2000, 0,     8.374,
 89, 12, 89, 89, 89.978, 0.978, 10000, 0, 89.978, 92.202, 2.223, 544, 92.202, 93.211, 1.009, 16000, 0, 93.211, 95.365, 2.154, 1280, 95.365, 96.343, 0.978, 8000, 0, 96.343, 97.405, 1.062, 800, 97.405, 98.192, 0.787, 4000, 0, 98.192, 99.157, 0.965, 800, 99.157, 99.915, 0.758, 3000, 0,     9.179,
 90, 12, 90, 90, 90.984, 0.984, 10000, 0, 90.984, 93.29, 2.306, 512, 93.29, 94.235, 0.945, 15000, 0, 94.235, 96.23, 1.994, 1200, 96.23, 97.226, 0.997, 7000, 0, 97.226, 98.337, 1.111, 700, 98.337, 98.901, 0.564, 3000, 0, 98.901, 99.82, 0.919, 600, 99.82, 100.411, 0.591, 2000, 0,     8.836,
 91, 12, 91, 91, 92.109, 1.109, 11000, 0, 92.109, 94.437, 2.328, 571, 94.437, 95.539, 1.103, 17000, 0, 95.539, 97.822, 2.283, 1360, 97.822, 98.848, 1.026, 8000, 0, 98.848, 99.967, 1.118, 800, 99.967, 100.79, 0.824, 4000, 0, 100.79, 101.789, 0.999, 800, 101.789, 102.519, 0.73, 3000, 0,     9.680,
 92, 12, 92, 92, 93.096, 1.096, 10000, 0, 93.096, 95.453, 2.357, 513, 95.453, 96.48, 1.026, 15000, 0, 96.48, 98.507, 2.028, 1200, 98.507, 99.733, 1.225, 7000, 0, 99.733, 100.855, 1.122, 700, 100.855, 101.521, 0.666, 3000, 0, 101.521, 102.507, 0.986, 600, 102.507, 103.006, 0.499, 2000, 0,     9.411,
 93, 12, 93, 93, 93.989, 0.989, 9000, 0, 93.989, 96.377, 2.388, 462, 96.377, 97.309, 0.931, 13000, 0, 97.309, 99.554, 2.245, 1040, 99.554, 100.432, 0.878, 6000, 0, 100.432, 101.652, 1.22, 600, 101.652, 102.27, 0.618, 3000, 0, 102.27, 103.265, 0.995, 600, 103.265, 103.771, 0.505, 2000, 0,     9.276,
 94, 12, 94, 94, 94.79, 0.79, 8000, 0, 94.79, 97.203, 2.414, 425, 97.203, 98.107, 0.904, 12000, 0, 98.107, 100.133, 2.026, 960, 100.133, 101.148, 1.016, 6000, 0, 101.148, 102.507, 1.359, 600, 102.507, 103.151, 0.644, 3000, 0, 103.151, 103.997, 0.846, 600, 103.997, 104.475, 0.478, 2000, 0,     9.207,
 95, 12, 95, 95, 96.004, 1.004, 10000, 0, 96.004, 98.234, 2.23, 528, 98.234, 99.168, 0.934, 15000, 0, 99.168, 101.611, 2.442, 1200, 101.611, 102.567, 0.956, 7000, 0, 102.567, 103.505, 0.938, 700, 103.505, 104.098, 0.593, 3000, 0, 104.098, 104.828, 0.731, 600, 104.828, 105.373, 0.545, 2000, 0,     8.824,
 96, 12, 96, 96, 97.075, 1.075, 11000, 0, 97.075, 99.343, 2.269, 556, 99.343, 100.344, 1.001, 16000, 0, 100.344, 102.514, 2.17, 1280, 102.514, 103.577, 1.063, 8000, 0, 103.577, 104.688, 1.112, 800, 104.688, 105.497, 0.809, 4000, 0, 105.497, 106.441, 0.943, 800, 106.441, 107.236, 0.796, 3000, 0,     9.366,
 97, 12, 97, 97, 98.068, 1.068, 10000, 0, 98.068, 100.326, 2.258, 504, 100.326, 101.254, 0.928, 15000, 0, 101.254, 103.593, 2.339, 1200, 103.593, 104.445, 0.852, 7000, 0, 104.445, 105.617, 1.171, 700, 105.617, 106.216, 0.599, 3000, 0, 106.216, 107.197, 0.981, 600, 107.197, 107.744, 0.548, 2000, 0,     9.128,
 98, 12, 98, 98, 99.203, 1.203, 11000, 0, 99.203, 101.481, 2.278, 560, 101.481, 102.486, 1.005, 16000, 0, 102.486, 104.618, 2.132, 1280, 104.618, 105.617, 1, 8000, 0, 105.617, 106.74, 1.122, 800, 106.74, 107.551, 0.812, 4000, 0, 107.551, 108.522, 0.971, 800, 108.522, 109.27, 0.747, 3000, 0,     9.319,
 99, 12, 99, 99, 100.316, 1.316, 11000, 0, 100.316, 102.631, 2.314, 572, 102.631, 103.681, 1.05, 17000, 0, 103.681, 105.961, 2.281, 1360, 105.961, 106.96, 0.999, 8000, 0, 106.96, 108.079, 1.119, 800, 108.079, 108.854, 0.775, 4000, 0, 108.854, 109.875, 1.021, 800, 109.875, 110.616, 0.741, 3000, 0,     9.559,
 100, 12, 100, 100, 101.204, 1.204, 9000, 0, 101.204, 103.583, 2.379, 489, 103.583, 104.618, 1.035, 14000, 0, 104.618, 106.492, 1.874, 1120, 106.492, 107.888, 1.397, 7000, 0, 107.888, 108.96, 1.072, 700, 108.96, 109.573, 0.613, 3000, 0, 109.573, 110.631, 1.058, 600, 110.631, 111.195, 0.563, 2000, 0,     9.427,
 101, 12, 101, 101, 102.077, 1.077, 9000, 0, 102.077, 104.476, 2.398, 454, 104.476, 105.45, 0.974, 13000, 0, 105.45, 107.685, 2.235, 1040, 107.685, 108.685, 1, 6000, 0, 108.685, 109.776, 1.09, 600, 109.776, 110.401, 0.625, 3000, 0, 110.401, 111.391, 0.99, 600, 111.391, 111.897, 0.505, 2000, 0,     9.314,
 102, 12, 102, 102, 102.882, 0.882, 8000, 0, 102.882, 105.417, 2.535, 449, 105.417, 106.275, 0.858, 13000, 0, 106.275, 108.238, 1.963, 1040, 108.238, 109.433, 1.195, 6000, 0, 109.433, 110.557, 1.124, 600, 110.557, 111.173, 0.616, 3000, 0, 111.173, 112.123, 0.95, 600, 112.123, 112.575, 0.452, 2000, 0,     9.240,
 103, 12, 103, 103, 104.002, 1.002, 10000, 0, 104.002, 106.44, 2.438, 520, 106.44, 107.382, 0.942, 15000, 0, 107.382, 109.706, 2.324, 1200, 109.706, 110.604, 0.898, 7000, 0, 110.604, 111.534, 0.929, 700, 111.534, 112.161, 0.627, 3000, 0, 112.161, 112.943, 0.782, 600, 112.943, 113.42, 0.478, 2000, 0,     8.941,
 104, 12, 104, 104, 104.83, 0.83, 8000, 0, 104.83, 107.322, 2.492, 437, 107.322, 108.186, 0.865, 13000, 0, 108.186, 110.032, 1.845, 1040, 110.032, 111.351, 1.319, 6000, 0, 111.351, 112.387, 1.036, 600, 112.387, 113.002, 0.615, 3000, 0, 113.002, 113.758, 0.756, 600, 113.758, 114.284, 0.525, 2000, 0,     8.929,
 105, 12, 105, 105, 105.826, 0.826, 8000, 0, 105.826, 108.186, 2.36, 405, 108.186, 108.898, 0.712, 12000, 0, 108.898, 111.325, 2.427, 960, 111.325, 112.103, 0.777, 6000, 0, 112.103, 113.22, 1.118, 600, 113.22, 113.776, 0.556, 3000, 0, 113.776, 114.485, 0.709, 600, 114.485, 114.981, 0.496, 2000, 0,     8.659,
 106, 12, 106, 106, 107.123, 1.123, 11000, 0, 107.123, 109.33, 2.208, 555, 109.33, 110.352, 1.022, 16000, 0, 110.352, 112.534, 2.181, 1280, 112.534, 113.576, 1.042, 8000, 0, 113.576, 114.619, 1.043, 800, 114.619, 115.406, 0.787, 4000, 0, 115.406, 116.398, 0.992, 800, 116.398, 117.136, 0.738, 3000, 0,     9.275,
 107, 12, 107, 107, 108.051, 1.051, 9000, 0, 108.051, 110.29, 2.239, 475, 110.29, 111.29, 1, 14000, 0, 111.29, 113.259, 1.969, 1120, 113.259, 114.485, 1.226, 7000, 0, 114.485, 115.56, 1.075, 700, 115.56, 116.14, 0.58, 3000, 0, 116.14, 117.151, 1.011, 600, 117.151, 117.605, 0.454, 2000, 0,     9.101,
 108, 12, 108, 108, 108.967, 0.967, 9000, 0, 108.967, 111.241, 2.274, 483, 111.241, 112.144, 0.903, 14000, 0, 112.144, 114.461, 2.318, 1120, 114.461, 115.357, 0.896, 7000, 0, 115.357, 116.556, 1.198, 700, 116.556, 117.201, 0.645, 3000, 0, 117.201, 117.917, 0.715, 600, 117.917, 118.434, 0.518, 2000, 0,     8.950,
 109, 12, 109, 109, 109.915, 0.915, 9000, 0, 109.915, 112.168, 2.253, 473, 112.168, 113.063, 0.895, 14000, 0, 113.063, 115.15, 2.087, 1120, 115.15, 116.215, 1.065, 7000, 0, 116.215, 117.504, 1.289, 700, 117.504, 118.14, 0.636, 3000, 0, 118.14, 118.882, 0.742, 600, 118.882, 119.447, 0.565, 2000, 0,     8.967,
 110, 12, 110, 110, 111.001, 1.001, 10000, 0, 111.001, 113.269, 2.268, 517, 113.269, 114.253, 0.984, 15000, 0, 114.253, 116.483, 2.229, 1200, 116.483, 117.345, 0.862, 7000, 0, 117.345, 118.465, 1.12, 700, 118.465, 119.05, 0.585, 3000, 0, 119.05, 119.804, 0.755, 600, 119.804, 120.279, 0.474, 2000, 0,     8.804,
 111, 12, 111, 111, 112.002, 1.002, 10000, 0, 112.002, 114.336, 2.334, 507, 114.336, 115.253, 0.917, 15000, 0, 115.253, 117.26, 2.007, 1200, 117.26, 118.213, 0.953, 7000, 0, 118.213, 119.386, 1.173, 700, 119.386, 120.032, 0.646, 3000, 0, 120.032, 120.808, 0.777, 600, 120.808, 121.305, 0.496, 2000, 0,     8.806,
 112, 12, 112, 112, 112.894, 0.894, 9000, 0, 112.894, 115.331, 2.437, 498, 115.331, 116.232, 0.901, 14000, 0, 116.232, 118.348, 2.115, 1120, 118.348, 119.219, 0.872, 7000, 0, 119.219, 120.373, 1.153, 700, 120.373, 120.96, 0.587, 3000, 0, 120.96, 121.71, 0.75, 600, 121.71, 122.205, 0.495, 2000, 0,     8.816,
 113, 12, 113, 113, 114.054, 1.054, 10000, 0, 114.054, 116.446, 2.393, 545, 116.446, 117.46, 1.014, 16000, 0, 117.46, 119.617, 2.157, 1280, 119.617, 120.714, 1.097, 8000, 0, 120.714, 121.796, 1.082, 800, 121.796, 122.626, 0.83, 4000, 0, 122.626, 123.555, 0.929, 800, 123.555, 124.339, 0.784, 3000, 0,     9.501,
 114, 12, 114, 114, 115.174, 1.174, 11000, 0, 115.174, 117.578, 2.404, 577, 117.578, 118.636, 1.058, 17000, 0, 118.636, 120.889, 2.253, 1360, 120.889, 121.876, 0.987, 8000, 0, 121.876, 122.947, 1.071, 800, 122.947, 123.783, 0.836, 4000, 0, 123.783, 124.695, 0.913, 800, 124.695, 125.487, 0.792, 3000, 0,     9.521,
 115, 12, 115, 115, 116.198, 1.198, 10000, 0, 116.198, 118.671, 2.473, 515, 118.671, 119.631, 0.961, 15000, 0, 119.631, 121.588, 1.956, 1200, 121.588, 122.781, 1.194, 7000, 0, 122.781, 123.91, 1.129, 700, 123.91, 124.582, 0.672, 3000, 0, 124.582, 125.388, 0.806, 600, 125.388, 126.002, 0.614, 2000, 0,     9.190,
 116, 12, 116, 116, 117.093, 1.093, 9000, 0, 117.093, 119.705, 2.612, 496, 119.705, 120.599, 0.894, 14000, 0, 120.599, 122.731, 2.132, 1120, 122.731, 123.658, 0.927, 7000, 0, 123.658, 124.837, 1.179, 700, 124.837, 125.462, 0.626, 3000, 0, 125.462, 126.175, 0.713, 600, 126.175, 126.725, 0.55, 2000, 0,     9.083,
 117, 12, 117, 117, 118.152, 1.152, 11000, 0, 118.152, 120.889, 2.737, 576, 120.889, 121.958, 1.069, 17000, 0, 121.958, 124.208, 2.251, 1360, 124.208, 125.234, 1.026, 8000, 0, 125.234, 126.337, 1.102, 800, 126.337, 127.146, 0.81, 4000, 0, 127.146, 128.142, 0.996, 800, 128.142, 128.852, 0.709, 3000, 0,     9.991,
 118, 12, 118, 118, 118.955, 0.955, 8000, 0, 118.955, 121.794, 2.839, 420, 121.794, 122.676, 0.882, 12000, 0, 122.676, 124.31, 1.634, 960, 124.31, 126.042, 1.731, 6000, 0, 126.042, 127.133, 1.091, 600, 127.133, 127.737, 0.604, 3000, 0, 127.737, 128.907, 1.17, 600, 128.907, 129.397, 0.491, 2000, 0,     9.952,
 119, 12, 119, 119, 119.793, 0.793, 8000, 0, 119.793, 122.676, 2.883, 425, 122.676, 123.412, 0.737, 12000, 0, 123.412, 125.843, 2.431, 960, 125.843, 126.843, 1, 6000, 0, 126.843, 127.94, 1.097, 600, 127.94, 128.529, 0.588, 3000, 0, 128.529, 129.615, 1.087, 600, 129.615, 130.128, 0.513, 2000, 0,     9.822,
 120, 12, 120, 120, 120.774, 0.774, 8000, 0, 120.774, 123.494, 2.72, 425, 123.494, 124.221, 0.727, 12000, 0, 124.221, 125.92, 1.698, 960, 125.92, 127.606, 1.687, 6000, 0, 127.606, 128.781, 1.175, 600, 128.781, 129.369, 0.588, 3000, 0, 129.369, 130.36, 0.991, 600, 130.36, 130.83, 0.47, 2000, 0,     9.586,
 121, 12, 121, 121, 121.981, 0.981, 10000, 0, 121.981, 124.521, 2.54, 509, 124.521, 125.438, 0.916, 15000, 0, 125.438, 127.82, 2.382, 1200, 127.82, 128.667, 0.847, 7000, 0, 128.667, 129.685, 1.018, 700, 129.685, 130.266, 0.581, 3000, 0, 130.266, 131.088, 0.822, 600, 131.088, 131.614, 0.526, 2000, 0,     9.107,
 122, 12, 122, 122, 123.077, 1.077, 11000, 0, 123.077, 125.671, 2.594, 567, 125.671, 126.74, 1.07, 17000, 0, 126.74, 129.046, 2.306, 1360, 129.046, 130.026, 0.98, 8000, 0, 130.026, 131.071, 1.045, 800, 131.071, 131.869, 0.798, 4000, 0, 131.869, 132.899, 1.03, 800, 132.899, 133.671, 0.772, 3000, 0,     9.822,
 123, 12, 123, 123, 124.027, 1.027, 9000, 0, 124.027, 126.583, 2.556, 464, 126.583, 127.561, 0.978, 13000, 0, 127.561, 129.638, 2.078, 1040, 129.638, 130.759, 1.121, 6000, 0, 130.759, 131.852, 1.093, 600, 131.852, 132.505, 0.653, 3000, 0, 132.505, 133.658, 1.153, 600, 133.658, 134.139, 0.481, 2000, 0,     9.631,
 124, 12, 124, 124, 124.982, 0.982, 10000, 0, 124.982, 127.623, 2.641, 515, 127.623, 128.573, 0.95, 15000, 0, 128.573, 131.055, 2.482, 1200, 131.055, 131.9, 0.845, 7000, 0, 131.9, 132.783, 0.883, 700, 132.783, 133.39, 0.607, 3000, 0, 133.39, 134.375, 0.985, 600, 134.375, 134.871, 0.495, 2000, 0,     9.394,
 125, 12, 125, 125, 125.921, 0.921, 9000, 0, 125.921, 128.542, 2.62, 477, 128.542, 129.472, 0.931, 14000, 0, 129.472, 131.506, 2.033, 1120, 131.506, 132.783, 1.277, 7000, 0, 132.783, 133.706, 0.923, 700, 133.706, 134.308, 0.602, 3000, 0, 134.308, 135.13, 0.822, 600, 135.13, 135.683, 0.553, 2000, 0,     9.209,
 126, 12, 126, 126, 127.113, 1.113, 11000, 0, 127.113, 129.582, 2.469, 561, 129.582, 130.525, 0.942, 16000, 0, 130.525, 133.227, 2.703, 1280, 133.227, 134.237, 1.01, 8000, 0, 134.237, 135.38, 1.143, 800, 135.38, 136.196, 0.815, 4000, 0, 136.196, 137.152, 0.957, 800, 137.152, 137.956, 0.803, 3000, 0,    10.040,
 127, 12, 127, 127, 128.133, 1.133, 10000, 0, 128.133, 130.665, 2.532, 543, 130.665, 131.677, 1.012, 16000, 0, 131.677, 133.834, 2.157, 1280, 133.834, 135.281, 1.447, 8000, 0, 135.281, 136.443, 1.162, 800, 136.443, 137.29, 0.847, 4000, 0, 137.29, 138.354, 1.064, 800, 138.354, 139.044, 0.69, 3000, 0,    10.221,
 128, 12, 128, 128, 128.981, 0.981, 8000, 0, 128.981, 131.506, 2.525, 417, 131.506, 132.402, 0.896, 12000, 0, 132.402, 134.776, 2.374, 960, 134.776, 135.996, 1.22, 6000, 0, 135.996, 137.269, 1.273, 600, 137.269, 137.87, 0.601, 3000, 0, 137.87, 139.108, 1.238, 600, 139.108, 139.562, 0.453, 2000, 0,    10.127,
 129, 12, 129, 129, 129.861, 0.861, 8000, 0, 129.861, 132.289, 2.429, 402, 132.289, 133.165, 0.875, 12000, 0, 133.165, 135.359, 2.194, 960, 135.359, 136.71, 1.351, 6000, 0, 136.71, 138.102, 1.392, 600, 138.102, 138.721, 0.618, 3000, 0, 138.721, 139.809, 1.088, 600, 139.809, 140.362, 0.554, 2000, 0,     9.948,
 130, 12, 130, 130, 131.015, 1.015, 10000, 0, 131.015, 133.308, 2.293, 514, 133.308, 134.231, 0.923, 15000, 0, 134.231, 136.767, 2.536, 1200, 136.767, 137.634, 0.867, 7000, 0, 137.634, 139.052, 1.419, 700, 139.052, 139.704, 0.652, 3000, 0, 139.704, 140.514, 0.81, 600, 140.514, 141.043, 0.529, 2000, 0,     9.500,
 131, 12, 131, 131, 132.063, 1.063, 10000, 0, 132.063, 134.429, 2.366, 546, 134.429, 135.421, 0.992, 16000, 0, 135.421, 137.585, 2.164, 1280, 137.585, 138.599, 1.014, 8000, 0, 138.599, 140.125, 1.525, 800, 140.125, 140.963, 0.838, 4000, 0, 140.963, 141.898, 0.935, 800, 141.898, 142.646, 0.749, 3000, 0,     9.835,
 132, 12, 132, 132, 132.983, 0.983, 9000, 0, 132.983, 135.467, 2.484, 487, 135.467, 136.331, 0.864, 14000, 0, 136.331, 138.604, 2.273, 1120, 138.604, 139.506, 0.902, 7000, 0, 139.506, 141.031, 1.526, 700, 141.031, 141.647, 0.616, 3000, 0, 141.647, 142.646, 0.999, 600, 142.646, 143.126, 0.481, 2000, 0,     9.663,
 133, 12, 133, 133, 133.915, 0.915, 9000, 0, 133.915, 136.373, 2.458, 464, 136.373, 137.213, 0.841, 13000, 0, 137.213, 139.292, 2.079, 1040, 139.292, 140.291, 0.999, 6000, 0, 140.291, 141.829, 1.537, 600, 141.829, 142.404, 0.576, 3000, 0, 142.404, 143.349, 0.945, 600, 143.349, 143.861, 0.512, 2000, 0,     9.434,
 134, 12, 134, 134, 134.943, 0.943, 9000, 0, 134.943, 137.277, 2.334, 454, 137.277, 138.105, 0.828, 13000, 0, 138.105, 140.296, 2.191, 1040, 140.296, 141.104, 0.808, 6000, 0, 141.104, 142.584, 1.48, 600, 142.584, 143.246, 0.662, 3000, 0, 143.246, 144.088, 0.842, 600, 144.088, 144.603, 0.515, 2000, 0,     9.144,
 135, 12, 135, 135, 135.9, 0.9, 9000, 0, 135.9, 138.206, 2.305, 463, 138.206, 139.006, 0.8, 13000, 0, 139.006, 141.008, 2.002, 1040, 141.008, 141.864, 0.857, 6000, 0, 141.864, 143.455, 1.591, 600, 143.455, 144.066, 0.611, 3000, 0, 144.066, 144.799, 0.733, 600, 144.799, 145.332, 0.533, 2000, 0,     8.899,
 136, 12, 136, 136, 136.948, 0.948, 9000, 0, 136.948, 139.161, 2.213, 470, 139.161, 140.056, 0.895, 14000, 0, 140.056, 142.182, 2.126, 1120, 142.182, 143.059, 0.877, 7000, 0, 143.059, 144.4, 1.341, 700, 144.4, 145.038, 0.638, 3000, 0, 145.038, 145.741, 0.703, 600, 145.741, 146.262, 0.521, 2000, 0,     8.793,
 137, 12, 137, 137, 138.123, 1.123, 11000, 0, 138.123, 140.366, 2.243, 595, 140.366, 141.421, 1.054, 17000, 0, 141.421, 143.679, 2.259, 1360, 143.679, 144.693, 1.013, 8000, 0, 144.693, 145.812, 1.119, 800, 145.812, 146.634, 0.822, 4000, 0, 146.634, 147.584, 0.95, 800, 147.584, 148.361, 0.777, 3000, 0,     9.460,
 138, 12, 138, 138, 139.018, 1.018, 9000, 0, 139.018, 141.334, 2.316, 488, 141.334, 142.303, 0.969, 14000, 0, 142.303, 144.177, 1.874, 1120, 144.177, 145.535, 1.359, 7000, 0, 145.535, 146.784, 1.248, 700, 146.784, 147.362, 0.579, 3000, 0, 147.362, 148.267, 0.904, 600, 148.267, 148.88, 0.613, 2000, 0,     9.249,
 139, 12, 139, 139, 139.89, 0.89, 9000, 0, 139.89, 142.34, 2.449, 472, 142.34, 143.237, 0.898, 14000, 0, 143.237, 145.579, 2.342, 1120, 145.579, 146.466, 0.887, 7000, 0, 146.466, 147.741, 1.275, 700, 147.741, 148.35, 0.609, 3000, 0, 148.35, 149.038, 0.688, 600, 149.038, 149.524, 0.486, 2000, 0,     9.148,
 140, 12, 140, 140, 141.056, 1.056, 10000, 0, 141.056, 143.319, 2.264, 507, 143.319, 144.291, 0.972, 15000, 0, 144.291, 146.291, 2, 1200, 146.291, 147.361, 1.07, 7000, 0, 147.361, 148.674, 1.313, 700, 148.674, 149.272, 0.599, 3000, 0, 149.272, 149.964, 0.692, 600, 149.964, 150.505, 0.541, 2000, 0,     8.909,
 141, 12, 141, 141, 141.847, 0.847, 8000, 0, 141.847, 144.177, 2.33, 443, 144.177, 145.111, 0.934, 13000, 0, 145.111, 147.311, 2.2, 1040, 147.311, 148.142, 0.831, 6000, 0, 148.142, 149.476, 1.333, 600, 149.476, 150.103, 0.627, 3000, 0, 150.103, 150.808, 0.705, 600, 150.808, 151.299, 0.491, 2000, 0,     8.961,
 142, 12, 142, 142, 142.807, 0.807, 8000, 0, 142.807, 145.069, 2.262, 437, 145.069, 145.889, 0.82, 13000, 0, 145.889, 148.021, 2.132, 1040, 148.021, 148.921, 0.9, 6000, 0, 148.921, 150.245, 1.324, 600, 150.245, 150.909, 0.664, 3000, 0, 150.909, 151.684, 0.775, 600, 151.684, 152.226, 0.543, 2000, 0,     8.877,
 143, 12, 143, 143, 143.895, 0.895, 9000, 0, 143.895, 146, 2.104, 484, 146, 146.909, 0.909, 14000, 0, 146.909, 149.175, 2.267, 1120, 149.175, 150.03, 0.854, 7000, 0, 150.03, 151.155, 1.125, 700, 151.155, 151.743, 0.588, 3000, 0, 151.743, 152.418, 0.675, 600, 152.418, 152.964, 0.546, 2000, 0,     8.523,
 144, 12, 144, 144, 144.939, 0.939, 9000, 0, 144.939, 146.997, 2.058, 469, 146.997, 147.881, 0.883, 14000, 0, 147.881, 149.902, 2.021, 1120, 149.902, 150.926, 1.024, 7000, 0, 150.926, 152.114, 1.189, 700, 152.114, 152.714, 0.6, 3000, 0, 152.714, 153.443, 0.728, 600, 153.443, 153.951, 0.509, 2000, 0,     8.503,
 145, 12, 145, 145, 146, 1, 10000, 0, 146, 148.095, 2.095, 547, 148.095, 149.112, 1.016, 16000, 0, 149.112, 151.297, 2.185, 1280, 151.297, 152.354, 1.058, 8000, 0, 152.354, 153.416, 1.061, 800, 153.416, 154.218, 0.802, 4000, 0, 154.218, 155.206, 0.988, 800, 155.206, 156.013, 0.807, 3000, 0,     9.206,
 146, 12, 146, 146, 146.853, 0.853, 9000, 0, 146.853, 149.031, 2.177, 480, 149.031, 150.034, 1.003, 14000, 0, 150.034, 151.89, 1.856, 1120, 151.89, 153.218, 1.328, 7000, 0, 153.218, 154.327, 1.109, 700, 154.327, 154.914, 0.587, 3000, 0, 154.914, 155.935, 1.021, 600, 155.935, 156.516, 0.582, 2000, 0,     9.082,
 147, 12, 147, 147, 148.128, 1.128, 11000, 0, 148.128, 150.177, 2.049, 571, 150.177, 151.287, 1.11, 17000, 0, 151.287, 153.577, 2.291, 1360, 153.577, 154.6, 1.022, 8000, 0, 154.6, 155.645, 1.045, 800, 155.645, 156.493, 0.849, 4000, 0, 156.493, 157.439, 0.946, 800, 157.439, 158.13, 0.691, 3000, 0,     9.310,
 148, 12, 148, 148, 148.927, 0.927, 8000, 0, 148.927, 151.022, 2.094, 421, 151.022, 152.088, 1.067, 12000, 0, 152.088, 153.706, 1.618, 960, 153.706, 155.36, 1.654, 6000, 0, 155.36, 156.41, 1.05, 600, 156.41, 157.11, 0.7, 3000, 0, 157.11, 158.162, 1.052, 600, 158.162, 158.662, 0.5, 2000, 0,     9.235,
 149, 12, 149, 149, 149.902, 0.902, 9000, 0, 149.902, 151.957, 2.056, 460, 151.957, 152.89, 0.933, 13000, 0, 152.89, 155.316, 2.426, 1040, 155.316, 156.151, 0.835, 6000, 0, 156.151, 157.223, 1.072, 600, 157.223, 157.848, 0.625, 3000, 0, 157.848, 158.916, 1.068, 600, 158.916, 159.428, 0.511, 2000, 0,     9.015,
 150, 12, 150, 150, 150.994, 0.994, 10000, 0, 150.994, 153.014, 2.02, 547, 153.014, 153.983, 0.969, 16000, 0, 153.983, 156.116, 2.133, 1280, 156.116, 157.173, 1.058, 8000, 0, 157.173, 158.299, 1.126, 800, 158.299, 159.103, 0.804, 4000, 0, 159.103, 160.103, 1.001, 800, 160.103, 160.885, 0.781, 3000, 0,     9.110,
 151, 12, 151, 151, 152.017, 1.017, 10000, 0, 152.017, 154.079, 2.063, 533, 154.079, 155.086, 1.007, 16000, 0, 155.086, 157.475, 2.389, 1280, 157.475, 158.547, 1.071, 8000, 0, 158.547, 159.573, 1.027, 800, 159.573, 160.464, 0.89, 4000, 0, 160.464, 161.433, 0.97, 800, 161.433, 162.192, 0.759, 3000, 0,     9.417,
 152, 12, 152, 152, 153.124, 1.124, 11000, 0, 153.124, 155.248, 2.124, 569, 155.248, 156.363, 1.115, 17000, 0, 156.363, 158.644, 2.281, 1360, 158.644, 159.638, 0.994, 8000, 0, 159.638, 160.676, 1.038, 800, 160.676, 161.505, 0.829, 4000, 0, 161.505, 162.45, 0.945, 800, 162.45, 163.201, 0.75, 3000, 0,     9.327,
 153, 12, 153, 153, 154.223, 1.223, 11000, 0, 154.223, 156.396, 2.173, 551, 156.396, 157.408, 1.012, 16000, 0, 157.408, 159.581, 2.174, 1280, 159.581, 160.656, 1.075, 8000, 0, 160.656, 161.751, 1.095, 800, 161.751, 162.528, 0.776, 4000, 0, 162.528, 163.495, 0.968, 800, 163.495, 164.232, 0.737, 3000, 0,     9.273,
 154, 12, 154, 154, 155.132, 1.132, 9000, 0, 155.132, 157.362, 2.231, 471, 157.362, 158.238, 0.876, 14000, 0, 158.238, 160.501, 2.262, 1120, 160.501, 161.533, 1.032, 7000, 0, 161.533, 162.699, 1.166, 700, 162.699, 163.341, 0.642, 3000, 0, 163.341, 164.212, 0.872, 600, 164.212, 164.741, 0.529, 2000, 0,     9.081,
 155, 12, 155, 155, 156.08, 1.08, 9000, 0, 156.08, 158.268, 2.188, 461, 158.268, 159.1, 0.832, 13000, 0, 159.1, 161.361, 2.261, 1040, 161.361, 162.283, 0.922, 6000, 0, 162.283, 163.515, 1.232, 600, 163.515, 164.147, 0.631, 3000, 0, 164.147, 164.97, 0.823, 600, 164.97, 165.445, 0.475, 2000, 0,     8.890,
 156, 12, 156, 156, 157.169, 1.169, 11000, 0, 157.169, 159.403, 2.234, 562, 159.403, 160.446, 1.043, 16000, 0, 160.446, 162.656, 2.21, 1280, 162.656, 163.674, 1.018, 8000, 0, 163.674, 164.739, 1.065, 800, 164.739, 165.505, 0.766, 4000, 0, 165.505, 166.465, 0.96, 800, 166.465, 167.241, 0.777, 3000, 0,     9.296,
 157, 12, 157, 157, 158.268, 1.268, 11000, 0, 158.268, 160.521, 2.253, 593, 160.521, 161.583, 1.063, 17000, 0, 161.583, 163.806, 2.223, 1360, 163.806, 164.827, 1.021, 8000, 0, 164.827, 165.841, 1.014, 800, 165.841, 166.652, 0.811, 4000, 0, 166.652, 167.641, 0.989, 800, 167.641, 168.361, 0.721, 3000, 0,     9.373,
 158, 12, 158, 158, 159.413, 1.413, 11000, 0, 159.413, 161.625, 2.212, 564, 161.625, 162.656, 1.031, 16000, 0, 162.656, 164.754, 2.097, 1280, 164.754, 165.812, 1.058, 8000, 0, 165.812, 166.976, 1.164, 800, 166.976, 167.831, 0.856, 4000, 0, 167.831, 168.786, 0.955, 800, 168.786, 169.558, 0.772, 3000, 0,     9.374,
 159, 12, 159, 159, 160.428, 1.428, 10000, 0, 160.428, 162.656, 2.229, 512, 162.656, 163.58, 0.924, 15000, 0, 163.58, 165.825, 2.245, 1200, 165.825, 166.73, 0.905, 7000, 0, 166.73, 167.91, 1.18, 700, 167.91, 168.482, 0.572, 3000, 0, 168.482, 169.556, 1.074, 600, 169.556, 170.042, 0.485, 2000, 0,     9.129,
 160, 12, 160, 160, 161.443, 1.443, 10000, 0, 161.443, 163.719, 2.276, 534, 163.719, 164.735, 1.016, 16000, 0, 164.735, 166.914, 2.18, 1280, 166.914, 167.952, 1.038, 8000, 0, 167.952, 169.088, 1.136, 800, 169.088, 169.873, 0.784, 4000, 0, 169.873, 170.855, 0.982, 800, 170.855, 171.643, 0.788, 3000, 0,     9.412,
 161, 12, 161, 161, 162.439, 1.439, 10000, 0, 162.439, 164.774, 2.335, 509, 164.774, 165.687, 0.913, 15000, 0, 165.687, 167.876, 2.189, 1200, 167.876, 168.833, 0.958, 7000, 0, 168.833, 170.124, 1.291, 700, 170.124, 170.722, 0.598, 3000, 0, 170.722, 171.595, 0.873, 600, 171.595, 172.133, 0.539, 2000, 0,     9.156,
 162, 12, 162, 162, 163.218, 1.218, 8000, 0, 163.218, 165.587, 2.368, 422, 165.587, 166.425, 0.839, 12000, 0, 166.425, 168.518, 2.093, 960, 168.518, 169.641, 1.123, 6000, 0, 169.641, 170.958, 1.317, 600, 170.958, 171.613, 0.654, 3000, 0, 171.613, 172.342, 0.729, 600, 172.342, 172.822, 0.481, 2000, 0,     9.123,
 163, 12, 163, 163, 164.207, 1.207, 10000, 0, 164.207, 166.683, 2.476, 545, 166.683, 167.677, 0.995, 16000, 0, 167.677, 170.043, 2.366, 1280, 170.043, 171.036, 0.993, 8000, 0, 171.036, 172.073, 1.037, 800, 172.073, 172.84, 0.768, 4000, 0, 172.84, 173.829, 0.989, 800, 173.829, 174.548, 0.719, 3000, 0,     9.622,
 164, 12, 164, 164, 165.354, 1.354, 11000, 0, 165.354, 167.915, 2.561, 570, 167.915, 168.992, 1.076, 17000, 0, 168.992, 171.333, 2.341, 1360, 171.333, 172.358, 1.025, 8000, 0, 172.358, 173.435, 1.077, 800, 173.435, 174.222, 0.787, 4000, 0, 174.222, 175.214, 0.991, 800, 175.214, 175.989, 0.776, 3000, 0,     9.859,
 165, 12, 165, 165, 166.347, 1.347, 10000, 0, 166.347, 168.992, 2.645, 508, 168.992, 169.932, 0.94, 15000, 0, 169.932, 172.089, 2.157, 1200, 172.089, 173.245, 1.156, 7000, 0, 173.245, 174.37, 1.125, 700, 174.37, 174.952, 0.582, 3000, 0, 174.952, 175.908, 0.956, 600, 175.908, 176.471, 0.563, 2000, 0,     9.562,
 166, 12, 166, 166, 167.42, 1.42, 11000, 0, 167.42, 170.083, 2.662, 565, 170.083, 171.108, 1.025, 16000, 0, 171.108, 173.446, 2.338, 1280, 173.446, 174.446, 1, 8000, 0, 174.446, 175.519, 1.072, 800, 175.519, 176.324, 0.805, 4000, 0, 176.324, 177.339, 1.016, 800, 177.339, 178.146, 0.807, 3000, 0,     9.919,
 167, 12, 167, 167, 168.359, 1.359, 9000, 0, 168.359, 170.973, 2.613, 456, 170.973, 171.891, 0.918, 13000, 0, 171.891, 173.806, 1.915, 1040, 173.806, 175.217, 1.412, 6000, 0, 175.217, 176.345, 1.127, 600, 176.345, 176.941, 0.597, 3000, 0, 176.941, 178.078, 1.137, 600, 178.078, 178.633, 0.555, 2000, 0,     9.719,
 168, 12, 168, 168, 169.289, 1.289, 9000, 0, 169.289, 171.973, 2.683, 487, 171.973, 172.852, 0.88, 14000, 0, 172.852, 175.346, 2.493, 1120, 175.346, 176.238, 0.892, 7000, 0, 176.238, 177.31, 1.072, 700, 177.31, 177.951, 0.641, 3000, 0, 177.951, 178.878, 0.928, 600, 178.878, 179.388, 0.51, 2000, 0,     9.589,
 169, 12, 169, 169, 170.083, 1.083, 8000, 0, 170.083, 172.852, 2.77, 428, 172.852, 173.615, 0.763, 12000, 0, 173.615, 175.438, 1.823, 960, 175.438, 176.992, 1.554, 6000, 0, 176.992, 178.181, 1.189, 600, 178.181, 178.775, 0.594, 3000, 0, 178.775, 179.66, 0.885, 600, 179.66, 180.184, 0.524, 2000, 0,     9.578,
 171, 12, 171, 171, 171.863, 0.863, 8000, 0, 171.863, 174.723, 2.86, 418, 174.723, 175.602, 0.879, 12000, 0, 175.602, 177.197, 1.595, 960, 177.197, 177.989, 0.791, 6000, 0, 177.989, 178.989, 1, 600, 178.989, 179.579, 0.59, 3000, 0, 179.579, 180.433, 0.854, 600, 180.433, 180.925, 0.492, 2000, 0,     8.570,
 170, 12, 170, 170, 171.065, 1.065, 10000, 0, 171.065, 173.887, 2.822, 509, 173.887, 174.846, 0.959, 15000, 0, 174.846, 177.355, 2.509, 1200, 177.355, 178.853, 1.497, 7000, 0, 178.853, 179.952, 1.099, 700, 179.952, 180.517, 0.565, 3000, 0, 180.517, 181.262, 0.745, 600, 181.262, 181.771, 0.509, 2000, 0,    10.197,
 172, 12, 172, 172, 173.009, 1.009, 10000, 0, 173.009, 175.749, 2.739, 504, 175.749, 176.705, 0.956, 15000, 0, 176.705, 179.176, 2.471, 1200, 179.176, 180.072, 0.896, 7000, 0, 180.072, 180.969, 0.897, 700, 180.969, 181.563, 0.594, 3000, 0, 181.563, 182.265, 0.703, 600, 182.265, 182.749, 0.484, 2000, 0,     9.256,
 173, 12, 173, 173, 173.954, 0.954, 9000, 0, 173.954, 176.694, 2.741, 457, 176.694, 177.527, 0.833, 13000, 0, 177.527, 179.247, 1.72, 1040, 179.247, 180.805, 1.558, 6000, 0, 180.805, 181.794, 0.989, 600, 181.794, 182.401, 0.607, 3000, 0, 182.401, 183.131, 0.73, 600, 183.131, 183.671, 0.541, 2000, 0,     9.177,
 175, 12, 175, 175, 175.806, 0.806, 8000, 0, 175.806, 178.604, 2.797, 436, 178.604, 179.581, 0.977, 13000, 0, 179.581, 181.342, 1.761, 1040, 181.342, 182.097, 0.755, 6000, 0, 182.097, 182.946, 0.849, 600, 182.946, 183.557, 0.611, 3000, 0, 183.557, 184.271, 0.714, 600, 184.271, 184.806, 0.535, 2000, 0,     8.465,
 174, 12, 174, 174, 175.016, 1.016, 10000, 0, 175.016, 177.745, 2.73, 545, 177.745, 178.741, 0.995, 16000, 0, 178.741, 181.362, 2.622, 1280, 181.362, 183.131, 1.768, 8000, 0, 183.131, 184.186, 1.055, 800, 184.186, 185.003, 0.817, 4000, 0, 185.003, 185.972, 0.969, 800, 185.972, 186.716, 0.744, 3000, 0,    10.957,
 177, 12, 177, 177, 177.949, 0.949, 9000, 0, 177.949, 180.686, 2.737, 476, 180.686, 181.731, 1.045, 14000, 0, 181.731, 183.615, 1.884, 1120, 183.615, 184.522, 0.907, 7000, 0, 184.522, 185.44, 0.917, 700, 185.44, 186.083, 0.644, 3000, 0, 186.083, 186.798, 0.715, 600, 186.798, 187.288, 0.49, 2000, 0,     8.849,
 176, 12, 176, 176, 177.063, 1.063, 11000, 0, 177.063, 179.746, 2.683, 571, 179.746, 180.827, 1.081, 17000, 0, 180.827, 183.635, 2.808, 1360, 183.635, 185.544, 1.909, 8000, 0, 185.544, 186.618, 1.074, 800, 186.618, 187.463, 0.846, 4000, 0, 187.463, 188.46, 0.997, 800, 188.46, 189.291, 0.832, 3000, 0,    11.397,
 179, 12, 179, 179, 179.936, 0.936, 9000, 0, 179.936, 182.674, 2.738, 451, 182.674, 183.595, 0.922, 13000, 0, 183.595, 185.498, 1.903, 1040, 185.498, 186.293, 0.795, 6000, 0, 186.293, 187.431, 1.138, 600, 187.431, 188.063, 0.632, 3000, 0, 188.063, 189.165, 1.103, 600, 189.165, 189.804, 0.638, 2000, 0,     9.229,
 178, 12, 178, 178, 179.017, 1.017, 10000, 0, 179.017, 181.78, 2.763, 543, 181.78, 182.809, 1.029, 16000, 0, 182.809, 185.901, 3.092, 1280, 185.901, 187.33, 1.43, 8000, 0, 187.33, 188.518, 1.187, 800, 188.518, 189.33, 0.812, 4000, 0, 189.33, 190.287, 0.957, 800, 190.287, 191.012, 0.725, 3000, 0,    11.269,
 180, 12, 180, 180, 181.087, 1.087, 11000, 0, 181.087, 183.942, 2.854, 594, 183.942, 184.962, 1.02, 17000, 0, 184.962, 187.761, 2.799, 1360, 187.761, 188.779, 1.018, 8000, 0, 188.779, 189.863, 1.083, 800, 189.863, 190.593, 0.73, 4000, 0, 190.593, 191.599, 1.007, 800, 191.599, 192.34, 0.74, 3000, 0,    10.512,
 181, 12, 181, 181, 182.232, 1.232, 11000, 0, 182.232, 185.094, 2.862, 580, 185.094, 186.154, 1.061, 17000, 0, 186.154, 188.408, 2.254, 1360, 188.408, 189.802, 1.394, 8000, 0, 189.802, 190.939, 1.138, 800, 190.939, 191.711, 0.772, 4000, 0, 191.711, 192.702, 0.991, 800, 192.702, 193.463, 0.761, 3000, 0,    10.470,
 182, 12, 182, 182, 183.049, 1.049, 8000, 0, 183.049, 185.937, 2.889, 423, 185.937, 186.898, 0.961, 12000, 0, 186.898, 189.394, 2.496, 960, 189.394, 190.52, 1.125, 6000, 0, 190.52, 191.746, 1.227, 600, 191.746, 192.376, 0.629, 3000, 0, 192.376, 193.445, 1.069, 600, 193.445, 193.97, 0.525, 2000, 0,    10.396,
 183, 12, 183, 183, 184.128, 1.128, 10000, 0, 184.128, 186.933, 2.805, 506, 186.933, 187.876, 0.943, 15000, 0, 187.876, 190.406, 2.529, 1200, 190.406, 191.457, 1.051, 7000, 0, 191.457, 192.621, 1.164, 700, 192.621, 193.224, 0.603, 3000, 0, 193.224, 194.157, 0.933, 600, 194.157, 194.667, 0.51, 2000, 0,    10.029,
 184, 12, 184, 184, 184.911, 0.911, 8000, 0, 184.911, 187.857, 2.946, 445, 187.857, 188.676, 0.819, 13000, 0, 188.676, 191.116, 2.44, 1040, 191.116, 192.224, 1.107, 6000, 0, 192.224, 193.445, 1.221, 600, 193.445, 194.073, 0.628, 3000, 0, 194.073, 194.88, 0.808, 600, 194.88, 195.447, 0.566, 2000, 0,     9.969,
 185, 12, 185, 185, 185.891, 0.891, 9000, 0, 185.891, 188.858, 2.967, 488, 188.858, 189.711, 0.853, 14000, 0, 189.711, 192.273, 2.562, 1120, 192.273, 193.201, 0.929, 7000, 0, 193.201, 194.429, 1.227, 700, 194.429, 195.04, 0.611, 3000, 0, 195.04, 195.738, 0.698, 600, 195.738, 196.242, 0.503, 2000, 0,     9.848,
 186, 12, 186, 186, 186.979, 0.979, 9000, 0, 186.979, 189.771, 2.792, 458, 189.771, 190.617, 0.847, 13000, 0, 190.617, 192.854, 2.236, 1040, 192.854, 193.992, 1.138, 6000, 0, 193.992, 195.235, 1.243, 600, 195.235, 195.864, 0.629, 3000, 0, 195.864, 196.612, 0.749, 600, 196.612, 197.084, 0.472, 2000, 0,     9.634,
 187, 12, 187, 187, 187.783, 0.783, 8000, 0, 187.783, 190.607, 2.824, 419, 190.607, 191.369, 0.762, 12000, 0, 191.369, 193.885, 2.516, 960, 193.885, 194.747, 0.863, 6000, 0, 194.747, 196.053, 1.306, 600, 196.053, 196.617, 0.564, 3000, 0, 196.617, 197.328, 0.711, 600, 197.328, 197.826, 0.498, 2000, 0,     9.545,
 188, 12, 188, 188, 188.833, 0.833, 8000, 0, 188.833, 191.486, 2.653, 444, 191.486, 192.308, 0.823, 13000, 0, 192.308, 194.613, 2.305, 1040, 194.613, 195.487, 0.874, 6000, 0, 195.487, 196.863, 1.376, 600, 196.863, 197.487, 0.624, 3000, 0, 197.487, 198.257, 0.769, 600, 198.257, 198.746, 0.49, 2000, 0,     9.424,
 189, 12, 189, 189, 189.944, 0.944, 9000, 0, 189.944, 192.447, 2.503, 456, 192.447, 193.269, 0.822, 13000, 0, 193.269, 195.633, 2.364, 1040, 195.633, 196.398, 0.765, 6000, 0, 196.398, 197.704, 1.306, 600, 197.704, 198.309, 0.605, 3000, 0, 198.309, 199.067, 0.758, 600, 199.067, 199.604, 0.536, 2000, 0,     9.123,
 190, 12, 190, 190, 191.164, 1.164, 11000, 0, 191.164, 193.685, 2.521, 597, 193.685, 194.762, 1.077, 17000, 0, 194.762, 197.092, 2.33, 1360, 197.092, 198.098, 1.005, 8000, 0, 198.098, 199.209, 1.112, 800, 199.209, 199.987, 0.778, 4000, 0, 199.987, 200.948, 0.961, 800, 200.948, 201.707, 0.759, 3000, 0,     9.784,
 191, 12, 191, 191, 192.274, 1.274, 11000, 0, 192.274, 194.939, 2.665, 597, 194.939, 196.022, 1.083, 17000, 0, 196.022, 198.278, 2.255, 1360, 198.278, 199.28, 1.002, 8000, 0, 199.28, 200.318, 1.038, 800, 200.318, 201.098, 0.78, 4000, 0, 201.098, 202.106, 1.008, 800, 202.106, 202.842, 0.736, 3000, 0,     9.832,
 192, 12, 192, 192, 193.177, 1.177, 9000, 0, 193.177, 195.891, 2.714, 475, 195.891, 196.917, 1.026, 14000, 0, 196.917, 198.932, 2.015, 1120, 198.932, 200.209, 1.277, 7000, 0, 200.209, 201.217, 1.008, 700, 201.217, 201.793, 0.576, 3000, 0, 201.793, 202.819, 1.026, 600, 202.819, 203.333, 0.514, 2000, 0,     9.642,
 193, 12, 193, 193, 194.192, 1.192, 10000, 0, 194.192, 196.866, 2.674, 511, 196.866, 197.848, 0.982, 15000, 0, 197.848, 200.281, 2.432, 1200, 200.281, 201.217, 0.936, 7000, 0, 201.217, 202.195, 0.979, 700, 202.195, 202.789, 0.594, 3000, 0, 202.789, 203.547, 0.758, 600, 203.547, 204.075, 0.527, 2000, 0,     9.355,
 194, 12, 194, 194, 195.322, 1.322, 11000, 0, 195.322, 197.99, 2.667, 555, 197.99, 198.974, 0.985, 16000, 0, 198.974, 201.096, 2.121, 1280, 201.096, 202.195, 1.1, 8000, 0, 202.195, 203.254, 1.058, 800, 203.254, 204.021, 0.768, 4000, 0, 204.021, 204.971, 0.95, 800, 204.971, 205.725, 0.754, 3000, 0,     9.649,
 195, 12, 195, 195, 196.314, 1.314, 10000, 0, 196.314, 199.043, 2.73, 514, 199.043, 200.024, 0.981, 15000, 0, 200.024, 202.286, 2.262, 1200, 202.286, 203.135, 0.849, 7000, 0, 203.135, 204.219, 1.084, 700, 204.219, 204.845, 0.626, 3000, 0, 204.845, 205.68, 0.835, 600, 205.68, 206.237, 0.557, 2000, 0,     9.366,
 196, 12, 196, 196, 197.413, 1.413, 11000, 0, 197.413, 200.165, 2.752, 574, 200.165, 201.283, 1.118, 17000, 0, 201.283, 203.572, 2.289, 1360, 203.572, 204.618, 1.045, 8000, 0, 204.618, 205.754, 1.137, 800, 205.754, 206.561, 0.807, 4000, 0, 206.561, 207.567, 1.006, 800, 207.567, 208.332, 0.765, 3000, 0,    10.154,
 197, 12, 197, 197, 198.344, 1.344, 9000, 0, 198.344, 201.142, 2.798, 473, 201.142, 202.16, 1.017, 14000, 0, 202.16, 204.163, 2.004, 1120, 204.163, 205.464, 1.301, 7000, 0, 205.464, 206.713, 1.249, 700, 206.713, 207.288, 0.575, 3000, 0, 207.288, 208.318, 1.03, 600, 208.318, 208.813, 0.495, 2000, 0,     9.974,
 198, 12, 198, 198, 199.123, 1.123, 8000, 0, 199.123, 202.046, 2.923, 430, 202.046, 202.902, 0.856, 12000, 0, 202.902, 205.152, 2.25, 960, 205.152, 206.194, 1.042, 6000, 0, 206.194, 207.587, 1.394, 600, 207.587, 208.238, 0.651, 3000, 0, 208.238, 209.048, 0.809, 600, 209.048, 209.546, 0.498, 2000, 0,     9.925,
 199, 12, 199, 199, 199.928, 0.928, 8000, 0, 199.928, 202.923, 2.995, 440, 202.923, 203.725, 0.802, 13000, 0, 203.725, 205.885, 2.159, 1040, 205.885, 206.977, 1.093, 6000, 0, 206.977, 208.421, 1.444, 600, 208.421, 208.998, 0.577, 3000, 0, 208.998, 209.776, 0.778, 600, 209.776, 210.265, 0.489, 2000, 0,     9.848,
 200, 12, 201, 201, 201.827, 0.827, 8000, 0, 201.827, 203.768, 1.94, 424, 203.768, 204.503, 0.735, 12000, 0, 204.503, 206.762, 2.26, 960, 206.762, 207.76, 0.998, 6000, 0, 207.76, 209.237, 1.477, 600, 209.237, 209.827, 0.589, 3000, 0, 209.827, 210.585, 0.758, 600, 210.585, 211.1, 0.515, 2000, 0,     8.757,
 201, 12, 202, 202, 203.071, 1.071, 11000, 0, 203.071, 204.951, 1.881, 571, 204.951, 206.03, 1.079, 17000, 0, 206.03, 208.293, 2.263, 1360, 208.293, 209.335, 1.042, 8000, 0, 209.335, 210.411, 1.076, 800, 210.411, 211.198, 0.787, 4000, 0, 211.198, 212.224, 1.026, 800, 212.224, 212.966, 0.742, 3000, 0,     9.154,
 202, 12, 203, 203, 203.952, 0.952, 9000, 0, 203.952, 205.946, 1.994, 459, 205.946, 206.85, 0.904, 13000, 0, 206.85, 208.563, 1.713, 1040, 208.563, 210.127, 1.564, 6000, 0, 210.127, 211.224, 1.096, 600, 211.224, 211.804, 0.58, 3000, 0, 211.804, 212.911, 1.107, 600, 212.911, 213.481, 0.571, 2000, 0,     8.959,
 203, 12, 204, 204, 204.921, 0.921, 9000, 0, 204.921, 206.85, 1.929, 450, 206.85, 207.661, 0.811, 13000, 0, 207.661, 210.015, 2.354, 1040, 210.015, 210.895, 0.88, 6000, 0, 210.895, 212.053, 1.158, 600, 212.053, 212.642, 0.588, 3000, 0, 212.642, 213.62, 0.978, 600, 213.62, 214.102, 0.482, 2000, 0,     8.699,
 204, 12, 205, 205, 205.835, 0.835, 8000, 0, 205.835, 207.736, 1.901, 437, 207.736, 208.597, 0.861, 13000, 0, 208.597, 210.313, 1.716, 1040, 210.313, 211.694, 1.382, 6000, 0, 211.694, 212.876, 1.182, 600, 212.876, 213.45, 0.573, 3000, 0, 213.45, 214.359, 0.909, 600, 214.359, 214.859, 0.5, 2000, 0,     8.524,
 205, 12, 206, 206, 206.865, 0.865, 9000, 0, 206.865, 208.695, 1.83, 484, 208.695, 209.574, 0.879, 14000, 0, 209.574, 211.9, 2.326, 1120, 211.9, 212.789, 0.889, 7000, 0, 212.789, 213.802, 1.014, 700, 213.802, 214.421, 0.619, 3000, 0, 214.421, 215.163, 0.742, 600, 215.163, 215.691, 0.528, 2000, 0,     8.298,
 206, 12, 207, 207, 207.766, 0.766, 8000, 0, 207.766, 209.548, 1.781, 427, 209.548, 210.364, 0.816, 12000, 0, 210.364, 211.964, 1.6, 960, 211.964, 213.539, 1.575, 6000, 0, 213.539, 214.636, 1.097, 600, 214.636, 215.292, 0.657, 3000, 0, 215.292, 215.981, 0.688, 600, 215.981, 216.493, 0.512, 2000, 0,     8.214,
 207, 12, 208, 208, 208.896, 0.896, 9000, 0, 208.896, 210.583, 1.686, 499, 210.583, 211.424, 0.841, 14000, 0, 211.424, 213.714, 2.29, 1120, 213.714, 214.573, 0.859, 7000, 0, 214.573, 215.538, 0.965, 700, 215.538, 216.141, 0.603, 3000, 0, 216.141, 216.881, 0.74, 600, 216.881, 217.36, 0.479, 2000, 0,     7.985,
 208, 12, 209, 209, 210.165, 1.165, 11000, 0, 210.165, 211.808, 1.643, 594, 211.808, 212.893, 1.085, 17000, 0, 212.893, 215.154, 2.261, 1360, 215.154, 216.176, 1.022, 8000, 0, 216.176, 217.242, 1.066, 800, 217.242, 218.013, 0.771, 4000, 0, 218.013, 218.982, 0.969, 800, 218.982, 219.707, 0.725, 3000, 0,     8.817,
 209, 12, 210, 210, 211.195, 1.195, 10000, 0, 211.195, 212.893, 1.698, 515, 212.893, 213.859, 0.966, 15000, 0, 213.859, 215.887, 2.028, 1200, 215.887, 217.05, 1.163, 7000, 0, 217.05, 218.216, 1.166, 700, 218.216, 218.796, 0.58, 3000, 0, 218.796, 219.695, 0.9, 600, 219.695, 220.215, 0.52, 2000, 0,     8.501,
 210, 12, 211, 211, 212.212, 1.212, 10000, 0, 212.212, 213.964, 1.751, 521, 213.964, 214.924, 0.96, 15000, 0, 214.924, 217.228, 2.305, 1200, 217.228, 218.123, 0.895, 7000, 0, 218.123, 219.188, 1.064, 700, 219.188, 219.76, 0.573, 3000, 0, 219.76, 220.548, 0.787, 600, 220.548, 221.103, 0.556, 2000, 0,     8.335,
 211, 12, 212, 212, 213.236, 1.236, 10000, 0, 213.236, 215.114, 1.879, 538, 215.114, 216.101, 0.987, 16000, 0, 216.101, 218.299, 2.197, 1280, 218.299, 219.315, 1.016, 8000, 0, 219.315, 220.371, 1.056, 800, 220.371, 221.178, 0.807, 4000, 0, 221.178, 222.132, 0.953, 800, 222.132, 222.91, 0.778, 3000, 0,     8.896,
 212, 12, 213, 213, 214.33, 1.33, 11000, 0, 214.33, 216.247, 1.917, 561, 216.247, 217.267, 1.02, 16000, 0, 217.267, 219.448, 2.181, 1280, 219.448, 220.45, 1.002, 8000, 0, 220.45, 221.534, 1.084, 800, 221.534, 222.326, 0.792, 4000, 0, 222.326, 223.31, 0.984, 800, 223.31, 224.085, 0.775, 3000, 0,     8.980,
 213, 12, 214, 214, 215.4, 1.4, 11000, 0, 215.4, 217.423, 2.023, 599, 217.423, 218.494, 1.07, 17000, 0, 218.494, 220.787, 2.294, 1360, 220.787, 221.838, 1.051, 8000, 0, 221.838, 222.865, 1.027, 800, 222.865, 223.629, 0.765, 4000, 0, 223.629, 224.617, 0.988, 800, 224.617, 225.329, 0.712, 3000, 0,     9.217,
 214, 12, 215, 215, 216.536, 1.536, 11000, 0, 216.536, 218.626, 2.09, 576, 218.626, 219.675, 1.049, 17000, 0, 219.675, 221.94, 2.265, 1360, 221.94, 222.924, 0.984, 8000, 0, 222.924, 224.061, 1.137, 800, 224.061, 224.848, 0.788, 4000, 0, 224.848, 225.828, 0.98, 800, 225.828, 226.593, 0.766, 3000, 0,     9.292,
 215, 12, 216, 216, 217.463, 1.463, 9000, 0, 217.463, 219.583, 2.12, 474, 219.583, 220.611, 1.028, 14000, 0, 220.611, 222.634, 2.022, 1120, 222.634, 223.822, 1.189, 7000, 0, 223.822, 224.983, 1.161, 700, 224.983, 225.572, 0.589, 3000, 0, 225.572, 226.555, 0.983, 600, 226.555, 227.079, 0.525, 2000, 0,     9.091,
 216, 12, 217, 217, 218.473, 1.473, 10000, 0, 218.473, 220.549, 2.075, 501, 220.549, 221.539, 0.99, 15000, 0, 221.539, 223.898, 2.359, 1200, 223.898, 224.774, 0.876, 7000, 0, 224.774, 225.949, 1.175, 700, 225.949, 226.573, 0.625, 3000, 0, 226.573, 227.309, 0.736, 600, 227.309, 227.789, 0.48, 2000, 0,     8.836,
 217, 12, 218, 218, 219.477, 1.477, 10000, 0, 219.477, 221.601, 2.124, 506, 221.601, 222.508, 0.906, 15000, 0, 222.508, 224.633, 2.125, 1200, 224.633, 225.672, 1.039, 7000, 0, 225.672, 226.934, 1.262, 700, 226.934, 227.504, 0.571, 3000, 0, 227.504, 228.277, 0.772, 600, 228.277, 228.757, 0.48, 2000, 0,     8.799,
 218, 12, 219, 219, 220.573, 1.573, 11000, 0, 220.573, 222.826, 2.252, 585, 222.826, 223.898, 1.072, 17000, 0, 223.898, 226.211, 2.313, 1360, 226.211, 227.191, 0.98, 8000, 0, 227.191, 228.317, 1.126, 800, 228.317, 229.13, 0.813, 4000, 0, 229.13, 230.112, 0.982, 800, 230.112, 230.818, 0.706, 3000, 0,     9.539,
 219, 12, 220, 220, 221.398, 1.398, 8000, 0, 221.398, 223.686, 2.288, 408, 223.686, 224.65, 0.964, 12000, 0, 224.65, 226.29, 1.64, 960, 226.29, 227.94, 1.651, 6000, 0, 227.94, 229.095, 1.155, 600, 229.095, 229.806, 0.711, 3000, 0, 229.806, 230.765, 0.959, 600, 230.765, 231.343, 0.578, 2000, 0,     9.367,
 220, 12, 221, 221, 222.33, 1.33, 9000, 0, 222.33, 224.698, 2.368, 490, 224.698, 225.576, 0.878, 14000, 0, 225.576, 228.102, 2.526, 1120, 228.102, 229.017, 0.915, 7000, 0, 229.017, 229.992, 0.975, 700, 229.992, 230.57, 0.577, 3000, 0, 230.57, 231.483, 0.913, 600, 231.483, 231.999, 0.516, 2000, 0,     9.153,
 221, 12, 222, 222, 223.469, 1.469, 11000, 0, 223.469, 225.828, 2.359, 586, 225.828, 226.886, 1.057, 17000, 0, 226.886, 229.164, 2.278, 1360, 229.164, 230.214, 1.05, 8000, 0, 230.214, 231.247, 1.033, 800, 231.247, 232.042, 0.795, 4000, 0, 232.042, 233.032, 0.99, 800, 233.032, 233.778, 0.747, 3000, 0,     9.563,
 222, 12, 223, 223, 224.642, 1.642, 11000, 0, 224.642, 227.069, 2.427, 586, 227.069, 228.144, 1.075, 17000, 0, 228.144, 230.434, 2.29, 1360, 230.434, 231.467, 1.032, 8000, 0, 231.467, 232.573, 1.106, 800, 232.573, 233.402, 0.829, 4000, 0, 233.402, 234.358, 0.957, 800, 234.358, 235.164, 0.805, 3000, 0,     9.716,
 223, 12, 224, 224, 225.768, 1.768, 11000, 0, 225.768, 228.234, 2.466, 585, 228.234, 229.344, 1.11, 17000, 0, 229.344, 231.587, 2.243, 1360, 231.587, 232.617, 1.03, 8000, 0, 232.617, 233.689, 1.072, 800, 233.689, 234.51, 0.821, 4000, 0, 234.51, 235.424, 0.914, 800, 235.424, 236.176, 0.752, 3000, 0,     9.656,
 224, 12, 225, 225, 226.716, 1.716, 9000, 0, 226.716, 229.219, 2.502, 498, 229.219, 230.249, 1.031, 14000, 0, 230.249, 232.253, 2.003, 1120, 232.253, 233.526, 1.273, 7000, 0, 233.526, 234.61, 1.084, 700, 234.61, 235.25, 0.64, 3000, 0, 235.25, 236.137, 0.887, 600, 236.137, 236.669, 0.532, 2000, 0,     9.421,
 225, 12, 226, 226, 227.793, 1.793, 11000, 0, 227.793, 230.394, 2.602, 586, 230.394, 231.49, 1.095, 17000, 0, 231.49, 233.792, 2.302, 1360, 233.792, 234.74, 0.949, 8000, 0, 234.74, 235.801, 1.06, 800, 235.801, 236.657, 0.857, 4000, 0, 236.657, 237.593, 0.936, 800, 237.593, 238.338, 0.745, 3000, 0,     9.800,
 226, 12, 227, 227, 228.573, 1.573, 8000, 0, 228.573, 231.238, 2.665, 407, 231.238, 232.289, 1.051, 12000, 0, 232.289, 233.864, 1.575, 960, 233.864, 235.552, 1.688, 6000, 0, 235.552, 236.634, 1.082, 600, 236.634, 237.291, 0.657, 3000, 0, 237.291, 238.331, 1.04, 600, 238.331, 238.827, 0.496, 2000, 0,     9.758,
 227, 12, 228, 228, 229.673, 1.673, 11000, 0, 229.673, 232.455, 2.781, 596, 232.455, 233.539, 1.084, 17000, 0, 233.539, 236.104, 2.565, 1360, 236.104, 237.088, 0.984, 8000, 0, 237.088, 238.177, 1.089, 800, 238.177, 238.998, 0.821, 4000, 0, 238.998, 240.035, 1.036, 800, 240.035, 240.768, 0.733, 3000, 0,    10.361,
 228, 12, 229, 229, 230.786, 1.786, 11000, 0, 230.786, 233.59, 2.804, 568, 233.59, 234.641, 1.052, 17000, 0, 234.641, 236.878, 2.237, 1360, 236.878, 238.128, 1.25, 8000, 0, 238.128, 239.269, 1.141, 800, 239.269, 240.089, 0.82, 4000, 0, 240.089, 241.038, 0.949, 800, 241.038, 241.809, 0.771, 3000, 0,    10.252,
 229, 12, 230, 230, 231.587, 1.587, 8000, 0, 231.587, 234.431, 2.844, 413, 234.431, 235.425, 0.995, 12000, 0, 235.425, 237.686, 2.261, 960, 237.686, 238.963, 1.277, 6000, 0, 238.963, 240.087, 1.124, 600, 240.087, 240.726, 0.639, 3000, 0, 240.726, 241.759, 1.033, 600, 241.759, 242.302, 0.542, 2000, 0,    10.173,
 230, 12, 231, 231, 232.701, 1.701, 11000, 0, 232.701, 235.54, 2.839, 551, 235.54, 236.554, 1.013, 16000, 0, 236.554, 239.072, 2.518, 1280, 239.072, 240.109, 1.037, 8000, 0, 240.109, 241.186, 1.077, 800, 241.186, 242.002, 0.816, 4000, 0, 242.002, 243, 0.998, 800, 243, 243.743, 0.743, 3000, 0,    10.299,
 231, 12, 232, 232, 233.712, 1.712, 10000, 0, 233.712, 236.574, 2.861, 540, 236.574, 237.606, 1.033, 16000, 0, 237.606, 239.825, 2.218, 1280, 239.825, 241.146, 1.322, 8000, 0, 241.146, 242.288, 1.142, 800, 242.288, 243.125, 0.837, 4000, 0, 243.125, 244.091, 0.966, 800, 244.091, 244.839, 0.748, 3000, 0,    10.379,
 232, 12, 233, 233, 234.822, 1.822, 11000, 0, 234.822, 237.706, 2.884, 550, 237.706, 238.7, 0.993, 16000, 0, 238.7, 241.171, 2.471, 1280, 241.171, 242.163, 0.992, 8000, 0, 242.163, 243.342, 1.179, 800, 243.342, 244.153, 0.811, 4000, 0, 244.153, 245.158, 1.005, 800, 245.158, 245.895, 0.737, 3000, 0,    10.336,
 233, 12, 234, 234, 235.613, 1.613, 8000, 0, 235.613, 238.565, 2.952, 443, 238.565, 239.51, 0.945, 13000, 0, 239.51, 241.548, 2.038, 1040, 241.548, 242.883, 1.335, 6000, 0, 242.883, 244.136, 1.253, 600, 244.136, 244.765, 0.629, 3000, 0, 244.765, 245.869, 1.104, 600, 245.869, 246.456, 0.587, 2000, 0,    10.256,
 234, 12, 235, 235, 236.388, 1.388, 8000, 0, 236.388, 239.404, 3.016, 438, 239.404, 240.303, 0.899, 13000, 0, 240.303, 242.944, 2.641, 1040, 242.944, 243.714, 0.77, 6000, 0, 243.714, 244.968, 1.254, 600, 244.968, 245.581, 0.613, 3000, 0, 245.581, 246.58, 0.999, 600, 246.58, 247.069, 0.489, 2000, 0,    10.192,
 235, 12, 236, 236, 237.288, 1.288, 9000, 0, 237.288, 240.405, 3.117, 486, 240.405, 241.28, 0.875, 14000, 0, 241.28, 243.437, 2.157, 1120, 243.437, 244.575, 1.137, 7000, 0, 244.575, 245.92, 1.345, 700, 245.92, 246.503, 0.583, 3000, 0, 246.503, 247.319, 0.817, 600, 247.319, 247.842, 0.522, 2000, 0,    10.031,
 236, 12, 237, 237, 238.359, 1.359, 11000, 0, 238.359, 241.548, 3.189, 571, 241.548, 242.6, 1.052, 17000, 0, 242.6, 245.186, 2.586, 1360, 245.186, 246.218, 1.032, 8000, 0, 246.218, 247.259, 1.041, 800, 247.259, 248.056, 0.798, 4000, 0, 248.056, 249.064, 1.008, 800, 249.064, 249.82, 0.756, 3000, 0,    10.705,
 237, 12, 238, 238, 239.492, 1.492, 11000, 0, 239.492, 242.682, 3.19, 561, 242.682, 243.688, 1.006, 16000, 0, 243.688, 245.845, 2.157, 1280, 245.845, 247.225, 1.38, 8000, 0, 247.225, 248.349, 1.124, 800, 248.349, 249.157, 0.808, 4000, 0, 249.157, 250.099, 0.942, 800, 250.099, 250.819, 0.72, 3000, 0,    10.607,
 238, 12, 239, 239, 240.315, 1.315, 8000, 0, 240.315, 243.578, 3.263, 448, 243.578, 244.505, 0.927, 13000, 0, 244.505, 246.954, 2.449, 1040, 246.954, 247.99, 1.036, 6000, 0, 247.99, 249.155, 1.165, 600, 249.155, 249.716, 0.56, 3000, 0, 249.716, 250.836, 1.12, 600, 250.836, 251.336, 0.501, 2000, 0,    10.521,
 239, 12, 240, 240, 241.408, 1.408, 11000, 0, 241.408, 244.72, 3.312, 574, 244.72, 245.801, 1.081, 17000, 0, 245.801, 248.157, 2.356, 1360, 248.157, 249.155, 0.998, 8000, 0, 249.155, 250.257, 1.102, 800, 250.257, 251.079, 0.822, 4000, 0, 251.079, 252.093, 1.013, 800, 252.093, 252.828, 0.736, 3000, 0,    10.685,
 240, 12, 241, 241, 242.247, 1.247, 8000, 0, 242.247, 245.627, 3.38, 442, 245.627, 246.616, 0.989, 13000, 0, 246.616, 248.693, 2.077, 1040, 248.693, 249.893, 1.2, 6000, 0, 249.893, 251.005, 1.113, 600, 251.005, 251.672, 0.667, 3000, 0, 251.672, 252.846, 1.174, 600, 252.846, 253.37, 0.523, 2000, 0,    10.600,
 241, 12, 242, 242, 243.27, 1.27, 10000, 0, 243.27, 246.719, 3.449, 540, 246.719, 247.705, 0.986, 16000, 0, 247.705, 250.295, 2.59, 1280, 250.295, 251.337, 1.042, 8000, 0, 251.337, 252.398, 1.061, 800, 252.398, 253.171, 0.774, 4000, 0, 253.171, 254.116, 0.945, 800, 254.116, 254.823, 0.706, 3000, 0,    10.846,
 242, 12, 243, 243, 244.414, 1.414, 11000, 0, 244.414, 247.848, 3.434, 563, 247.848, 248.854, 1.007, 16000, 0, 248.854, 251.031, 2.176, 1280, 251.031, 252.371, 1.34, 8000, 0, 252.371, 253.461, 1.09, 800, 253.461, 254.275, 0.814, 4000, 0, 254.275, 255.228, 0.953, 800, 255.228, 255.965, 0.737, 3000, 0,    10.814,
 243, 12, 244, 244, 245.515, 1.515, 10000, 0, 245.515, 248.965, 3.451, 549, 248.965, 249.937, 0.972, 16000, 0, 249.937, 252.462, 2.525, 1280, 252.462, 253.421, 0.959, 8000, 0, 253.421, 254.494, 1.072, 800, 254.494, 255.297, 0.804, 4000, 0, 255.297, 256.247, 0.95, 800, 256.247, 257.005, 0.758, 3000, 0,    10.733,
 244, 12, 245, 245, 246.428, 1.428, 9000, 0, 246.428, 249.972, 3.544, 477, 249.972, 250.846, 0.874, 14000, 0, 250.846, 252.9, 2.055, 1120, 252.9, 254.327, 1.427, 7000, 0, 254.327, 255.427, 1.1, 700, 255.427, 256.021, 0.594, 3000, 0, 256.021, 257.004, 0.984, 600, 257.004, 257.523, 0.519, 2000, 0,    10.577,
 245, 12, 246, 246, 247.221, 1.221, 8000, 0, 247.221, 250.798, 3.577, 434, 250.798, 251.65, 0.852, 13000, 0, 251.65, 254.185, 2.535, 1040, 254.185, 255.046, 0.862, 6000, 0, 255.046, 256.212, 1.166, 600, 256.212, 256.847, 0.634, 3000, 0, 256.847, 257.709, 0.862, 600, 257.709, 258.183, 0.475, 2000, 0,    10.488,
 246, 12, 247, 247, 248.072, 1.072, 9000, 0, 248.072, 251.749, 3.678, 467, 251.749, 252.612, 0.863, 14000, 0, 252.612, 254.82, 2.208, 1120, 254.82, 255.952, 1.132, 7000, 0, 255.952, 257.114, 1.162, 700, 257.114, 257.699, 0.585, 3000, 0, 257.699, 258.451, 0.753, 600, 258.451, 258.98, 0.529, 2000, 0,    10.379,
 247, 12, 248, 248, 248.889, 0.889, 8000, 0, 248.889, 252.543, 3.653, 416, 252.543, 253.366, 0.823, 12000, 0, 253.366, 255.85, 2.484, 960, 255.85, 256.712, 0.861, 6000, 0, 256.712, 257.94, 1.228, 600, 257.94, 258.533, 0.594, 3000, 0, 258.533, 259.239, 0.705, 600, 259.239, 259.753, 0.515, 2000, 0,    10.349,
 248, 12, 249, 249, 249.837, 0.837, 8000, 0, 249.837, 253.395, 3.558, 427, 253.395, 254.114, 0.718, 12000, 0, 254.114, 256.441, 2.327, 960, 256.441, 257.492, 1.051, 6000, 0, 257.492, 258.788, 1.296, 600, 258.788, 259.463, 0.675, 3000, 0, 259.463, 260.172, 0.709, 600, 260.172, 260.678, 0.506, 2000, 0,    10.335,
 249, 12, 250, 250, 251.001, 1.001, 10000, 0, 251.001, 254.412, 3.411, 520, 254.412, 255.383, 0.971, 15000, 0, 255.383, 257.835, 2.452, 1200, 257.835, 258.728, 0.893, 7000, 0, 258.728, 259.747, 1.019, 700, 259.747, 260.335, 0.588, 3000, 0, 260.335, 261.024, 0.688, 600, 261.024, 261.527, 0.504, 2000, 0,    10.022,
 250, 12, 251, 251, 251.833, 0.833, 8000, 0, 251.833, 255.359, 3.526, 438, 255.359, 256.216, 0.857, 13000, 0, 256.216, 258.15, 1.933, 1040, 258.15, 259.459, 1.309, 6000, 0, 259.459, 260.569, 1.109, 600, 260.569, 261.146, 0.578, 3000, 0, 261.146, 261.885, 0.739, 600, 261.885, 262.387, 0.502, 2000, 0,    10.053,
 251, 12, 252, 252, 253.002, 1.002, 10000, 0, 253.002, 256.441, 3.439, 506, 256.441, 257.446, 1.005, 15000, 0, 257.446, 259.884, 2.438, 1200, 259.884, 260.759, 0.875, 7000, 0, 260.759, 261.718, 0.959, 700, 261.718, 262.367, 0.648, 3000, 0, 262.367, 263.089, 0.722, 600, 263.089, 263.579, 0.49, 2000, 0,    10.087,
 252, 12, 253, 253, 254.065, 1.065, 11000, 0, 254.065, 257.564, 3.498, 569, 257.564, 258.666, 1.102, 17000, 0, 258.666, 261, 2.334, 1360, 261, 262.016, 1.016, 8000, 0, 262.016, 263.141, 1.125, 800, 263.141, 263.902, 0.761, 4000, 0, 263.902, 264.899, 0.997, 800, 264.899, 265.68, 0.781, 3000, 0,    10.833,
 253, 12, 254, 254, 254.82, 0.82, 8000, 0, 254.82, 258.44, 3.62, 435, 258.44, 259.473, 1.033, 13000, 0, 259.473, 261.65, 2.177, 1040, 261.65, 262.772, 1.122, 6000, 0, 262.772, 263.988, 1.216, 600, 263.988, 264.545, 0.556, 3000, 0, 264.545, 265.629, 1.084, 600, 265.629, 266.18, 0.551, 2000, 0,    10.809,
 254, 12, 255, 255, 255.928, 0.928, 9000, 0, 255.928, 259.391, 3.463, 471, 259.391, 260.349, 0.958, 14000, 0, 260.349, 262.882, 2.533, 1120, 262.882, 263.765, 0.882, 7000, 0, 263.765, 264.944, 1.18, 700, 264.944, 265.556, 0.612, 3000, 0, 265.556, 266.377, 0.82, 600, 266.377, 266.876, 0.499, 2000, 0,    10.449,
 255, 12, 256, 256, 257.028, 1.028, 10000, 0, 257.028, 260.411, 3.383, 507, 260.411, 261.384, 0.973, 15000, 0, 261.384, 263.688, 2.304, 1200, 263.688, 264.66, 0.972, 7000, 0, 264.66, 265.917, 1.257, 700, 265.917, 266.517, 0.6, 3000, 0, 266.517, 267.258, 0.741, 600, 267.258, 267.808, 0.55, 2000, 0,    10.230,
 256, 12, 257, 257, 257.897, 0.897, 9000, 0, 257.897, 261.384, 3.487, 475, 261.384, 262.222, 0.837, 14000, 0, 262.222, 264.765, 2.544, 1120, 264.765, 265.664, 0.899, 7000, 0, 265.664, 266.903, 1.239, 700, 266.903, 267.528, 0.624, 3000, 0, 267.528, 268.258, 0.73, 600, 268.258, 268.761, 0.503, 2000, 0,    10.360,
 257, 12, 258, 258, 258.982, 0.982, 10000, 0, 258.982, 262.484, 3.502, 547, 262.484, 263.505, 1.02, 16000, 0, 263.505, 265.826, 2.322, 1280, 265.826, 266.827, 1.001, 8000, 0, 266.827, 267.947, 1.12, 800, 267.947, 268.802, 0.855, 4000, 0, 268.802, 269.761, 0.959, 800, 269.761, 270.57, 0.809, 3000, 0,    10.779,
 258, 12, 259, 259, 259.975, 0.975, 9000, 0, 259.975, 263.447, 3.472, 469, 263.447, 264.372, 0.925, 14000, 0, 264.372, 266.676, 2.304, 1120, 266.676, 267.66, 0.984, 7000, 0, 267.66, 268.869, 1.209, 700, 268.869, 269.461, 0.591, 3000, 0, 269.461, 270.468, 1.008, 600, 270.468, 271.049, 0.581, 2000, 0,    10.493,
 259, 12, 260, 260, 261.144, 1.144, 11000, 0, 261.144, 264.595, 3.452, 571, 264.595, 265.648, 1.053, 17000, 0, 265.648, 268.108, 2.46, 1360, 268.108, 269.15, 1.042, 8000, 0, 269.15, 270.222, 1.072, 800, 270.222, 271.029, 0.807, 4000, 0, 271.029, 271.971, 0.942, 800, 271.971, 272.724, 0.753, 3000, 0,    10.827,
 260, 12, 261, 261, 262.012, 1.012, 9000, 0, 262.012, 265.584, 3.572, 487, 265.584, 266.511, 0.927, 14000, 0, 266.511, 268.556, 2.045, 1120, 268.556, 269.997, 1.442, 7000, 0, 269.997, 271.143, 1.146, 700, 271.143, 271.74, 0.597, 3000, 0, 271.74, 272.757, 1.017, 600, 272.757, 273.281, 0.525, 2000, 0,    10.745,
 261, 12, 262, 262, 262.798, 0.798, 8000, 0, 262.798, 266.482, 3.684, 437, 266.482, 267.311, 0.829, 13000, 0, 267.311, 269.837, 2.526, 1040, 269.837, 270.72, 0.884, 6000, 0, 270.72, 271.933, 1.213, 600, 271.933, 272.52, 0.587, 3000, 0, 272.52, 273.451, 0.93, 600, 273.451, 273.967, 0.516, 2000, 0,    10.653,
 262, 12, 263, 263, 263.809, 0.809, 8000, 0, 263.809, 267.293, 3.484, 409, 267.293, 268.05, 0.757, 12000, 0, 268.05, 270.142, 2.092, 960, 270.142, 271.496, 1.354, 6000, 0, 271.496, 272.804, 1.308, 600, 272.804, 273.391, 0.587, 3000, 0, 273.391, 274.212, 0.821, 600, 274.212, 274.675, 0.463, 2000, 0,    10.403,
 263, 12, 264, 264, 264.996, 0.996, 10000, 0, 264.996, 268.313, 3.317, 518, 268.313, 269.26, 0.947, 15000, 0, 269.26, 271.863, 2.604, 1200, 271.863, 272.724, 0.86, 7000, 0, 272.724, 273.732, 1.009, 700, 273.732, 274.408, 0.676, 3000, 0, 274.408, 275.122, 0.713, 600, 275.122, 275.645, 0.523, 2000, 0,    10.125,
 264, 12, 265, 265, 266.139, 1.139, 11000, 0, 266.139, 269.461, 3.323, 562, 269.461, 270.464, 1.003, 16000, 0, 270.464, 272.634, 2.17, 1280, 272.634, 273.684, 1.05, 8000, 0, 273.684, 274.852, 1.168, 800, 274.852, 275.645, 0.793, 4000, 0, 275.645, 276.605, 0.961, 800, 276.605, 277.362, 0.757, 3000, 0,    10.467,
 265, 12, 266, 266, 267.03, 1.03, 9000, 0, 267.03, 270.368, 3.338, 451, 270.368, 271.292, 0.924, 13000, 0, 271.292, 273.603, 2.311, 1040, 273.603, 274.44, 0.837, 6000, 0, 274.44, 275.67, 1.23, 600, 275.67, 276.269, 0.599, 3000, 0, 276.269, 277.317, 1.048, 600, 277.317, 277.846, 0.529, 2000, 0,    10.287,
 266, 12, 267, 267, 268.108, 1.108, 11000, 0, 268.108, 271.523, 3.415, 583, 271.523, 272.58, 1.056, 17000, 0, 272.58, 274.876, 2.296, 1360, 274.876, 275.882, 1.006, 8000, 0, 275.882, 276.881, 0.998, 800, 276.881, 277.626, 0.746, 4000, 0, 277.626, 278.612, 0.986, 800, 278.612, 279.354, 0.742, 3000, 0,    10.504,
 267, 12, 268, 268, 268.922, 0.922, 8000, 0, 268.922, 272.407, 3.485, 447, 272.407, 273.437, 1.031, 13000, 0, 273.437, 275.368, 1.931, 1040, 275.368, 276.618, 1.25, 6000, 0, 276.618, 277.676, 1.059, 600, 277.676, 278.268, 0.592, 3000, 0, 278.268, 279.355, 1.087, 600, 279.355, 279.839, 0.483, 2000, 0,    10.433,
 268, 12, 269, 269, 270.002, 1.002, 10000, 0, 270.002, 273.424, 3.422, 507, 273.424, 274.353, 0.928, 15000, 0, 274.353, 276.916, 2.564, 1200, 276.916, 277.776, 0.859, 7000, 0, 277.776, 278.719, 0.943, 700, 278.719, 279.303, 0.584, 3000, 0, 279.303, 280.036, 0.733, 600, 280.036, 280.577, 0.541, 2000, 0,    10.034,
 269, 12, 270, 270, 271.099, 1.099, 11000, 0, 271.099, 274.604, 3.505, 580, 274.604, 275.711, 1.106, 17000, 0, 275.711, 277.997, 2.286, 1360, 277.997, 278.991, 0.995, 8000, 0, 278.991, 280.036, 1.044, 800, 280.036, 280.82, 0.784, 4000, 0, 280.82, 281.777, 0.957, 800, 281.777, 282.542, 0.765, 3000, 0,    10.677,
 270, 12, 271, 271, 272.137, 1.137, 10000, 0, 272.137, 275.652, 3.515, 507, 275.652, 276.646, 0.994, 15000, 0, 276.646, 278.899, 2.253, 1200, 278.899, 279.921, 1.022, 7000, 0, 279.921, 280.986, 1.065, 700, 280.986, 281.579, 0.593, 3000, 0, 281.579, 282.526, 0.947, 600, 282.526, 283.042, 0.517, 2000, 0,    10.389,
 271, 12, 272, 272, 273.127, 1.127, 10000, 0, 273.127, 276.646, 3.519, 507, 276.646, 277.564, 0.918, 15000, 0, 277.564, 280.022, 2.458, 1200, 280.022, 280.882, 0.86, 7000, 0, 280.882, 281.889, 1.007, 700, 281.889, 282.563, 0.674, 3000, 0, 282.563, 283.294, 0.731, 600, 283.294, 283.837, 0.543, 2000, 0,    10.167,
 272, 12, 273, 273, 274.244, 1.244, 11000, 0, 274.244, 277.76, 3.516, 568, 277.76, 278.854, 1.094, 17000, 0, 278.854, 281.192, 2.338, 1360, 281.192, 282.219, 1.027, 8000, 0, 282.219, 283.294, 1.075, 800, 283.294, 284.088, 0.794, 4000, 0, 284.088, 285.094, 1.006, 800, 285.094, 285.794, 0.7, 3000, 0,    10.851,
 273, 12, 274, 274, 275.158, 1.158, 9000, 0, 275.158, 278.764, 3.606, 498, 278.764, 279.756, 0.992, 14000, 0, 279.756, 281.901, 2.144, 1120, 281.901, 283.096, 1.195, 7000, 0, 283.096, 284.27, 1.174, 700, 284.27, 284.875, 0.605, 3000, 0, 284.875, 285.811, 0.936, 600, 285.811, 286.336, 0.525, 2000, 0,    10.653,
 274, 12, 275, 275, 275.967, 0.967, 8000, 0, 275.967, 279.604, 3.637, 407, 279.604, 280.516, 0.911, 12000, 0, 280.516, 282.848, 2.332, 960, 282.848, 283.859, 1.011, 6000, 0, 283.859, 285.094, 1.235, 600, 285.094, 285.736, 0.642, 3000, 0, 285.736, 286.545, 0.809, 600, 286.545, 287.023, 0.478, 2000, 0,    10.578,
 275, 12, 276, 276, 276.993, 0.993, 10000, 0, 276.993, 280.706, 3.713, 519, 280.706, 281.682, 0.976, 15000, 0, 281.682, 284, 2.318, 1200, 284, 284.812, 0.812, 7000, 0, 284.812, 286.068, 1.256, 700, 286.068, 286.707, 0.639, 3000, 0, 286.707, 287.437, 0.73, 600, 287.437, 287.899, 0.462, 2000, 0,    10.444,
 276, 12, 277, 277, 278.041, 1.041, 10000, 0, 278.041, 281.78, 3.739, 541, 281.78, 282.766, 0.987, 16000, 0, 282.766, 285.044, 2.277, 1280, 285.044, 286.048, 1.004, 8000, 0, 286.048, 287.175, 1.127, 800, 287.175, 288.002, 0.827, 4000, 0, 288.002, 288.926, 0.924, 800, 288.926, 289.741, 0.815, 3000, 0,    10.886,
 277, 12, 278, 278, 279.068, 1.068, 10000, 0, 279.068, 282.828, 3.761, 544, 282.828, 283.915, 1.087, 16000, 0, 283.915, 286.187, 2.272, 1280, 286.187, 287.228, 1.041, 8000, 0, 287.228, 288.269, 1.041, 800, 288.269, 289.056, 0.787, 4000, 0, 289.056, 289.962, 0.906, 800, 289.962, 290.776, 0.814, 3000, 0,    10.895,
 278, 12, 279, 279, 279.987, 0.987, 9000, 0, 279.987, 283.828, 3.841, 479, 283.828, 284.791, 0.963, 14000, 0, 284.791, 286.95, 2.159, 1120, 286.95, 288.156, 1.206, 7000, 0, 288.156, 289.234, 1.078, 700, 289.234, 289.85, 0.616, 3000, 0, 289.85, 290.718, 0.868, 600, 290.718, 291.297, 0.579, 2000, 0,    10.730,
 279, 12, 280, 280, 280.878, 0.878, 9000, 0, 280.878, 284.791, 3.913, 484, 284.791, 285.665, 0.874, 14000, 0, 285.665, 288.094, 2.429, 1120, 288.094, 289.031, 0.937, 7000, 0, 289.031, 290.178, 1.147, 700, 290.178, 290.807, 0.629, 3000, 0, 290.807, 291.479, 0.673, 600, 291.479, 291.98, 0.501, 2000, 0,    10.601,
 280, 12, 281, 281, 281.989, 0.989, 10000, 0, 281.989, 285.911, 3.922, 548, 285.911, 286.902, 0.991, 16000, 0, 286.902, 289.142, 2.24, 1280, 289.142, 290.2, 1.058, 8000, 0, 290.2, 291.276, 1.076, 800, 291.276, 292.074, 0.798, 4000, 0, 292.074, 293.064, 0.99, 800, 293.064, 293.838, 0.775, 3000, 0,    11.074,
 281, 12, 282, 282, 282.788, 0.788, 8000, 0, 282.788, 286.796, 4.008, 448, 286.796, 287.713, 0.917, 13000, 0, 287.713, 289.827, 2.114, 1040, 289.827, 290.996, 1.169, 6000, 0, 290.996, 292.1, 1.105, 600, 292.1, 292.679, 0.579, 3000, 0, 292.679, 293.747, 1.068, 600, 293.747, 294.328, 0.581, 2000, 0,    10.958,
 282, 12, 283, 283, 283.806, 0.806, 8000, 0, 283.806, 287.704, 3.898, 436, 287.704, 288.503, 0.8, 13000, 0, 288.503, 290.856, 2.352, 1040, 290.856, 291.807, 0.952, 6000, 0, 291.807, 292.882, 1.075, 600, 292.882, 293.475, 0.593, 3000, 0, 293.475, 294.5, 1.025, 600, 294.5, 294.983, 0.483, 2000, 0,    10.695,
 283, 12, 284, 284, 284.793, 0.793, 8000, 0, 284.793, 288.538, 3.745, 405, 288.538, 289.357, 0.819, 12000, 0, 289.357, 291.433, 2.076, 960, 291.433, 292.568, 1.136, 6000, 0, 292.568, 293.67, 1.102, 600, 293.67, 294.26, 0.59, 3000, 0, 294.26, 295.213, 0.953, 600, 295.213, 295.714, 0.501, 2000, 0,    10.420,
 284, 12, 285, 285, 285.786, 0.786, 8000, 0, 285.786, 289.367, 3.58, 431, 289.367, 290.111, 0.745, 12000, 0, 290.111, 292.495, 2.383, 960, 292.495, 293.328, 0.833, 6000, 0, 293.328, 294.5, 1.172, 600, 294.5, 295.125, 0.624, 3000, 0, 295.125, 295.991, 0.867, 600, 295.991, 296.514, 0.523, 2000, 0,    10.205,
 285, 12, 286, 286, 286.924, 0.924, 9000, 0, 286.924, 290.314, 3.39, 460, 290.314, 291.106, 0.793, 13000, 0, 291.106, 293.212, 2.106, 1040, 293.212, 294.08, 0.868, 6000, 0, 294.08, 295.33, 1.25, 600, 295.33, 295.959, 0.629, 3000, 0, 295.959, 296.709, 0.75, 600, 296.709, 297.182, 0.473, 2000, 0,     9.785,
 286, 12, 287, 287, 287.829, 0.829, 8000, 0, 287.829, 291.148, 3.319, 437, 291.148, 291.945, 0.797, 13000, 0, 291.945, 294.208, 2.263, 1040, 294.208, 294.942, 0.734, 6000, 0, 294.942, 296.12, 1.179, 600, 296.12, 296.745, 0.625, 3000, 0, 296.745, 297.524, 0.779, 600, 297.524, 298.035, 0.511, 2000, 0,     9.695,
 287, 12, 288, 288, 288.818, 0.818, 8000, 0, 288.818, 292.02, 3.202, 428, 292.02, 292.756, 0.736, 12000, 0, 292.756, 294.78, 2.023, 960, 294.78, 295.722, 0.943, 6000, 0, 295.722, 296.903, 1.181, 600, 296.903, 297.491, 0.588, 3000, 0, 297.491, 298.23, 0.739, 600, 298.23, 298.724, 0.494, 2000, 0,     9.412,
 288, 12, 289, 289, 290.166, 1.166, 11000, 0, 290.166, 293.105, 2.939, 550, 293.105, 294.104, 0.999, 16000, 0, 294.104, 296.331, 2.228, 1280, 296.331, 297.313, 0.982, 8000, 0, 297.313, 298.404, 1.091, 800, 298.404, 299.194, 0.789, 4000, 0, 299.194, 300.116, 0.922, 800, 300.116, 300.835, 0.719, 3000, 0,     9.950,
 289, 12, 290, 290, 290.93, 0.93, 8000, 0, 290.93, 293.944, 3.013, 420, 293.944, 294.847, 0.903, 12000, 0, 294.847, 296.417, 1.57, 960, 296.417, 298.046, 1.629, 6000, 0, 298.046, 299.192, 1.146, 600, 299.192, 299.789, 0.598, 3000, 0, 299.789, 300.881, 1.092, 600, 300.881, 301.383, 0.501, 2000, 0,     9.951,
 290, 12, 291, 291, 291.813, 0.813, 8000, 0, 291.813, 294.829, 3.016, 433, 294.829, 295.643, 0.814, 13000, 0, 295.643, 298.064, 2.421, 1040, 298.064, 298.828, 0.763, 6000, 0, 298.828, 300.015, 1.188, 600, 300.015, 300.646, 0.631, 3000, 0, 300.646, 301.613, 0.967, 600, 301.613, 302.121, 0.508, 2000, 0,     9.799,
 291, 12, 292, 292, 292.977, 0.977, 10000, 0, 292.977, 295.872, 2.895, 508, 295.872, 296.8, 0.929, 15000, 0, 296.8, 298.814, 2.013, 1200, 298.814, 299.686, 0.873, 7000, 0, 299.686, 300.967, 1.281, 700, 300.967, 301.578, 0.611, 3000, 0, 301.578, 302.306, 0.727, 600, 302.306, 302.846, 0.54, 2000, 0,     9.328,
 292, 12, 293, 293, 293.789, 0.789, 8000, 0, 293.789, 296.676, 2.887, 404, 296.676, 297.573, 0.897, 12000, 0, 297.573, 299.71, 2.137, 960, 299.71, 300.476, 0.766, 6000, 0, 300.476, 301.761, 1.285, 600, 301.761, 302.389, 0.628, 3000, 0, 302.389, 303.16, 0.772, 600, 303.16, 303.659, 0.499, 2000, 0,     9.371,
 293, 12, 294, 294, 294.839, 0.839, 8000, 0, 294.839, 297.468, 2.629, 410, 297.468, 298.345, 0.877, 12000, 0, 298.345, 300.427, 2.081, 960, 300.427, 301.238, 0.811, 6000, 0, 301.238, 302.562, 1.324, 600, 302.562, 303.118, 0.557, 3000, 0, 303.118, 303.869, 0.751, 600, 303.869, 304.389, 0.52, 2000, 0,     9.030,
 294, 12, 295, 295, 295.973, 0.973, 10000, 0, 295.973, 298.492, 2.519, 533, 298.492, 299.444, 0.952, 15000, 0, 299.444, 301.696, 2.252, 1200, 301.696, 302.583, 0.887, 7000, 0, 302.583, 303.558, 0.975, 700, 303.558, 304.186, 0.628, 3000, 0, 304.186, 304.882, 0.696, 600, 304.882, 305.346, 0.464, 2000, 0,     8.909,
 295, 12, 296, 296, 296.854, 0.854, 8000, 0, 296.854, 299.37, 2.516, 426, 299.37, 300.224, 0.855, 12000, 0, 300.224, 302.04, 1.816, 960, 302.04, 303.35, 1.31, 6000, 0, 303.35, 304.36, 1.01, 600, 304.36, 304.969, 0.609, 3000, 0, 304.969, 305.724, 0.754, 600, 305.724, 306.265, 0.541, 2000, 0,     8.870,
 296, 12, 297, 297, 297.943, 0.943, 9000, 0, 297.943, 300.316, 2.372, 470, 300.316, 301.202, 0.886, 14000, 0, 301.202, 303.638, 2.436, 1120, 303.638, 304.517, 0.879, 7000, 0, 304.517, 305.513, 0.996, 700, 305.513, 306.133, 0.619, 3000, 0, 306.133, 306.791, 0.658, 600, 306.791, 307.297, 0.506, 2000, 0,     8.848,
 297, 12, 298, 298, 298.913, 0.913, 9000, 0, 298.913, 301.242, 2.328, 450, 301.242, 302.112, 0.87, 13000, 0, 302.112, 303.892, 1.781, 1040, 303.892, 305.267, 1.375, 6000, 0, 305.267, 306.283, 1.016, 600, 306.283, 306.944, 0.661, 3000, 0, 306.944, 307.648, 0.705, 600, 307.648, 308.189, 0.541, 2000, 0,     8.735,
 298, 12, 299, 299, 300.102, 1.102, 11000, 0, 300.102, 302.342, 2.24, 552, 302.342, 303.285, 0.943, 16000, 0, 303.285, 305.783, 2.498, 1280, 305.783, 306.742, 0.959, 8000, 0, 306.742, 307.769, 1.027, 800, 307.769, 308.58, 0.811, 4000, 0, 308.58, 309.573, 0.993, 800, 309.573, 310.298, 0.725, 3000, 0,     9.470,
 299, 12, 300, 300, 301.183, 1.183, 11000, 0, 301.183, 303.489, 2.306, 578, 303.489, 304.531, 1.042, 17000, 0, 304.531, 306.778, 2.246, 1360, 306.778, 307.783, 1.005, 8000, 0, 307.783, 308.852, 1.069, 800, 308.852, 309.705, 0.853, 4000, 0, 309.705, 310.687, 0.982, 800, 310.687, 311.423, 0.736, 3000, 0,     9.503,
 300, 12, 301, 301, 302.073, 1.073, 9000, 0, 302.073, 304.501, 2.427, 499, 304.501, 305.407, 0.906, 14000, 0, 305.407, 307.609, 2.202, 1120, 307.609, 308.697, 1.087, 7000, 0, 308.697, 309.741, 1.044, 700, 309.741, 310.35, 0.609, 3000, 0, 310.35, 311.388, 1.038, 600, 311.388, 311.957, 0.569, 2000, 0,     9.314,
 301, 12, 302, 302, 302.87, 0.87, 8000, 0, 302.87, 305.319, 2.449, 425, 305.319, 306.126, 0.807, 12000, 0, 306.126, 308.349, 2.223, 960, 308.349, 309.445, 1.095, 6000, 0, 309.445, 310.523, 1.079, 600, 310.523, 311.078, 0.555, 3000, 0, 311.078, 312.12, 1.043, 600, 312.12, 312.599, 0.479, 2000, 0,     9.250,
 302, 12, 303, 303, 303.882, 0.882, 9000, 0, 303.882, 306.306, 2.424, 475, 306.306, 307.177, 0.871, 14000, 0, 307.177, 309.443, 2.267, 1120, 309.443, 310.278, 0.835, 7000, 0, 310.278, 311.408, 1.129, 700, 311.408, 311.981, 0.574, 3000, 0, 311.981, 312.895, 0.914, 600, 312.895, 313.422, 0.527, 2000, 0,     9.013,
 303, 12, 304, 304, 304.981, 0.981, 10000, 0, 304.981, 307.383, 2.402, 515, 307.383, 308.358, 0.976, 15000, 0, 308.358, 310.329, 1.971, 1200, 310.329, 311.23, 0.901, 7000, 0, 311.23, 312.299, 1.069, 700, 312.299, 312.904, 0.605, 3000, 0, 312.904, 313.594, 0.689, 600, 313.594, 314.101, 0.507, 2000, 0,     8.613,
 304, 12, 305, 305, 305.883, 0.883, 9000, 0, 305.883, 308.304, 2.42, 457, 308.304, 309.157, 0.853, 13000, 0, 309.157, 311.14, 1.984, 1040, 311.14, 312.029, 0.889, 6000, 0, 312.029, 313.132, 1.103, 600, 313.132, 313.746, 0.614, 3000, 0, 313.746, 314.473, 0.727, 600, 314.473, 314.948, 0.474, 2000, 0,     8.590,
 305, 12, 306, 306, 306.915, 0.915, 9000, 0, 306.915, 309.237, 2.322, 465, 309.237, 310.087, 0.85, 13000, 0, 310.087, 312, 1.913, 1040, 312, 312.786, 0.786, 6000, 0, 312.786, 313.928, 1.142, 600, 313.928, 314.515, 0.588, 3000, 0, 314.515, 315.238, 0.723, 600, 315.238, 315.73, 0.492, 2000, 0,     8.323,
 306, 12, 307, 307, 307.868, 0.868, 9000, 0, 307.868, 310.131, 2.264, 451, 310.131, 310.954, 0.823, 13000, 0, 310.954, 312.852, 1.897, 1040, 312.852, 313.598, 0.746, 6000, 0, 313.598, 314.749, 1.151, 600, 314.749, 315.352, 0.604, 3000, 0, 315.352, 316.072, 0.719, 600, 316.072, 316.563, 0.492, 2000, 0,     8.204,
 307, 12, 308, 308, 308.872, 0.872, 8000, 0, 308.872, 310.97, 2.098, 436, 310.97, 311.802, 0.832, 13000, 0, 311.802, 313.718, 1.916, 1040, 313.718, 314.501, 0.783, 6000, 0, 314.501, 315.563, 1.062, 600, 315.563, 316.186, 0.622, 3000, 0, 316.186, 316.891, 0.705, 600, 316.891, 317.449, 0.558, 2000, 0,     8.019,
 308, 12, 309, 309, 309.914, 0.914, 9000, 0, 309.914, 311.91, 1.995, 461, 311.91, 312.73, 0.82, 13000, 0, 312.73, 314.603, 1.874, 1040, 314.603, 315.41, 0.807, 6000, 0, 315.41, 316.36, 0.949, 600, 316.36, 316.955, 0.596, 3000, 0, 316.955, 317.684, 0.729, 600, 317.684, 318.226, 0.543, 2000, 0,     7.769,
 309, 12, 310, 310, 310.779, 0.779, 8000, 0, 310.779, 312.789, 2.01, 416, 312.789, 313.554, 0.766, 12000, 0, 313.554, 315.312, 1.758, 960, 315.312, 316.175, 0.863, 6000, 0, 316.175, 317.143, 0.967, 600, 317.143, 317.786, 0.643, 3000, 0, 317.786, 318.496, 0.71, 600, 318.496, 319.022, 0.526, 2000, 0,     7.716,
 310, 12, 311, 311, 312.055, 1.055, 10000, 0, 312.055, 313.805, 1.75, 512, 313.805, 314.738, 0.933, 15000, 0, 314.738, 316.796, 2.058, 1200, 316.796, 317.674, 0.877, 7000, 0, 317.674, 318.566, 0.893, 700, 318.566, 319.178, 0.612, 3000, 0, 319.178, 319.896, 0.718, 600, 319.896, 320.439, 0.543, 2000, 0,     7.841,
 311, 12, 312, 312, 313.065, 1.065, 10000, 0, 313.065, 314.915, 1.85, 549, 314.915, 315.926, 1.011, 16000, 0, 315.926, 318.056, 2.13, 1280, 318.056, 319.087, 1.03, 8000, 0, 319.087, 320.148, 1.061, 800, 320.148, 320.991, 0.843, 4000, 0, 320.991, 321.915, 0.925, 800, 321.915, 322.627, 0.711, 3000, 0,     8.850,
 312, 12, 313, 313, 313.96, 0.96, 9000, 0, 313.96, 315.844, 1.885, 499, 315.844, 316.826, 0.982, 14000, 0, 316.826, 318.688, 1.862, 1120, 318.688, 319.979, 1.291, 7000, 0, 319.979, 321.075, 1.096, 700, 321.075, 321.664, 0.588, 3000, 0, 321.664, 322.661, 0.998, 600, 322.661, 323.154, 0.493, 2000, 0,     8.702,
 313, 12, 314, 314, 315.102, 1.102, 11000, 0, 315.102, 316.976, 1.875, 578, 316.976, 318.056, 1.08, 17000, 0, 318.056, 320.366, 2.31, 1360, 320.366, 321.372, 1.005, 8000, 0, 321.372, 322.448, 1.077, 800, 322.448, 323.239, 0.79, 4000, 0, 323.239, 324.203, 0.965, 800, 324.203, 324.896, 0.692, 3000, 0,     9.102,
 314, 12, 315, 315, 315.918, 0.918, 8000, 0, 315.918, 317.783, 1.864, 403, 317.783, 318.76, 0.978, 12000, 0, 318.76, 320.393, 1.632, 960, 320.393, 322.113, 1.72, 6000, 0, 322.113, 323.213, 1.1, 600, 323.213, 323.85, 0.637, 3000, 0, 323.85, 324.944, 1.094, 600, 324.944, 325.424, 0.48, 2000, 0,     9.026,
 316, 12, 317, 317, 317.797, 0.797, 8000, 0, 317.797, 319.645, 1.848, 441, 319.645, 320.477, 0.832, 13000, 0, 320.477, 322.222, 1.745, 1040, 322.222, 322.99, 0.768, 6000, 0, 322.99, 323.956, 0.966, 600, 323.956, 324.59, 0.634, 3000, 0, 324.59, 325.702, 1.112, 600, 325.702, 326.186, 0.484, 2000, 0,     7.905,
 315, 12, 316, 316, 316.873, 0.873, 9000, 0, 316.873, 318.76, 1.888, 480, 318.76, 319.629, 0.869, 14000, 0, 319.629, 322.242, 2.613, 1120, 322.242, 323.925, 1.683, 7000, 0, 323.925, 324.895, 0.97, 700, 324.895, 325.51, 0.616, 3000, 0, 325.51, 326.432, 0.922, 600, 326.432, 326.921, 0.488, 2000, 0,     9.560,
 317, 12, 318, 318, 318.802, 0.802, 8000, 0, 318.802, 320.439, 1.637, 415, 320.439, 321.251, 0.812, 12000, 0, 321.251, 323.873, 2.622, 960, 323.873, 324.701, 0.828, 6000, 0, 324.701, 325.671, 0.969, 600, 325.671, 326.242, 0.571, 3000, 0, 326.242, 327.176, 0.935, 600, 327.176, 327.673, 0.497, 2000, 0,     8.374,
 318, 12, 319, 319, 319.875, 0.875, 9000, 0, 319.875, 321.392, 1.516, 462, 321.392, 322.212, 0.82, 13000, 0, 322.212, 324.034, 1.822, 1040, 324.034, 325.467, 1.433, 6000, 0, 325.467, 326.497, 1.03, 600, 326.497, 327.1, 0.603, 3000, 0, 327.1, 327.872, 0.772, 600, 327.872, 328.347, 0.475, 2000, 0,     7.996,
 320, 12, 321, 321, 321.901, 0.901, 8000, 0, 321.901, 323.363, 1.462, 427, 323.363, 324.368, 1.005, 12000, 0, 324.368, 325.948, 1.58, 960, 325.948, 326.719, 0.771, 6000, 0, 326.719, 327.481, 0.762, 600, 327.481, 328.109, 0.628, 3000, 0, 328.109, 328.827, 0.718, 600, 328.827, 329.297, 0.47, 2000, 0,     6.926,
 319, 12, 320, 320, 321.104, 1.104, 11000, 0, 321.104, 322.523, 1.42, 571, 322.523, 323.627, 1.103, 17000, 0, 323.627, 326.102, 2.476, 1360, 326.102, 327.751, 1.648, 8000, 0, 327.751, 328.827, 1.076, 800, 328.827, 329.63, 0.803, 4000, 0, 329.63, 330.601, 0.971, 800, 330.601, 331.369, 0.769, 3000, 0,     9.497,
 322, 12, 323, 323, 323.883, 0.883, 8000, 0, 323.883, 325.246, 1.364, 407, 325.246, 326.038, 0.792, 12000, 0, 326.038, 327.681, 1.643, 960, 327.681, 328.512, 0.831, 6000, 0, 328.512, 329.612, 1.1, 600, 329.612, 330.228, 0.616, 3000, 0, 330.228, 331.358, 1.13, 600, 331.358, 331.856, 0.498, 2000, 0,     7.475,
 321, 12, 322, 322, 323.041, 1.041, 10000, 0, 323.041, 324.368, 1.326, 508, 324.368, 325.305, 0.937, 15000, 0, 325.305, 327.91, 2.605, 1200, 327.91, 329.385, 1.475, 7000, 0, 329.385, 330.583, 1.198, 700, 330.583, 331.222, 0.639, 3000, 0, 331.222, 332.099, 0.877, 600, 332.099, 332.648, 0.549, 2000, 0,     9.058,
 323, 12, 324, 324, 324.896, 0.896, 9000, 0, 324.896, 326.279, 1.383, 487, 326.279, 327.175, 0.896, 14000, 0, 327.175, 329.589, 2.414, 1120, 329.589, 330.428, 0.839, 7000, 0, 330.428, 331.548, 1.121, 700, 331.548, 332.123, 0.575, 3000, 0, 332.123, 332.867, 0.744, 600, 332.867, 333.361, 0.494, 2000, 0,     7.971,
 324, 12, 325, 325, 325.825, 0.825, 8000, 0, 325.825, 327.175, 1.35, 442, 327.175, 328.011, 0.836, 13000, 0, 328.011, 329.749, 1.738, 1040, 329.749, 331.175, 1.426, 6000, 0, 331.175, 332.392, 1.217, 600, 332.392, 332.97, 0.578, 3000, 0, 332.97, 333.68, 0.71, 600, 333.68, 334.166, 0.486, 2000, 0,     7.855,
 326, 12, 327, 327, 327.862, 0.862, 8000, 0, 327.862, 329.095, 1.232, 432, 329.095, 329.982, 0.888, 12000, 0, 329.982, 331.58, 1.597, 960, 331.58, 332.362, 0.782, 6000, 0, 332.362, 333.172, 0.81, 600, 333.172, 333.783, 0.611, 3000, 0, 333.783, 334.525, 0.742, 600, 334.525, 335.013, 0.488, 2000, 0,     6.663,
 325, 12, 326, 326, 327.044, 1.044, 10000, 0, 327.044, 328.237, 1.194, 533, 328.237, 329.234, 0.997, 16000, 0, 329.234, 331.715, 2.481, 1280, 331.715, 333.35, 1.634, 8000, 0, 333.35, 334.487, 1.138, 800, 334.487, 335.279, 0.791, 4000, 0, 335.279, 336.257, 0.979, 800, 336.257, 337.021, 0.764, 3000, 0,     9.213,
 327, 12, 328, 328, 328.919, 0.919, 9000, 0, 328.919, 330.118, 1.199, 480, 330.118, 331.004, 0.886, 14000, 0, 331.004, 333.492, 2.488, 1120, 333.492, 334.359, 0.867, 7000, 0, 334.359, 335.467, 1.107, 700, 335.467, 336.055, 0.588, 3000, 0, 336.055, 336.951, 0.897, 600, 336.951, 337.557, 0.606, 2000, 0,     8.032,
 328, 12, 329, 329, 330.128, 1.128, 11000, 0, 330.128, 331.253, 1.125, 572, 331.253, 332.322, 1.069, 17000, 0, 332.322, 334.64, 2.318, 1360, 334.64, 335.641, 1.002, 8000, 0, 335.641, 336.751, 1.109, 800, 336.751, 337.599, 0.848, 4000, 0, 337.599, 338.583, 0.984, 800, 338.583, 339.355, 0.773, 3000, 0,     8.455,
 329, 12, 330, 330, 331.253, 1.253, 11000, 0, 331.253, 332.416, 1.163, 584, 332.416, 333.524, 1.108, 17000, 0, 333.524, 335.791, 2.267, 1360, 335.791, 336.778, 0.987, 8000, 0, 336.778, 337.85, 1.071, 800, 337.85, 338.644, 0.794, 4000, 0, 338.644, 339.613, 0.969, 800, 339.613, 340.374, 0.762, 3000, 0,     8.360,
 330, 12, 331, 331, 332.08, 1.08, 8000, 0, 332.08, 333.268, 1.188, 435, 333.268, 334.359, 1.092, 13000, 0, 334.359, 336.374, 2.015, 1040, 336.374, 337.552, 1.178, 6000, 0, 337.552, 338.648, 1.096, 600, 338.648, 339.28, 0.633, 3000, 0, 339.28, 340.338, 1.058, 600, 340.338, 340.838, 0.5, 2000, 0,     8.258,
 331, 12, 332, 332, 332.977, 0.977, 9000, 0, 332.977, 334.255, 1.277, 482, 334.255, 335.187, 0.932, 14000, 0, 335.187, 337.687, 2.5, 1120, 337.687, 338.567, 0.881, 7000, 0, 338.567, 339.582, 1.014, 700, 339.582, 340.19, 0.608, 3000, 0, 340.19, 341.09, 0.901, 600, 341.09, 341.586, 0.496, 2000, 0,     8.113,
 332, 12, 333, 333, 333.854, 0.854, 8000, 0, 333.854, 335.091, 1.238, 443, 335.091, 336.007, 0.916, 13000, 0, 336.007, 338.091, 2.083, 1040, 338.091, 339.369, 1.278, 6000, 0, 339.369, 340.402, 1.033, 600, 340.402, 341.012, 0.611, 3000, 0, 341.012, 341.834, 0.821, 600, 341.834, 342.362, 0.529, 2000, 0,     7.980,
 333, 12, 334, 334, 334.96, 0.96, 10000, 0, 334.96, 336.181, 1.221, 531, 336.181, 337.141, 0.96, 15000, 0, 337.141, 339.627, 2.486, 1200, 339.627, 340.528, 0.901, 7000, 0, 340.528, 341.485, 0.957, 700, 341.485, 342.069, 0.583, 3000, 0, 342.069, 342.853, 0.784, 600, 342.853, 343.344, 0.491, 2000, 0,     7.893,
 334, 12, 335, 335, 336.041, 1.041, 10000, 0, 336.041, 337.241, 1.2, 522, 337.241, 338.231, 0.99, 15000, 0, 338.231, 340.203, 1.972, 1200, 340.203, 341.429, 1.227, 7000, 0, 341.429, 342.456, 1.027, 700, 342.456, 343.118, 0.662, 3000, 0, 343.118, 343.854, 0.736, 600, 343.854, 344.403, 0.548, 2000, 0,     7.813,
 335, 12, 336, 336, 337.039, 1.039, 10000, 0, 337.039, 338.382, 1.343, 548, 338.382, 339.403, 1.021, 16000, 0, 339.403, 341.786, 2.383, 1280, 341.786, 342.803, 1.017, 8000, 0, 342.803, 343.834, 1.031, 800, 343.834, 344.624, 0.79, 4000, 0, 344.624, 345.621, 0.997, 800, 345.621, 346.395, 0.773, 3000, 0,     8.582,
 336, 12, 337, 337, 338.034, 1.034, 10000, 0, 338.034, 339.415, 1.381, 543, 339.415, 340.439, 1.024, 16000, 0, 340.439, 342.568, 2.129, 1280, 342.568, 343.894, 1.326, 8000, 0, 343.894, 344.96, 1.066, 800, 344.96, 345.766, 0.806, 4000, 0, 345.766, 346.72, 0.954, 800, 346.72, 347.494, 0.774, 3000, 0,     8.686,
 337, 12, 338, 338, 338.977, 0.977, 9000, 0, 338.977, 340.419, 1.441, 465, 340.419, 341.228, 0.809, 13000, 0, 341.228, 343.546, 2.318, 1040, 343.546, 344.679, 1.132, 6000, 0, 344.679, 345.744, 1.066, 600, 345.744, 346.398, 0.654, 3000, 0, 346.398, 347.442, 1.044, 600, 347.442, 347.997, 0.555, 2000, 0,     8.465,
 338, 12, 339, 339, 339.809, 0.809, 8000, 0, 339.809, 341.278, 1.469, 416, 341.278, 342.03, 0.752, 12000, 0, 342.03, 344.201, 2.171, 960, 344.201, 345.429, 1.228, 6000, 0, 345.429, 346.579, 1.15, 600, 346.579, 347.226, 0.647, 3000, 0, 347.226, 348.134, 0.909, 600, 348.134, 348.637, 0.503, 2000, 0,     8.326,
 339, 12, 340, 340, 340.996, 0.996, 10000, 0, 340.996, 342.281, 1.286, 528, 342.281, 343.261, 0.98, 15000, 0, 343.261, 345.552, 2.291, 1200, 345.552, 346.481, 0.929, 7000, 0, 346.481, 347.472, 0.991, 700, 347.472, 348.11, 0.638, 3000, 0, 348.11, 348.846, 0.736, 600, 348.846, 349.346, 0.5, 2000, 0,     7.851,
 340, 12, 341, 341, 341.788, 0.788, 8000, 0, 341.788, 343.186, 1.398, 413, 343.186, 343.989, 0.803, 12000, 0, 343.989, 345.802, 1.814, 960, 345.802, 347.248, 1.445, 6000, 0, 347.248, 348.271, 1.023, 600, 348.271, 348.902, 0.631, 3000, 0, 348.902, 349.644, 0.742, 600, 349.644, 350.136, 0.492, 2000, 0,     7.856,
 341, 12, 342, 342, 343.102, 1.102, 11000, 0, 343.102, 344.269, 1.167, 555, 344.269, 345.287, 1.018, 16000, 0, 345.287, 347.68, 2.392, 1280, 347.68, 348.704, 1.024, 8000, 0, 348.704, 349.788, 1.085, 800, 349.788, 350.566, 0.777, 4000, 0, 350.566, 351.581, 1.016, 800, 351.581, 352.313, 0.732, 3000, 0,     8.479,
 342, 12, 343, 343, 343.89, 0.89, 8000, 0, 343.89, 345.193, 1.303, 438, 345.193, 346.107, 0.914, 13000, 0, 346.107, 347.844, 1.736, 1040, 347.844, 349.459, 1.616, 6000, 0, 349.459, 350.607, 1.147, 600, 350.607, 351.248, 0.641, 3000, 0, 351.248, 352.311, 1.063, 600, 352.311, 352.823, 0.512, 2000, 0,     8.421,
 343, 12, 344, 344, 344.844, 0.844, 8000, 0, 344.844, 346.054, 1.209, 423, 346.054, 346.833, 0.779, 12000, 0, 346.833, 349.317, 2.485, 960, 349.317, 350.245, 0.928, 6000, 0, 350.245, 351.357, 1.112, 600, 351.357, 351.927, 0.57, 3000, 0, 351.927, 353.012, 1.084, 600, 353.012, 353.492, 0.48, 2000, 0,     8.167,
 344, 12, 345, 345, 345.893, 0.893, 9000, 0, 345.893, 347.04, 1.147, 485, 347.04, 347.942, 0.902, 14000, 0, 347.942, 349.823, 1.881, 1120, 349.823, 351.149, 1.326, 7000, 0, 351.149, 352.277, 1.127, 700, 352.277, 352.855, 0.578, 3000, 0, 352.855, 353.75, 0.895, 600, 353.75, 354.238, 0.488, 2000, 0,     7.857,
 345, 12, 346, 346, 346.796, 0.796, 8000, 0, 346.796, 347.884, 1.087, 432, 347.884, 348.708, 0.824, 12000, 0, 348.708, 350.969, 2.261, 960, 350.969, 351.868, 0.9, 6000, 0, 351.868, 353.147, 1.278, 600, 353.147, 353.717, 0.57, 3000, 0, 353.717, 354.443, 0.726, 600, 354.443, 354.949, 0.506, 2000, 0,     7.647,
 346, 12, 347, 347, 348.138, 1.138, 11000, 0, 348.138, 349.383, 1.245, 598, 349.383, 350.395, 1.012, 17000, 0, 350.395, 352.693, 2.297, 1360, 352.693, 353.75, 1.057, 8000, 0, 353.75, 354.863, 1.113, 800, 354.863, 355.699, 0.836, 4000, 0, 355.699, 356.648, 0.949, 800, 356.648, 357.466, 0.818, 3000, 0,     8.510,
 347, 12, 348, 348, 349.307, 1.307, 11000, 0, 349.307, 350.602, 1.295, 587, 350.602, 351.676, 1.074, 17000, 0, 351.676, 353.997, 2.321, 1360, 353.997, 355.001, 1.004, 8000, 0, 355.001, 356.1, 1.099, 800, 356.1, 356.909, 0.809, 4000, 0, 356.909, 357.941, 1.032, 800, 357.941, 358.717, 0.776, 3000, 0,     8.634,
 348, 12, 349, 349, 350.407, 1.407, 11000, 0, 350.407, 351.778, 1.371, 599, 351.778, 352.848, 1.07, 17000, 0, 352.848, 355.158, 2.31, 1360, 355.158, 356.138, 0.98, 8000, 0, 356.138, 357.23, 1.093, 800, 357.23, 357.987, 0.757, 4000, 0, 357.987, 358.944, 0.957, 800, 358.944, 359.713, 0.769, 3000, 0,     8.537,
 349, 12, 350, 350, 351.516, 1.516, 11000, 0, 351.516, 352.858, 1.342, 561, 352.858, 353.905, 1.047, 16000, 0, 353.905, 356.203, 2.298, 1280, 356.203, 357.187, 0.984, 8000, 0, 357.187, 358.302, 1.115, 800, 358.302, 359.09, 0.788, 4000, 0, 359.09, 360.033, 0.944, 800, 360.033, 360.822, 0.788, 3000, 0,     8.518,
 350, 12, 351, 351, 352.481, 1.481, 10000, 0, 352.481, 353.905, 1.424, 522, 353.905, 354.894, 0.988, 15000, 0, 354.894, 357.253, 2.359, 1200, 357.253, 358.132, 0.88, 7000, 0, 358.132, 359.175, 1.043, 700, 359.175, 359.759, 0.584, 3000, 0, 359.759, 360.762, 1.003, 600, 360.762, 361.299, 0.537, 2000, 0,     8.281,
 351, 12, 352, 352, 353.552, 1.552, 11000, 0, 353.552, 355.04, 1.488, 569, 355.04, 356.092, 1.052, 17000, 0, 356.092, 358.537, 2.445, 1360, 358.537, 359.561, 1.024, 8000, 0, 359.561, 360.595, 1.035, 800, 360.595, 361.374, 0.778, 4000, 0, 361.374, 362.312, 0.938, 800, 362.312, 363.046, 0.735, 3000, 0,     8.759,
 352, 12, 353, 353, 354.48, 1.48, 9000, 0, 354.48, 356.04, 1.56, 495, 356.04, 357, 0.96, 14000, 0, 357, 359.135, 2.135, 1120, 359.135, 360.496, 1.361, 7000, 0, 360.496, 361.583, 1.088, 700, 361.583, 362.181, 0.598, 3000, 0, 362.181, 363.073, 0.892, 600, 363.073, 363.588, 0.515, 2000, 0,     8.593,
 353, 12, 354, 354, 355.386, 1.386, 9000, 0, 355.386, 357.073, 1.687, 496, 357.073, 357.985, 0.912, 14000, 0, 357.985, 360.36, 2.375, 1120, 360.36, 361.347, 0.986, 7000, 0, 361.347, 362.525, 1.178, 700, 362.525, 363.108, 0.583, 3000, 0, 363.108, 363.799, 0.691, 600, 363.799, 364.278, 0.479, 2000, 0,     8.413,
 354, 12, 355, 355, 356.437, 1.437, 10000, 0, 356.437, 358.096, 1.658, 505, 358.096, 359.04, 0.945, 15000, 0, 359.04, 361.067, 2.027, 1200, 361.067, 362.223, 1.156, 7000, 0, 362.223, 363.506, 1.283, 700, 363.506, 364.097, 0.591, 3000, 0, 364.097, 364.835, 0.738, 600, 364.835, 365.338, 0.503, 2000, 0,     8.398,
 355, 12, 356, 356, 357.243, 1.243, 8000, 0, 357.243, 358.952, 1.71, 421, 358.952, 359.773, 0.821, 12000, 0, 359.773, 361.918, 2.145, 960, 361.918, 362.979, 1.061, 6000, 0, 362.979, 364.33, 1.351, 600, 364.33, 364.929, 0.598, 3000, 0, 364.929, 365.665, 0.736, 600, 365.665, 366.188, 0.523, 2000, 0,     8.422,
 356, 12, 357, 357, 358.282, 1.282, 10000, 0, 358.282, 360.016, 1.733, 522, 360.016, 360.96, 0.944, 15000, 0, 360.96, 363.089, 2.129, 1200, 363.089, 363.991, 0.902, 7000, 0, 363.991, 365.273, 1.282, 700, 365.273, 365.844, 0.57, 3000, 0, 365.844, 366.526, 0.682, 600, 366.526, 367.052, 0.527, 2000, 0,     8.243,
 357, 12, 358, 358, 359.054, 1.054, 8000, 0, 359.054, 360.851, 1.798, 433, 360.851, 361.781, 0.93, 13000, 0, 361.781, 363.673, 1.891, 1040, 363.673, 364.762, 1.089, 6000, 0, 364.762, 366.052, 1.291, 600, 366.052, 366.668, 0.615, 3000, 0, 366.668, 367.429, 0.762, 600, 367.429, 367.917, 0.488, 2000, 0,     8.375,
 358, 12, 359, 359, 359.869, 0.869, 8000, 0, 359.869, 361.733, 1.864, 415, 361.733, 362.502, 0.769, 12000, 0, 362.502, 364.736, 2.233, 960, 364.736, 365.522, 0.786, 6000, 0, 365.522, 366.793, 1.271, 600, 366.793, 367.419, 0.626, 3000, 0, 367.419, 368.186, 0.767, 600, 368.186, 368.717, 0.531, 2000, 0,     8.317,
 359, 12, 360, 360, 360.913, 0.913, 9000, 0, 360.913, 362.623, 1.71, 459, 362.623, 363.427, 0.804, 13000, 0, 363.427, 365.445, 2.019, 1040, 365.445, 366.279, 0.833, 6000, 0, 366.279, 367.569, 1.29, 600, 367.569, 368.186, 0.617, 3000, 0, 368.186, 368.886, 0.7, 600, 368.886, 369.4, 0.515, 2000, 0,     7.973,
 360, 12, 361, 361, 361.883, 0.883, 9000, 0, 361.883, 363.607, 1.724, 479, 363.607, 364.506, 0.899, 14000, 0, 364.506, 366.62, 2.114, 1120, 366.62, 367.538, 0.919, 7000, 0, 367.538, 368.47, 0.932, 700, 368.47, 369.109, 0.639, 3000, 0, 369.109, 369.878, 0.769, 600, 369.878, 370.403, 0.525, 2000, 0,     7.994,
 361, 12, 362, 362, 362.806, 0.806, 8000, 0, 362.806, 364.481, 1.675, 431, 364.481, 365.234, 0.753, 12000, 0, 365.234, 367.048, 1.814, 960, 367.048, 368.268, 1.22, 6000, 0, 368.268, 369.271, 1.003, 600, 369.271, 369.887, 0.616, 3000, 0, 369.887, 370.546, 0.659, 600, 370.546, 371.03, 0.483, 2000, 0,     7.740,
 362, 12, 363, 363, 363.96, 0.96, 10000, 0, 363.96, 365.461, 1.501, 504, 365.461, 366.395, 0.934, 15000, 0, 366.395, 368.616, 2.221, 1200, 368.616, 369.463, 0.848, 7000, 0, 369.463, 370.401, 0.937, 700, 370.401, 371.03, 0.629, 3000, 0, 371.03, 371.726, 0.696, 600, 371.726, 372.221, 0.496, 2000, 0,     7.766,
 363, 12, 364, 364, 365.071, 1.071, 11000, 0, 365.071, 366.587, 1.516, 575, 366.587, 367.691, 1.104, 17000, 0, 367.691, 369.976, 2.285, 1360, 369.976, 371.006, 1.03, 8000, 0, 371.006, 372.112, 1.106, 800, 372.112, 372.943, 0.831, 4000, 0, 372.943, 373.942, 0.999, 800, 373.942, 374.681, 0.74, 3000, 0,     8.871,
 364, 12, 365, 365, 365.991, 0.991, 9000, 0, 365.991, 367.508, 1.517, 466, 367.508, 368.515, 1.007, 13000, 0, 368.515, 370.405, 1.891, 1040, 370.405, 371.763, 1.358, 6000, 0, 371.763, 372.919, 1.156, 600, 372.919, 373.56, 0.641, 3000, 0, 373.56, 374.679, 1.119, 600, 374.679, 375.166, 0.487, 2000, 0,     8.689,
 365, 12, 366, 366, 366.895, 0.895, 9000, 0, 366.895, 368.446, 1.551, 461, 368.446, 369.311, 0.865, 13000, 0, 369.311, 371.776, 2.464, 1040, 371.776, 372.542, 0.766, 6000, 0, 372.542, 373.748, 1.206, 600, 373.748, 374.353, 0.605, 3000, 0, 374.353, 375.366, 1.013, 600, 375.366, 375.886, 0.52, 2000, 0,     8.471,
 366, 12, 367, 367, 368.139, 1.139, 11000, 0, 368.139, 369.698, 1.558, 587, 369.698, 370.755, 1.058, 17000, 0, 370.755, 373.071, 2.316, 1360, 373.071, 374.108, 1.037, 8000, 0, 374.108, 375.173, 1.065, 800, 375.173, 376.02, 0.847, 4000, 0, 376.02, 376.957, 0.937, 800, 376.957, 377.761, 0.803, 3000, 0,     8.818,
 367, 12, 368, 368, 369.082, 1.082, 9000, 0, 369.082, 370.639, 1.557, 467, 370.639, 371.631, 0.992, 14000, 0, 371.631, 373.685, 2.054, 1120, 373.685, 374.942, 1.257, 7000, 0, 374.942, 376.124, 1.182, 700, 376.124, 376.725, 0.601, 3000, 0, 376.725, 377.677, 0.952, 600, 377.677, 378.261, 0.584, 2000, 0,     8.595,
 368, 12, 369, 369, 370.111, 1.111, 10000, 0, 370.111, 371.69, 1.58, 532, 371.69, 372.675, 0.984, 15000, 0, 372.675, 375.105, 2.43, 1200, 375.105, 376.034, 0.929, 7000, 0, 376.034, 377.102, 1.068, 700, 377.102, 377.679, 0.577, 3000, 0, 377.679, 378.382, 0.703, 600, 378.382, 378.878, 0.495, 2000, 0,     8.272,
 369, 12, 370, 370, 371.097, 1.097, 10000, 0, 371.097, 372.74, 1.643, 509, 372.74, 373.702, 0.962, 15000, 0, 373.702, 375.746, 2.044, 1200, 375.746, 376.946, 1.199, 7000, 0, 376.946, 378.027, 1.081, 700, 378.027, 378.637, 0.611, 3000, 0, 378.637, 379.398, 0.761, 600, 379.398, 379.904, 0.506, 2000, 0,     8.301,
 370, 12, 371, 371, 372.05, 1.05, 9000, 0, 372.05, 373.733, 1.684, 496, 373.733, 374.612, 0.878, 14000, 0, 374.612, 376.993, 2.381, 1120, 376.993, 377.857, 0.863, 7000, 0, 377.857, 378.948, 1.091, 700, 378.948, 379.574, 0.626, 3000, 0, 379.574, 380.378, 0.804, 600, 380.378, 380.882, 0.504, 2000, 0,     8.328,
 371, 12, 372, 372, 373.162, 1.162, 11000, 0, 373.162, 374.842, 1.68, 557, 374.842, 375.83, 0.988, 16000, 0, 375.83, 377.998, 2.169, 1280, 377.998, 379.072, 1.074, 8000, 0, 379.072, 380.206, 1.133, 800, 380.206, 380.992, 0.786, 4000, 0, 380.992, 381.975, 0.983, 800, 381.975, 382.705, 0.73, 3000, 0,     8.813,
 372, 12, 373, 373, 374.043, 1.043, 9000, 0, 374.043, 375.778, 1.735, 457, 375.778, 376.678, 0.9, 13000, 0, 376.678, 378.73, 2.051, 1040, 378.73, 379.826, 1.096, 6000, 0, 379.826, 381.02, 1.194, 600, 381.02, 381.595, 0.575, 3000, 0, 381.595, 382.721, 1.126, 600, 382.721, 383.236, 0.515, 2000, 0,     8.678,
 373, 12, 374, 374, 375.149, 1.149, 11000, 0, 375.149, 376.882, 1.733, 556, 376.882, 377.882, 1, 16000, 0, 377.882, 380.097, 2.215, 1280, 380.097, 381.093, 0.996, 8000, 0, 381.093, 382.148, 1.055, 800, 382.148, 382.904, 0.756, 4000, 0, 382.904, 383.842, 0.938, 800, 383.842, 384.592, 0.751, 3000, 0,     8.692,
 374, 12, 375, 375, 376.135, 1.135, 10000, 0, 376.135, 377.892, 1.757, 518, 377.892, 378.862, 0.97, 15000, 0, 378.862, 380.839, 1.977, 1200, 380.839, 381.936, 1.098, 7000, 0, 381.936, 383.05, 1.114, 700, 383.05, 383.65, 0.6, 3000, 0, 383.65, 384.622, 0.971, 600, 384.622, 385.167, 0.546, 2000, 0,     8.486,
 375, 12, 376, 376, 377.061, 1.061, 9000, 0, 377.061, 378.845, 1.784, 462, 378.845, 379.665, 0.82, 13000, 0, 379.665, 381.843, 2.178, 1040, 381.843, 382.721, 0.878, 6000, 0, 382.721, 383.907, 1.186, 600, 383.907, 384.541, 0.635, 3000, 0, 384.541, 385.399, 0.857, 600, 385.399, 385.893, 0.494, 2000, 0,     8.338,
 376, 12, 377, 377, 378.168, 1.168, 11000, 0, 378.168, 379.971, 1.802, 555, 379.971, 380.987, 1.016, 16000, 0, 380.987, 383.079, 2.093, 1280, 383.079, 384.065, 0.986, 8000, 0, 384.065, 385.111, 1.046, 800, 385.111, 385.893, 0.781, 4000, 0, 385.893, 386.905, 1.012, 800, 386.905, 387.657, 0.752, 3000, 0,     8.737,
 377, 12, 378, 378, 379.172, 1.172, 10000, 0, 379.172, 381.045, 1.872, 509, 381.045, 381.971, 0.926, 15000, 0, 381.971, 383.973, 2.002, 1200, 383.973, 384.917, 0.944, 7000, 0, 384.917, 386.049, 1.132, 700, 386.049, 386.666, 0.617, 3000, 0, 386.666, 387.577, 0.911, 600, 387.577, 388.162, 0.586, 2000, 0,     8.404,
 378, 12, 379, 379, 380.251, 1.251, 11000, 0, 380.251, 382.158, 1.907, 567, 382.158, 383.181, 1.023, 17000, 0, 383.181, 385.495, 2.314, 1360, 385.495, 386.467, 0.972, 8000, 0, 386.467, 387.486, 1.019, 800, 387.486, 388.365, 0.879, 4000, 0, 388.365, 389.278, 0.914, 800, 389.278, 390.022, 0.744, 3000, 0,     9.027,
 379, 12, 380, 380, 381.114, 1.114, 9000, 0, 381.114, 383.124, 2.01, 456, 383.124, 383.973, 0.849, 13000, 0, 383.973, 385.728, 1.754, 1040, 385.728, 387.219, 1.491, 6000, 0, 387.219, 388.292, 1.074, 600, 388.292, 389.013, 0.72, 3000, 0, 389.013, 390.01, 0.998, 600, 390.01, 390.514, 0.504, 2000, 0,     8.896,
 380, 12, 381, 381, 382.158, 1.158, 10000, 0, 382.158, 384.156, 1.998, 533, 384.156, 385.136, 0.979, 16000, 0, 385.136, 387.589, 2.453, 1280, 387.589, 388.603, 1.014, 8000, 0, 388.603, 389.692, 1.089, 800, 389.692, 390.463, 0.771, 4000, 0, 390.463, 391.38, 0.916, 800, 391.38, 392.143, 0.763, 3000, 0,     9.221,
 381, 12, 382, 382, 383.151, 1.151, 10000, 0, 383.151, 385.313, 2.162, 542, 385.313, 386.356, 1.043, 16000, 0, 386.356, 388.438, 2.082, 1280, 388.438, 389.593, 1.155, 8000, 0, 389.593, 390.771, 1.177, 800, 390.771, 391.53, 0.759, 4000, 0, 391.53, 392.468, 0.938, 800, 392.468, 393.238, 0.77, 3000, 0,     9.317,
 382, 12, 383, 383, 384.083, 1.083, 9000, 0, 384.083, 386.247, 2.164, 473, 386.247, 387.193, 0.946, 14000, 0, 387.193, 389.433, 2.24, 1120, 389.433, 390.473, 1.041, 7000, 0, 390.473, 391.666, 1.192, 700, 391.666, 392.247, 0.582, 3000, 0, 392.247, 393.159, 0.912, 600, 393.159, 393.721, 0.562, 2000, 0,     9.076,
 383, 12, 384, 384, 385.158, 1.158, 11000, 0, 385.158, 387.367, 2.209, 554, 387.367, 388.396, 1.029, 16000, 0, 388.396, 390.582, 2.186, 1280, 390.582, 391.565, 0.983, 8000, 0, 391.565, 392.766, 1.201, 800, 392.766, 393.639, 0.874, 4000, 0, 393.639, 394.612, 0.973, 800, 394.612, 395.364, 0.752, 3000, 0,     9.454,
 384, 12, 385, 385, 386.08, 1.08, 9000, 0, 386.08, 388.305, 2.225, 452, 388.305, 389.221, 0.916, 13000, 0, 389.221, 391.14, 1.92, 1040, 391.14, 392.288, 1.148, 6000, 0, 392.288, 393.599, 1.311, 600, 393.599, 394.241, 0.642, 3000, 0, 394.241, 395.35, 1.109, 600, 395.35, 395.848, 0.498, 2000, 0,     9.270,
 385, 12, 386, 386, 387.225, 1.225, 11000, 0, 387.225, 389.49, 2.265, 582, 389.49, 390.537, 1.048, 17000, 0, 390.537, 392.82, 2.283, 1360, 392.82, 393.822, 1.002, 8000, 0, 393.822, 394.894, 1.072, 800, 394.894, 395.735, 0.842, 4000, 0, 395.735, 396.687, 0.951, 800, 396.687, 397.439, 0.753, 3000, 0,     9.462,
 386, 12, 387, 387, 388.295, 1.295, 11000, 0, 388.295, 390.693, 2.398, 592, 390.693, 391.702, 1.009, 17000, 0, 391.702, 394.016, 2.314, 1360, 394.016, 395.036, 1.02, 8000, 0, 395.036, 396.136, 1.1, 800, 396.136, 396.96, 0.824, 4000, 0, 396.96, 398.01, 1.051, 800, 398.01, 398.744, 0.734, 3000, 0,     9.716,
 387, 12, 388, 388, 389.105, 1.105, 8000, 0, 389.105, 391.591, 2.486, 443, 391.591, 392.513, 0.922, 13000, 0, 392.513, 394.593, 2.08, 1040, 394.593, 395.792, 1.199, 6000, 0, 395.792, 396.96, 1.168, 600, 396.96, 397.556, 0.596, 3000, 0, 397.556, 398.732, 1.176, 600, 398.732, 399.269, 0.536, 2000, 0,     9.627,
 388, 12, 389, 389, 390.117, 1.117, 10000, 0, 390.117, 392.648, 2.532, 535, 392.648, 393.652, 1.003, 16000, 0, 393.652, 396.17, 2.518, 1280, 396.17, 397.177, 1.007, 8000, 0, 397.177, 398.273, 1.096, 800, 398.273, 399.104, 0.83, 4000, 0, 399.104, 400.016, 0.912, 800, 400.016, 400.719, 0.703, 3000, 0,     9.899,
 389, 12, 390, 390, 390.911, 0.911, 8000, 0, 390.911, 393.52, 2.609, 433, 393.52, 394.509, 0.988, 13000, 0, 394.509, 396.351, 1.843, 1040, 396.351, 397.918, 1.566, 6000, 0, 397.918, 399.087, 1.17, 600, 399.087, 399.724, 0.637, 3000, 0, 399.724, 400.717, 0.993, 600, 400.717, 401.201, 0.484, 2000, 0,     9.805,
 391, 12, 392, 392, 392.794, 0.794, 8000, 0, 392.794, 395.414, 2.62, 416, 395.414, 396.219, 0.805, 12000, 0, 396.219, 397.969, 1.75, 960, 397.969, 398.726, 0.757, 6000, 0, 398.726, 399.924, 1.198, 600, 399.924, 400.487, 0.564, 3000, 0, 400.487, 401.416, 0.929, 600, 401.416, 401.914, 0.498, 2000, 0,     8.622,
 390, 12, 391, 391, 391.91, 0.91, 9000, 0, 391.91, 394.541, 2.631, 496, 394.541, 395.384, 0.844, 14000, 0, 395.384, 398.048, 2.663, 1120, 398.048, 399.591, 1.543, 7000, 0, 399.591, 400.788, 1.197, 700, 400.788, 401.416, 0.628, 3000, 0, 401.416, 402.189, 0.773, 600, 402.189, 402.681, 0.493, 2000, 0,    10.279,
 392, 12, 393, 393, 393.818, 0.818, 8000, 0, 393.818, 396.297, 2.48, 428, 396.297, 397.037, 0.739, 12000, 0, 397.037, 399.609, 2.572, 960, 399.609, 400.367, 0.759, 6000, 0, 400.367, 401.585, 1.218, 600, 401.585, 402.201, 0.616, 3000, 0, 402.201, 402.885, 0.684, 600, 402.885, 403.402, 0.516, 2000, 0,     9.068,
 393, 12, 394, 394, 395.012, 1.012, 10000, 0, 395.012, 397.328, 2.316, 508, 397.328, 398.28, 0.952, 15000, 0, 398.28, 400.264, 1.983, 1200, 400.264, 401.26, 0.996, 7000, 0, 401.26, 402.51, 1.25, 700, 402.51, 403.101, 0.591, 3000, 0, 403.101, 403.867, 0.766, 600, 403.867, 404.38, 0.513, 2000, 0,     8.855,
 394, 12, 395, 395, 395.967, 0.967, 10000, 0, 395.967, 398.352, 2.386, 500, 398.352, 399.291, 0.939, 15000, 0, 399.291, 401.551, 2.26, 1200, 401.551, 402.46, 0.909, 7000, 0, 402.46, 403.441, 0.981, 700, 403.441, 404.062, 0.621, 3000, 0, 404.062, 404.788, 0.726, 600, 404.788, 405.341, 0.552, 2000, 0,     8.822,
 395, 12, 396, 396, 396.801, 0.801, 8000, 0, 396.801, 399.194, 2.393, 441, 399.194, 400.139, 0.945, 13000, 0, 400.139, 401.967, 1.828, 1040, 401.967, 403.23, 1.263, 6000, 0, 403.23, 404.212, 0.982, 600, 404.212, 404.868, 0.656, 3000, 0, 404.868, 405.624, 0.756, 600, 405.624, 406.109, 0.485, 2000, 0,     8.823,
 396, 12, 397, 397, 397.97, 0.97, 10000, 0, 397.97, 400.227, 2.257, 510, 400.227, 401.191, 0.964, 15000, 0, 401.191, 403.576, 2.386, 1200, 403.576, 404.484, 0.908, 7000, 0, 404.484, 405.444, 0.96, 700, 405.444, 406.109, 0.664, 3000, 0, 406.109, 406.813, 0.704, 600, 406.813, 407.326, 0.512, 2000, 0,     8.843,
 397, 12, 398, 398, 398.773, 0.773, 8000, 0, 398.773, 401.06, 2.287, 422, 401.06, 401.979, 0.919, 12000, 0, 401.979, 403.596, 1.617, 960, 403.596, 405.279, 1.683, 6000, 0, 405.279, 406.276, 0.997, 600, 406.276, 406.873, 0.597, 3000, 0, 406.873, 407.595, 0.723, 600, 407.595, 408.107, 0.512, 2000, 0,     8.823,
 398, 12, 399, 399, 399.824, 0.824, 8000, 0, 399.824, 401.979, 2.155, 441, 401.979, 402.766, 0.787, 13000, 0, 402.766, 405.313, 2.547, 1040, 405.313, 406.036, 0.723, 6000, 0, 406.036, 407.091, 1.055, 600, 407.091, 407.679, 0.588, 3000, 0, 407.679, 408.418, 0.739, 600, 408.418, 408.937, 0.519, 2000, 0,     8.594,
 399, 12, 400, 400, 401.04, 1.04, 10000, 0, 401.04, 403.047, 2.007, 530, 403.047, 403.951, 0.904, 15000, 0, 403.951, 405.959, 2.008, 1200, 405.959, 406.897, 0.938, 7000, 0, 406.897, 408.036, 1.139, 700, 408.036, 408.647, 0.612, 3000, 0, 408.647, 409.37, 0.722, 600, 409.37, 409.907, 0.537, 2000, 0,     8.330,
 400, 12, 402, 402, 403.106, 1.106, 11000, 0, 403.106, 404.276, 1.17, 569, 404.276, 405.399, 1.122, 17000, 0, 405.399, 407.687, 2.288, 1360, 407.687, 408.639, 0.952, 8000, 0, 408.639, 409.7, 1.061, 800, 409.7, 410.476, 0.775, 4000, 0, 410.476, 411.474, 0.999, 800, 411.474, 412.269, 0.795, 3000, 0,     8.368,
 401, 12, 403, 403, 404.192, 1.192, 11000, 0, 404.192, 405.399, 1.207, 550, 405.399, 406.389, 0.99, 16000, 0, 406.389, 408.499, 2.111, 1280, 408.499, 409.645, 1.145, 8000, 0, 409.645, 410.805, 1.16, 800, 410.805, 411.607, 0.802, 4000, 0, 411.607, 412.593, 0.986, 800, 412.593, 413.326, 0.733, 3000, 0,     8.401,
 402, 12, 404, 404, 405.327, 1.327, 11000, 0, 405.327, 406.499, 1.172, 559, 406.499, 407.505, 1.007, 16000, 0, 407.505, 409.767, 2.262, 1280, 409.767, 410.818, 1.051, 8000, 0, 410.818, 411.888, 1.07, 800, 411.888, 412.7, 0.812, 4000, 0, 412.7, 413.641, 0.941, 800, 413.641, 414.412, 0.771, 3000, 0,     8.315,
 403, 12, 405, 405, 406.225, 1.225, 9000, 0, 406.225, 407.398, 1.173, 455, 407.398, 408.279, 0.881, 13000, 0, 408.279, 410.215, 1.935, 1040, 410.215, 411.577, 1.362, 6000, 0, 411.577, 412.728, 1.152, 600, 412.728, 413.378, 0.649, 3000, 0, 413.378, 414.39, 1.013, 600, 414.39, 414.945, 0.555, 2000, 0,     8.165,
 404, 12, 406, 406, 407.061, 1.061, 8000, 0, 407.061, 408.279, 1.219, 433, 408.279, 409.098, 0.819, 13000, 0, 409.098, 411.493, 2.394, 1040, 411.493, 412.272, 0.779, 6000, 0, 412.272, 413.511, 1.239, 600, 413.511, 414.156, 0.645, 3000, 0, 414.156, 415.096, 0.94, 600, 415.096, 415.586, 0.49, 2000, 0,     8.036,
 405, 12, 407, 407, 407.974, 0.974, 9000, 0, 407.974, 409.167, 1.193, 451, 409.167, 410.02, 0.853, 13000, 0, 410.02, 411.968, 1.948, 1040, 411.968, 413.023, 1.055, 6000, 0, 413.023, 414.36, 1.337, 600, 414.36, 414.98, 0.621, 3000, 0, 414.98, 415.87, 0.889, 600, 415.87, 416.38, 0.51, 2000, 0,     7.896,
 406, 12, 408, 408, 408.943, 0.943, 9000, 0, 408.943, 410.111, 1.168, 456, 410.111, 410.916, 0.805, 13000, 0, 410.916, 413.266, 2.35, 1040, 413.266, 414.016, 0.75, 6000, 0, 414.016, 415.196, 1.18, 600, 415.196, 415.789, 0.593, 3000, 0, 415.789, 416.584, 0.795, 600, 416.584, 417.094, 0.51, 2000, 0,     7.641,
 407, 12, 409, 409, 409.892, 0.892, 9000, 0, 409.892, 411.127, 1.236, 471, 411.127, 412.008, 0.881, 14000, 0, 412.008, 413.862, 1.854, 1120, 413.862, 414.891, 1.029, 7000, 0, 414.891, 416.151, 1.26, 700, 416.151, 416.8, 0.649, 3000, 0, 416.8, 417.528, 0.728, 600, 417.528, 418.017, 0.489, 2000, 0,     7.636,
 408, 12, 410, 410, 411.097, 1.097, 11000, 0, 411.097, 412.419, 1.322, 599, 412.419, 413.479, 1.06, 17000, 0, 413.479, 415.678, 2.199, 1360, 415.678, 416.697, 1.019, 8000, 0, 416.697, 417.793, 1.095, 800, 417.793, 418.633, 0.84, 4000, 0, 418.633, 419.6, 0.967, 800, 419.6, 420.356, 0.756, 3000, 0,     8.503,
 409, 12, 411, 411, 411.948, 0.948, 8000, 0, 411.948, 413.307, 1.359, 400, 413.307, 414.237, 0.931, 12000, 0, 414.237, 415.802, 1.565, 960, 415.802, 417.489, 1.687, 6000, 0, 417.489, 418.587, 1.098, 600, 418.587, 419.243, 0.655, 3000, 0, 419.243, 420.288, 1.045, 600, 420.288, 420.868, 0.58, 2000, 0,     8.339,
 410, 12, 412, 412, 412.786, 0.786, 8000, 0, 412.786, 414.252, 1.466, 448, 414.252, 415.041, 0.789, 13000, 0, 415.041, 417.427, 2.386, 1040, 417.427, 418.296, 0.869, 6000, 0, 418.296, 419.429, 1.133, 600, 419.429, 420.093, 0.664, 3000, 0, 420.093, 421.044, 0.951, 600, 421.044, 421.562, 0.518, 2000, 0,     8.258,
 411, 12, 413, 413, 413.878, 0.878, 9000, 0, 413.878, 415.242, 1.365, 484, 415.242, 416.173, 0.93, 14000, 0, 416.173, 418.077, 1.904, 1120, 418.077, 419.183, 1.106, 7000, 0, 419.183, 420.348, 1.165, 700, 420.348, 420.993, 0.645, 3000, 0, 420.993, 421.788, 0.795, 600, 421.788, 422.302, 0.515, 2000, 0,     7.910,
 412, 12, 414, 414, 414.799, 0.799, 8000, 0, 414.799, 416.148, 1.348, 442, 416.148, 417.03, 0.882, 13000, 0, 417.03, 419.217, 2.187, 1040, 419.217, 419.971, 0.754, 6000, 0, 419.971, 421.121, 1.15, 600, 421.121, 421.736, 0.615, 3000, 0, 421.736, 422.563, 0.827, 600, 422.563, 423.094, 0.532, 2000, 0,     7.763,
 413, 12, 415, 415, 416.068, 1.068, 11000, 0, 416.068, 417.257, 1.188, 560, 417.257, 418.3, 1.043, 16000, 0, 418.3, 420.463, 2.163, 1280, 420.463, 421.463, 1, 8000, 0, 421.463, 422.543, 1.079, 800, 422.543, 423.38, 0.837, 4000, 0, 423.38, 424.348, 0.968, 800, 424.348, 425.093, 0.745, 3000, 0,     8.280,
 414, 12, 416, 416, 417.086, 1.086, 10000, 0, 417.086, 418.356, 1.271, 544, 418.356, 419.357, 1, 16000, 0, 419.357, 421.515, 2.159, 1280, 421.515, 422.495, 0.98, 8000, 0, 422.495, 423.633, 1.138, 800, 423.633, 424.424, 0.791, 4000, 0, 424.424, 425.399, 0.975, 800, 425.399, 426.155, 0.756, 3000, 0,     8.313,
 415, 12, 417, 417, 417.906, 0.906, 8000, 0, 417.906, 419.205, 1.299, 436, 419.205, 420.207, 1.002, 13000, 0, 420.207, 422.232, 2.025, 1040, 422.232, 423.235, 1.003, 6000, 0, 423.235, 424.389, 1.154, 600, 424.389, 425.062, 0.673, 3000, 0, 425.062, 426.106, 1.044, 600, 426.106, 426.671, 0.565, 2000, 0,     8.201,
 416, 12, 418, 418, 418.786, 0.786, 8000, 0, 418.786, 420.079, 1.293, 429, 420.079, 420.938, 0.859, 12000, 0, 420.938, 423.138, 2.2, 960, 423.138, 424.019, 0.881, 6000, 0, 424.019, 425.199, 1.18, 600, 425.199, 425.84, 0.641, 3000, 0, 425.84, 426.874, 1.033, 600, 426.874, 427.385, 0.511, 2000, 0,     8.088,
 417, 12, 419, 419, 419.913, 0.913, 9000, 0, 419.913, 421.01, 1.097, 468, 421.01, 421.905, 0.896, 14000, 0, 421.905, 424.142, 2.237, 1120, 424.142, 425.011, 0.869, 7000, 0, 425.011, 426.177, 1.166, 700, 426.177, 426.761, 0.584, 3000, 0, 426.761, 427.605, 0.844, 600, 427.605, 428.121, 0.516, 2000, 0,     7.692,
 418, 12, 420, 420, 420.891, 0.891, 9000, 0, 420.891, 421.979, 1.088, 463, 421.979, 422.772, 0.793, 13000, 0, 422.772, 424.904, 2.132, 1040, 424.904, 425.754, 0.85, 6000, 0, 425.754, 427, 1.246, 600, 427, 427.627, 0.627, 3000, 0, 427.627, 428.347, 0.719, 600, 428.347, 428.882, 0.535, 2000, 0,     7.456,
 419, 12, 421, 421, 421.929, 0.929, 9000, 0, 421.929, 422.993, 1.064, 488, 422.993, 423.854, 0.86, 14000, 0, 423.854, 426.032, 2.179, 1120, 426.032, 426.894, 0.862, 7000, 0, 426.894, 427.943, 1.048, 700, 427.943, 428.541, 0.598, 3000, 0, 428.541, 429.324, 0.783, 600, 429.324, 429.787, 0.463, 2000, 0,     7.395,
 420, 12, 422, 422, 422.914, 0.914, 9000, 0, 422.914, 423.97, 1.057, 481, 423.97, 424.841, 0.871, 14000, 0, 424.841, 426.773, 1.931, 1120, 426.773, 427.788, 1.015, 7000, 0, 427.788, 428.914, 1.126, 700, 428.914, 429.499, 0.586, 3000, 0, 429.499, 430.184, 0.685, 600, 430.184, 430.68, 0.496, 2000, 0,     7.271,
 421, 12, 423, 423, 423.904, 0.904, 9000, 0, 423.904, 425.017, 1.113, 497, 425.017, 425.878, 0.861, 14000, 0, 425.878, 427.847, 1.969, 1120, 427.847, 428.774, 0.927, 7000, 0, 428.774, 429.871, 1.097, 700, 429.871, 430.471, 0.6, 3000, 0, 430.471, 431.202, 0.731, 600, 431.202, 431.725, 0.523, 2000, 0,     7.298,
 422, 12, 424, 424, 425.057, 1.057, 10000, 0, 425.057, 426.072, 1.015, 517, 426.072, 427.024, 0.952, 15000, 0, 427.024, 428.986, 1.962, 1200, 428.986, 429.857, 0.871, 7000, 0, 429.857, 430.785, 0.928, 700, 430.785, 431.357, 0.572, 3000, 0, 431.357, 432.096, 0.738, 600, 432.096, 432.585, 0.49, 2000, 0,     7.038,
 423, 12, 425, 425, 425.982, 0.982, 9000, 0, 425.982, 426.954, 0.972, 459, 426.954, 427.82, 0.867, 13000, 0, 427.82, 429.589, 1.768, 1040, 429.589, 430.636, 1.048, 6000, 0, 430.636, 431.582, 0.945, 600, 431.582, 432.191, 0.609, 3000, 0, 432.191, 432.922, 0.732, 600, 432.922, 433.42, 0.498, 2000, 0,     6.940,
 424, 12, 426, 426, 427.16, 1.16, 11000, 0, 427.16, 428.271, 1.11, 556, 428.271, 429.282, 1.011, 16000, 0, 429.282, 431.423, 2.141, 1280, 431.423, 432.42, 0.998, 8000, 0, 432.42, 433.494, 1.073, 800, 433.494, 434.297, 0.803, 4000, 0, 434.297, 435.275, 0.978, 800, 435.275, 435.972, 0.698, 3000, 0,     8.114,
 425, 12, 427, 427, 428.293, 1.293, 11000, 0, 428.293, 429.336, 1.043, 552, 429.336, 430.36, 1.024, 16000, 0, 430.36, 432.495, 2.136, 1280, 432.495, 433.516, 1.021, 8000, 0, 433.516, 434.594, 1.078, 800, 434.594, 435.389, 0.794, 4000, 0, 435.389, 436.314, 0.926, 800, 436.314, 437.078, 0.764, 3000, 0,     8.022,
 426, 12, 428, 428, 429.308, 1.308, 10000, 0, 429.308, 430.414, 1.107, 512, 430.414, 431.327, 0.912, 15000, 0, 431.327, 433.407, 2.081, 1200, 433.407, 434.39, 0.983, 7000, 0, 434.39, 435.585, 1.195, 700, 435.585, 436.227, 0.641, 3000, 0, 436.227, 437.029, 0.803, 600, 437.029, 437.583, 0.554, 2000, 0,     7.722,
 427, 12, 429, 429, 430.193, 1.193, 9000, 0, 430.193, 431.378, 1.185, 479, 431.378, 432.236, 0.857, 14000, 0, 432.236, 434.384, 2.148, 1120, 434.384, 435.245, 0.861, 7000, 0, 435.245, 436.576, 1.331, 700, 436.576, 437.194, 0.618, 3000, 0, 437.194, 437.917, 0.723, 600, 437.917, 438.399, 0.482, 2000, 0,     7.724,
 428, 12, 430, 430, 431.241, 1.241, 10000, 0, 431.241, 432.414, 1.174, 518, 432.414, 433.346, 0.932, 15000, 0, 433.346, 435.465, 2.119, 1200, 435.465, 436.38, 0.915, 7000, 0, 436.38, 437.547, 1.167, 700, 437.547, 438.111, 0.564, 3000, 0, 438.111, 438.805, 0.695, 600, 438.805, 439.383, 0.578, 2000, 0,     7.564,
 429, 12, 431, 431, 432.34, 1.34, 11000, 0, 432.34, 433.629, 1.289, 599, 433.629, 434.684, 1.055, 17000, 0, 434.684, 436.935, 2.251, 1360, 436.935, 437.938, 1.002, 8000, 0, 437.938, 439.039, 1.101, 800, 439.039, 439.888, 0.849, 4000, 0, 439.888, 440.816, 0.928, 800, 440.816, 441.588, 0.772, 3000, 0,     8.476,
 430, 12, 432, 432, 433.373, 1.373, 10000, 0, 433.373, 434.745, 1.372, 522, 434.745, 435.659, 0.913, 15000, 0, 435.659, 437.651, 1.992, 1200, 437.651, 438.841, 1.191, 7000, 0, 438.841, 439.925, 1.083, 700, 439.925, 440.469, 0.544, 3000, 0, 440.469, 441.525, 1.056, 600, 441.525, 442.154, 0.629, 2000, 0,     8.152,
 431, 12, 433, 433, 434.374, 1.374, 10000, 0, 434.374, 435.698, 1.324, 500, 435.698, 436.627, 0.929, 15000, 0, 436.627, 438.929, 2.302, 1200, 438.929, 439.814, 0.885, 7000, 0, 439.814, 440.836, 1.021, 700, 440.836, 441.469, 0.633, 3000, 0, 441.469, 442.276, 0.808, 600, 442.276, 442.778, 0.501, 2000, 0,     7.902,
 432, 12, 434, 434, 435.217, 1.217, 8000, 0, 435.217, 436.504, 1.288, 410, 436.504, 437.406, 0.902, 12000, 0, 437.406, 439.26, 1.854, 960, 439.26, 440.604, 1.344, 6000, 0, 440.604, 441.672, 1.069, 600, 441.672, 442.298, 0.626, 3000, 0, 442.298, 442.995, 0.697, 600, 442.995, 443.496, 0.501, 2000, 0,     7.779,
 433, 12, 435, 435, 435.996, 0.996, 8000, 0, 435.996, 437.367, 1.371, 410, 437.367, 438.212, 0.845, 12000, 0, 438.212, 440.528, 2.316, 960, 440.528, 441.339, 0.812, 6000, 0, 441.339, 442.551, 1.212, 600, 442.551, 443.146, 0.595, 3000, 0, 443.146, 443.881, 0.735, 600, 443.881, 444.417, 0.535, 2000, 0,     7.885,
 434, 12, 436, 436, 436.991, 0.991, 10000, 0, 436.991, 438.385, 1.394, 504, 438.385, 439.346, 0.961, 15000, 0, 439.346, 441.321, 1.976, 1200, 441.321, 442.237, 0.916, 7000, 0, 442.237, 443.477, 1.24, 700, 443.477, 444.065, 0.588, 3000, 0, 444.065, 444.8, 0.734, 600, 444.8, 445.31, 0.511, 2000, 0,     7.809,
 435, 12, 437, 437, 438.136, 1.136, 11000, 0, 438.136, 439.534, 1.397, 554, 439.534, 440.51, 0.976, 16000, 0, 440.51, 442.686, 2.176, 1280, 442.686, 443.734, 1.048, 8000, 0, 443.734, 444.78, 1.045, 800, 444.78, 445.566, 0.786, 4000, 0, 445.566, 446.464, 0.899, 800, 446.464, 447.227, 0.763, 3000, 0,     8.328,
 436, 12, 438, 438, 439.08, 1.08, 9000, 0, 439.08, 440.488, 1.408, 486, 440.488, 441.368, 0.88, 14000, 0, 441.368, 443.25, 1.883, 1120, 443.25, 444.589, 1.339, 7000, 0, 444.589, 445.74, 1.151, 700, 445.74, 446.341, 0.601, 3000, 0, 446.341, 447.197, 0.856, 600, 447.197, 447.737, 0.54, 2000, 0,     8.118,
 437, 12, 439, 439, 439.855, 0.855, 8000, 0, 439.855, 441.285, 1.43, 409, 441.285, 442.118, 0.833, 12000, 0, 442.118, 444.268, 2.15, 960, 444.268, 445.366, 1.098, 6000, 0, 445.366, 446.559, 1.194, 600, 446.559, 447.145, 0.586, 3000, 0, 447.145, 448, 0.855, 600, 448, 448.518, 0.518, 2000, 0,     8.145,
 438, 12, 440, 440, 440.977, 0.977, 10000, 0, 440.977, 442.31, 1.334, 513, 442.31, 443.222, 0.912, 15000, 0, 443.222, 445.211, 1.989, 1200, 445.211, 446.236, 1.025, 7000, 0, 446.236, 447.466, 1.23, 700, 447.466, 448.016, 0.55, 3000, 0, 448.016, 448.712, 0.696, 600, 448.712, 449.226, 0.514, 2000, 0,     7.735,
 439, 12, 441, 441, 442.11, 1.11, 11000, 0, 442.11, 443.443, 1.332, 574, 443.443, 444.517, 1.075, 17000, 0, 444.517, 446.797, 2.279, 1360, 446.797, 447.829, 1.032, 8000, 0, 447.829, 448.891, 1.062, 800, 448.891, 449.703, 0.813, 4000, 0, 449.703, 450.727, 1.024, 800, 450.727, 451.53, 0.803, 3000, 0,     8.617,
 440, 12, 442, 442, 443.005, 1.005, 9000, 0, 443.005, 444.366, 1.362, 468, 444.366, 445.425, 1.059, 14000, 0, 445.425, 447.339, 1.914, 1120, 447.339, 448.712, 1.373, 7000, 0, 448.712, 449.835, 1.123, 700, 449.835, 450.423, 0.587, 3000, 0, 450.423, 451.456, 1.034, 600, 451.456, 452.11, 0.654, 2000, 0,     8.452,
 441, 12, 443, 443, 444.042, 1.042, 10000, 0, 444.042, 445.442, 1.401, 527, 445.442, 446.412, 0.969, 15000, 0, 446.412, 448.801, 2.389, 1200, 448.801, 449.692, 0.891, 7000, 0, 449.692, 450.798, 1.106, 700, 450.798, 451.425, 0.627, 3000, 0, 451.425, 452.195, 0.77, 600, 452.195, 452.726, 0.531, 2000, 0,     8.153,
 442, 12, 444, 444, 444.826, 0.826, 8000, 0, 444.826, 446.288, 1.462, 431, 446.288, 447.154, 0.866, 12000, 0, 447.154, 448.921, 1.767, 960, 448.921, 450.428, 1.507, 6000, 0, 450.428, 451.66, 1.232, 600, 451.66, 452.245, 0.586, 3000, 0, 452.245, 452.936, 0.69, 600, 452.936, 453.487, 0.551, 2000, 0,     8.109,
 443, 12, 445, 445, 445.808, 0.808, 8000, 0, 445.808, 447.167, 1.359, 421, 447.167, 447.861, 0.694, 12000, 0, 447.861, 450.402, 2.541, 960, 450.402, 451.18, 0.778, 6000, 0, 451.18, 452.437, 1.258, 600, 452.437, 453.018, 0.58, 3000, 0, 453.018, 453.756, 0.738, 600, 453.756, 454.24, 0.484, 2000, 0,     7.948,
 444, 12, 446, 446, 447.153, 1.153, 11000, 0, 447.153, 448.343, 1.19, 571, 448.343, 449.389, 1.046, 17000, 0, 449.389, 451.661, 2.272, 1360, 451.661, 452.673, 1.012, 8000, 0, 452.673, 453.779, 1.107, 800, 453.779, 454.593, 0.814, 4000, 0, 454.593, 455.579, 0.986, 800, 455.579, 456.352, 0.773, 3000, 0,     8.426,
 445, 12, 447, 447, 448.074, 1.074, 9000, 0, 448.074, 449.259, 1.185, 476, 449.259, 450.269, 1.01, 14000, 0, 450.269, 452.273, 2.003, 1120, 452.273, 453.552, 1.28, 7000, 0, 453.552, 454.775, 1.222, 700, 454.775, 455.33, 0.555, 3000, 0, 455.33, 456.288, 0.958, 600, 456.288, 456.885, 0.597, 2000, 0,     8.214,
 446, 12, 448, 448, 448.973, 0.973, 9000, 0, 448.973, 450.219, 1.247, 487, 450.219, 451.164, 0.945, 14000, 0, 451.164, 453.55, 2.386, 1120, 453.55, 454.446, 0.896, 7000, 0, 454.446, 455.677, 1.231, 700, 455.677, 456.29, 0.613, 3000, 0, 456.29, 456.953, 0.663, 600, 456.953, 457.459, 0.507, 2000, 0,     7.980,
 447, 12, 449, 449, 450.133, 1.133, 11000, 0, 450.133, 451.355, 1.222, 561, 451.355, 452.349, 0.994, 16000, 0, 452.349, 454.483, 2.134, 1280, 454.483, 455.514, 1.031, 8000, 0, 455.514, 456.748, 1.235, 800, 456.748, 457.549, 0.8, 4000, 0, 457.549, 458.548, 0.999, 800, 458.548, 459.33, 0.783, 3000, 0,     8.414,
 448, 12, 450, 450, 451.084, 1.084, 10000, 0, 451.084, 452.43, 1.346, 531, 452.43, 453.412, 0.982, 15000, 0, 453.412, 455.58, 2.168, 1200, 455.58, 456.493, 0.913, 7000, 0, 456.493, 457.672, 1.179, 700, 457.672, 458.245, 0.573, 3000, 0, 458.245, 459.275, 1.03, 600, 459.275, 459.879, 0.603, 2000, 0,     8.192,
 449, 12, 451, 451, 452.226, 1.226, 11000, 0, 452.226, 453.53, 1.305, 556, 453.53, 454.496, 0.966, 16000, 0, 454.496, 456.638, 2.142, 1280, 456.638, 457.642, 1.004, 8000, 0, 457.642, 458.762, 1.12, 800, 458.762, 459.513, 0.751, 4000, 0, 459.513, 460.508, 0.996, 800, 460.508, 461.236, 0.727, 3000, 0,     8.283,
 450, 12, 452, 452, 453.253, 1.253, 10000, 0, 453.253, 454.572, 1.319, 501, 454.572, 455.518, 0.946, 15000, 0, 455.518, 457.572, 2.054, 1200, 457.572, 458.474, 0.902, 7000, 0, 458.474, 459.725, 1.251, 700, 459.725, 460.343, 0.617, 3000, 0, 460.343, 461.253, 0.911, 600, 461.253, 461.784, 0.531, 2000, 0,     8.000,
 451, 12, 453, 453, 454.226, 1.226, 10000, 0, 454.226, 455.69, 1.464, 538, 455.69, 456.68, 0.99, 16000, 0, 456.68, 458.824, 2.144, 1280, 458.824, 459.816, 0.992, 8000, 0, 459.816, 460.908, 1.092, 800, 460.908, 461.748, 0.84, 4000, 0, 461.748, 462.693, 0.945, 800, 462.693, 463.464, 0.77, 3000, 0,     8.467,
 452, 12, 454, 454, 455.023, 1.023, 8000, 0, 455.023, 456.586, 1.563, 413, 456.586, 457.427, 0.841, 12000, 0, 457.427, 459.197, 1.77, 960, 459.197, 460.572, 1.375, 6000, 0, 460.572, 461.736, 1.164, 600, 461.736, 462.366, 0.63, 3000, 0, 462.366, 463.455, 1.089, 600, 463.455, 463.99, 0.535, 2000, 0,     8.432,
 453, 12, 455, 455, 455.921, 0.921, 9000, 0, 455.921, 457.637, 1.716, 498, 457.637, 458.532, 0.894, 14000, 0, 458.532, 460.674, 2.142, 1120, 460.674, 461.568, 0.894, 7000, 0, 461.568, 462.66, 1.092, 700, 462.66, 463.308, 0.648, 3000, 0, 463.308, 464.225, 0.917, 600, 464.225, 464.736, 0.512, 2000, 0,     8.304,
 454, 12, 456, 456, 457.04, 1.04, 10000, 0, 457.04, 458.732, 1.692, 547, 458.732, 459.669, 0.937, 16000, 0, 459.669, 461.793, 2.124, 1280, 461.793, 462.787, 0.994, 8000, 0, 462.787, 463.833, 1.046, 800, 463.833, 464.625, 0.792, 4000, 0, 464.625, 465.624, 0.999, 800, 465.624, 466.395, 0.771, 3000, 0,     8.584,
 455, 12, 457, 457, 458.063, 1.063, 10000, 0, 458.063, 459.801, 1.737, 524, 459.801, 460.739, 0.939, 15000, 0, 460.739, 462.784, 2.045, 1200, 462.784, 463.699, 0.915, 7000, 0, 463.699, 464.811, 1.112, 700, 464.811, 465.43, 0.619, 3000, 0, 465.43, 466.393, 0.963, 600, 466.393, 466.886, 0.493, 2000, 0,     8.330,
 456, 12, 458, 458, 459.197, 1.197, 11000, 0, 459.197, 461, 1.803, 582, 461, 462.023, 1.023, 17000, 0, 462.023, 464.302, 2.279, 1360, 464.302, 465.365, 1.063, 8000, 0, 465.365, 466.462, 1.098, 800, 466.462, 467.29, 0.827, 4000, 0, 467.29, 468.242, 0.952, 800, 468.242, 468.985, 0.743, 3000, 0,     9.045,
 457, 12, 459, 459, 460.032, 1.032, 8000, 0, 460.032, 461.926, 1.894, 443, 461.926, 462.85, 0.924, 13000, 0, 462.85, 464.577, 1.726, 1040, 464.577, 466.12, 1.543, 6000, 0, 466.12, 467.283, 1.163, 600, 467.283, 467.873, 0.59, 3000, 0, 467.873, 468.983, 1.11, 600, 468.983, 469.504, 0.52, 2000, 0,     8.951,
 458, 12, 460, 460, 461.13, 1.13, 11000, 0, 461.13, 463.071, 1.941, 576, 463.071, 464.134, 1.062, 17000, 0, 464.134, 466.583, 2.45, 1360, 466.583, 467.585, 1.002, 8000, 0, 467.585, 468.644, 1.06, 800, 468.644, 469.527, 0.883, 4000, 0, 469.527, 470.476, 0.948, 800, 470.476, 471.217, 0.742, 3000, 0,     9.346,
 459, 12, 461, 461, 462.08, 1.08, 9000, 0, 462.08, 464.029, 1.949, 483, 464.029, 464.97, 0.941, 14000, 0, 464.97, 466.842, 1.871, 1120, 466.842, 468.456, 1.614, 7000, 0, 468.456, 469.58, 1.124, 700, 469.58, 470.19, 0.61, 3000, 0, 470.19, 471.205, 1.015, 600, 471.205, 471.732, 0.527, 2000, 0,     9.125,
 460, 12, 462, 462, 462.898, 0.898, 8000, 0, 462.898, 464.914, 2.016, 436, 464.914, 465.797, 0.883, 13000, 0, 465.797, 468.34, 2.543, 1040, 468.34, 469.234, 0.894, 6000, 0, 469.234, 470.431, 1.197, 600, 470.431, 471.013, 0.582, 3000, 0, 471.013, 471.956, 0.944, 600, 471.956, 472.54, 0.584, 2000, 0,     9.058,
 461, 12, 463, 463, 463.829, 0.829, 8000, 0, 463.829, 465.81, 1.981, 444, 465.81, 466.603, 0.793, 13000, 0, 466.603, 468.585, 1.982, 1040, 468.585, 469.983, 1.398, 6000, 0, 469.983, 471.26, 1.277, 600, 471.26, 471.84, 0.58, 3000, 0, 471.84, 472.693, 0.853, 600, 472.693, 473.203, 0.51, 2000, 0,     8.864,
 462, 12, 464, 464, 465.034, 1.034, 10000, 0, 465.034, 466.827, 1.793, 527, 466.827, 467.759, 0.932, 15000, 0, 467.759, 470.362, 2.603, 1200, 470.362, 471.24, 0.878, 7000, 0, 471.24, 472.192, 0.952, 700, 472.192, 472.779, 0.587, 3000, 0, 472.779, 473.547, 0.768, 600, 473.547, 474.076, 0.529, 2000, 0,     8.513,
 463, 12, 465, 465, 466.018, 1.018, 10000, 0, 466.018, 467.935, 1.917, 545, 467.935, 468.948, 1.013, 16000, 0, 468.948, 471.101, 2.153, 1280, 471.101, 472.192, 1.091, 8000, 0, 472.192, 473.293, 1.101, 800, 473.293, 474.165, 0.872, 4000, 0, 474.165, 475.127, 0.962, 800, 475.127, 475.919, 0.792, 3000, 0,     9.109,
 464, 12, 466, 466, 466.794, 0.794, 8000, 0, 466.794, 468.788, 1.993, 412, 468.788, 469.7, 0.912, 12000, 0, 469.7, 471.986, 2.286, 960, 471.986, 472.959, 0.974, 6000, 0, 472.959, 474.099, 1.14, 600, 474.099, 474.781, 0.681, 3000, 0, 474.781, 475.864, 1.083, 600, 475.864, 476.408, 0.545, 2000, 0,     9.069,
 465, 12, 467, 467, 467.761, 0.761, 8000, 0, 467.761, 469.626, 1.865, 423, 469.626, 470.456, 0.83, 12000, 0, 470.456, 472.701, 2.245, 960, 472.701, 473.693, 0.992, 6000, 0, 473.693, 474.846, 1.152, 600, 474.846, 475.433, 0.587, 3000, 0, 475.433, 476.564, 1.131, 600, 476.564, 477.156, 0.592, 2000, 0,     8.803,
 466, 12, 468, 468, 468.812, 0.812, 8000, 0, 468.812, 470.466, 1.654, 416, 470.466, 471.254, 0.788, 12000, 0, 471.254, 473.586, 2.332, 960, 473.586, 474.4, 0.814, 6000, 0, 474.4, 475.641, 1.241, 600, 475.641, 476.216, 0.575, 3000, 0, 476.216, 477.322, 1.106, 600, 477.322, 477.83, 0.509, 2000, 0,     8.509,
 467, 12, 469, 469, 470.062, 1.062, 11000, 0, 470.062, 471.598, 1.536, 566, 471.598, 472.613, 1.015, 16000, 0, 472.613, 474.877, 2.264, 1280, 474.877, 475.926, 1.049, 8000, 0, 475.926, 477.065, 1.139, 800, 477.065, 477.89, 0.825, 4000, 0, 477.89, 478.842, 0.952, 800, 478.842, 479.614, 0.772, 3000, 0,     8.780,
 468, 12, 470, 470, 471.051, 1.051, 10000, 0, 471.051, 472.613, 1.562, 536, 472.613, 473.586, 0.973, 16000, 0, 473.586, 475.779, 2.193, 1280, 475.779, 476.896, 1.117, 8000, 0, 476.896, 478.141, 1.246, 800, 478.141, 478.987, 0.846, 4000, 0, 478.987, 479.938, 0.951, 800, 479.938, 480.699, 0.761, 3000, 0,     8.887,
 469, 12, 471, 471, 472.126, 1.126, 11000, 0, 472.126, 473.751, 1.624, 559, 473.751, 474.754, 1.004, 16000, 0, 474.754, 477.056, 2.302, 1280, 477.056, 478.026, 0.97, 8000, 0, 478.026, 479.335, 1.309, 800, 479.335, 480.167, 0.832, 4000, 0, 480.167, 481.17, 1.003, 800, 481.17, 481.976, 0.805, 3000, 0,     9.044,
 470, 12, 472, 472, 473.024, 1.024, 9000, 0, 473.024, 474.699, 1.675, 471, 474.699, 475.629, 0.931, 14000, 0, 475.629, 477.644, 2.015, 1120, 477.644, 478.872, 1.228, 7000, 0, 478.872, 480.317, 1.445, 700, 480.317, 480.949, 0.631, 3000, 0, 480.949, 481.904, 0.955, 600, 481.904, 482.507, 0.603, 2000, 0,     8.881,
 471, 12, 473, 473, 473.934, 0.934, 9000, 0, 473.934, 475.629, 1.695, 459, 475.629, 476.397, 0.768, 13000, 0, 476.397, 478.722, 2.325, 1040, 478.722, 479.588, 0.866, 6000, 0, 479.588, 481.153, 1.566, 600, 481.153, 481.712, 0.559, 3000, 0, 481.712, 482.664, 0.952, 600, 482.664, 483.189, 0.526, 2000, 0,     8.729,
 472, 12, 474, 474, 475.118, 1.118, 11000, 0, 475.118, 476.742, 1.625, 560, 476.742, 477.731, 0.989, 16000, 0, 477.731, 479.814, 2.083, 1280, 479.814, 480.824, 1.01, 8000, 0, 480.824, 482.281, 1.457, 800, 482.281, 483.14, 0.859, 4000, 0, 483.14, 484.144, 1.004, 800, 484.144, 484.894, 0.751, 3000, 0,     9.026,
 473, 12, 475, 475, 476.218, 1.218, 11000, 0, 476.218, 477.93, 1.712, 578, 477.93, 478.988, 1.058, 17000, 0, 478.988, 481.229, 2.241, 1360, 481.229, 482.241, 1.012, 8000, 0, 482.241, 483.323, 1.082, 800, 483.323, 484.096, 0.772, 4000, 0, 484.096, 485.111, 1.015, 800, 485.111, 485.929, 0.819, 3000, 0,     8.893,
 474, 12, 476, 476, 477.219, 1.219, 10000, 0, 477.219, 478.961, 1.742, 530, 478.961, 479.975, 1.014, 15000, 0, 479.975, 481.985, 2.01, 1200, 481.985, 483.096, 1.111, 7000, 0, 483.096, 484.264, 1.168, 700, 484.264, 484.868, 0.604, 3000, 0, 484.868, 485.868, 1, 600, 485.868, 486.438, 0.57, 2000, 0,     8.649,
 475, 12, 477, 477, 478.362, 1.362, 11000, 0, 478.362, 480.154, 1.792, 569, 480.154, 481.269, 1.115, 17000, 0, 481.269, 483.607, 2.338, 1360, 483.607, 484.651, 1.044, 8000, 0, 484.651, 485.679, 1.028, 800, 485.679, 486.489, 0.81, 4000, 0, 486.489, 487.448, 0.96, 800, 487.448, 488.195, 0.746, 3000, 0,     9.087,
 476, 12, 478, 478, 479.36, 1.36, 10000, 0, 479.36, 481.219, 1.859, 536, 481.219, 482.235, 1.017, 16000, 0, 482.235, 484.416, 2.181, 1280, 484.416, 485.639, 1.223, 8000, 0, 485.639, 486.752, 1.113, 800, 486.752, 487.614, 0.862, 4000, 0, 487.614, 488.627, 1.013, 800, 488.627, 489.339, 0.711, 3000, 0,     9.268,
 477, 12, 479, 479, 480.42, 1.42, 11000, 0, 480.42, 482.42, 2.001, 573, 482.42, 483.525, 1.105, 17000, 0, 483.525, 485.867, 2.342, 1360, 485.867, 486.864, 0.997, 8000, 0, 486.864, 487.96, 1.096, 800, 487.96, 488.754, 0.793, 4000, 0, 488.754, 489.727, 0.974, 800, 489.727, 490.501, 0.773, 3000, 0,     9.307,
 478, 12, 480, 480, 481.251, 1.251, 8000, 0, 481.251, 483.27, 2.019, 438, 483.27, 484.297, 1.027, 13000, 0, 484.297, 486.108, 1.812, 1040, 486.108, 487.673, 1.564, 6000, 0, 487.673, 488.752, 1.079, 600, 488.752, 489.339, 0.587, 3000, 0, 489.339, 490.492, 1.153, 600, 490.492, 490.949, 0.457, 2000, 0,     9.241,
 479, 12, 481, 481, 482.342, 1.342, 11000, 0, 482.342, 484.396, 2.054, 572, 484.396, 485.442, 1.046, 17000, 0, 485.442, 488.105, 2.663, 1360, 488.105, 489.215, 1.11, 8000, 0, 489.215, 490.292, 1.077, 800, 490.292, 491.19, 0.898, 4000, 0, 491.19, 492.195, 1.005, 800, 492.195, 493.013, 0.818, 3000, 0,     9.854,
 480, 12, 482, 482, 483.258, 1.258, 9000, 0, 483.258, 485.461, 2.203, 494, 485.461, 486.383, 0.921, 14000, 0, 486.383, 488.254, 1.872, 1120, 488.254, 490.11, 1.856, 7000, 0, 490.11, 491.195, 1.085, 700, 491.195, 491.813, 0.618, 3000, 0, 491.813, 492.911, 1.098, 600, 492.911, 493.517, 0.606, 2000, 0,     9.653,
 481, 12, 483, 483, 484.163, 1.163, 9000, 0, 484.163, 486.478, 2.315, 480, 486.478, 487.349, 0.87, 14000, 0, 487.349, 489.955, 2.606, 1120, 489.955, 491.028, 1.073, 7000, 0, 491.028, 492.091, 1.063, 700, 492.091, 492.763, 0.671, 3000, 0, 492.763, 493.666, 0.903, 600, 493.666, 494.211, 0.546, 2000, 0,     9.502,
 482, 12, 484, 484, 485.186, 1.186, 10000, 0, 485.186, 487.557, 2.37, 531, 487.557, 488.511, 0.954, 15000, 0, 488.511, 490.487, 1.976, 1200, 490.487, 491.915, 1.428, 7000, 0, 491.915, 493.078, 1.163, 700, 493.078, 493.692, 0.614, 3000, 0, 493.692, 494.413, 0.72, 600, 494.413, 494.932, 0.52, 2000, 0,     9.226,
 483, 12, 485, 485, 485.93, 0.93, 8000, 0, 485.93, 488.453, 2.523, 432, 488.453, 489.256, 0.803, 12000, 0, 489.256, 491.522, 2.265, 960, 491.522, 492.66, 1.138, 6000, 0, 492.66, 493.9, 1.24, 600, 493.9, 494.576, 0.675, 3000, 0, 494.576, 495.309, 0.733, 600, 495.309, 495.801, 0.492, 2000, 0,     9.378,
 484, 12, 486, 486, 487.1, 1.1, 11000, 0, 487.1, 489.566, 2.466, 568, 489.566, 490.628, 1.062, 17000, 0, 490.628, 492.824, 2.196, 1360, 492.824, 493.834, 1.01, 8000, 0, 493.834, 494.97, 1.135, 800, 494.97, 495.791, 0.821, 4000, 0, 495.791, 496.77, 0.979, 800, 496.77, 497.467, 0.697, 3000, 0,     9.671,
 485, 12, 487, 487, 488.03, 1.03, 9000, 0, 488.03, 490.507, 2.477, 474, 490.507, 491.458, 0.952, 14000, 0, 491.458, 493.36, 1.902, 1120, 493.36, 494.679, 1.319, 7000, 0, 494.679, 495.923, 1.244, 700, 495.923, 496.552, 0.629, 3000, 0, 496.552, 497.526, 0.975, 600, 497.526, 498.051, 0.524, 2000, 0,     9.497,
 486, 12, 488, 488, 488.924, 0.924, 9000, 0, 488.924, 491.522, 2.598, 490, 491.522, 492.425, 0.903, 14000, 0, 492.425, 494.731, 2.306, 1120, 494.731, 495.579, 0.848, 7000, 0, 495.579, 496.868, 1.289, 700, 496.868, 497.467, 0.599, 3000, 0, 497.467, 498.262, 0.795, 600, 498.262, 498.752, 0.49, 2000, 0,     9.338,
 487, 12, 489, 489, 489.837, 0.837, 8000, 0, 489.837, 492.398, 2.561, 438, 492.398, 493.191, 0.793, 13000, 0, 493.191, 495.136, 1.946, 1040, 495.136, 496.352, 1.215, 6000, 0, 496.352, 497.642, 1.29, 600, 497.642, 498.303, 0.661, 3000, 0, 498.303, 499.014, 0.711, 600, 499.014, 499.503, 0.489, 2000, 0,     9.177,
 488, 12, 490, 490, 490.825, 0.825, 8000, 0, 490.825, 493.248, 2.423, 424, 493.248, 494, 0.752, 12000, 0, 494, 496.347, 2.347, 960, 496.347, 497.084, 0.737, 6000, 0, 497.084, 498.46, 1.376, 600, 498.46, 499.068, 0.608, 3000, 0, 499.068, 499.745, 0.676, 600, 499.745, 500.265, 0.52, 2000, 0,     8.920,
 489, 12, 491, 491, 491.891, 0.891, 9000, 0, 491.891, 494.178, 2.287, 460, 494.178, 494.983, 0.805, 13000, 0, 494.983, 496.902, 1.919, 1040, 496.902, 497.823, 0.921, 6000, 0, 497.823, 499.225, 1.402, 600, 499.225, 499.838, 0.613, 3000, 0, 499.838, 500.553, 0.715, 600, 500.553, 501.063, 0.51, 2000, 0,     8.662,
 490, 12, 492, 492, 492.837, 0.837, 8000, 0, 492.837, 495.037, 2.199, 417, 495.037, 495.801, 0.764, 12000, 0, 495.801, 497.961, 2.16, 960, 497.961, 498.695, 0.734, 6000, 0, 498.695, 500.138, 1.443, 600, 500.138, 500.74, 0.603, 3000, 0, 500.74, 501.486, 0.745, 600, 501.486, 501.967, 0.481, 2000, 0,     8.648,
 491, 12, 493, 493, 494.027, 1.027, 10000, 0, 494.027, 496.114, 2.087, 538, 496.114, 497.128, 1.014, 16000, 0, 497.128, 499.237, 2.109, 1280, 499.237, 500.261, 1.024, 8000, 0, 500.261, 501.33, 1.069, 800, 501.33, 502.089, 0.758, 4000, 0, 502.089, 503.074, 0.985, 800, 503.074, 503.877, 0.804, 3000, 0,     9.046,
 492, 12, 494, 494, 495.107, 1.107, 11000, 0, 495.107, 497.22, 2.113, 550, 497.22, 498.223, 1.003, 16000, 0, 498.223, 500.344, 2.122, 1280, 500.344, 501.335, 0.991, 8000, 0, 501.335, 502.427, 1.092, 800, 502.427, 503.239, 0.812, 4000, 0, 503.239, 504.186, 0.947, 800, 504.186, 504.946, 0.76, 3000, 0,     9.079,
 493, 12, 495, 495, 496.101, 1.101, 10000, 0, 496.101, 498.256, 2.155, 508, 498.256, 499.227, 0.971, 15000, 0, 499.227, 501.235, 2.007, 1200, 501.235, 502.174, 0.939, 7000, 0, 502.174, 503.362, 1.188, 700, 503.362, 503.945, 0.583, 3000, 0, 503.945, 504.924, 0.98, 600, 504.924, 505.459, 0.535, 2000, 0,     8.823,
 494, 12, 496, 496, 497.026, 1.026, 9000, 0, 497.026, 499.15, 2.124, 455, 499.15, 500.069, 0.92, 13000, 0, 500.069, 502.096, 2.027, 1040, 502.096, 502.925, 0.829, 6000, 0, 502.925, 504.166, 1.241, 600, 504.166, 504.804, 0.638, 3000, 0, 504.804, 505.646, 0.841, 600, 505.646, 506.136, 0.49, 2000, 0,     8.620,
 495, 12, 497, 497, 497.863, 0.863, 8000, 0, 497.863, 499.961, 2.097, 402, 499.961, 500.797, 0.837, 12000, 0, 500.797, 502.9, 2.103, 960, 502.9, 503.724, 0.824, 6000, 0, 503.724, 504.944, 1.22, 600, 504.944, 505.526, 0.581, 3000, 0, 505.526, 506.338, 0.812, 600, 506.338, 506.828, 0.49, 2000, 0,     8.475,
 496, 12, 498, 498, 498.97, 0.97, 10000, 0, 498.97, 501.079, 2.109, 540, 501.079, 502.096, 1.017, 16000, 0, 502.096, 504.302, 2.206, 1280, 504.302, 505.337, 1.034, 8000, 0, 505.337, 506.48, 1.144, 800, 506.48, 507.319, 0.838, 4000, 0, 507.319, 508.3, 0.982, 800, 508.3, 509.043, 0.743, 3000, 0,     9.330,
 497, 12, 499, 499, 500.117, 1.117, 11000, 0, 500.117, 502.286, 2.169, 582, 502.286, 503.407, 1.121, 17000, 0, 503.407, 505.696, 2.289, 1360, 505.696, 506.701, 1.005, 8000, 0, 506.701, 507.767, 1.066, 800, 507.767, 508.595, 0.827, 4000, 0, 508.595, 509.535, 0.94, 800, 509.535, 510.269, 0.734, 3000, 0,     9.418,
 498, 12, 500, 500, 500.934, 0.934, 8000, 0, 500.934, 503.169, 2.235, 432, 503.169, 504.155, 0.986, 12000, 0, 504.155, 505.926, 1.771, 960, 505.926, 507.463, 1.537, 6000, 0, 507.463, 508.495, 1.032, 600, 508.495, 509.234, 0.739, 3000, 0, 509.234, 510.341, 1.107, 600, 510.341, 510.814, 0.473, 2000, 0,     9.407,
#======================================
#Number of workloads:499
#Timeout workloads:0
#Timeout workloads per cent:0.0
#Over workloads:0
#Over workloads per cent:0.0
#Number of Cloudlets:1996
#Over Cloudlets:0
#Over Cloudlets per cent:0.0
#Number of transmissions:2495
#Over transmissions:0
#Over transmissions per cent:0.0
#======================================
#Total serve time:4476.732400188633
#CPU serve time:3144.1831198152527
#Network serve time:2161.596997340569
#Average total serve time:8.971407615608483
#Average CPU serve time per workload:6.3009681759824705
#Average network serve time per workload:4.331857710101341
#Average CPU serve time per Cloudlet:1.5752420439956176
#Average network serve time per transmission:0.8663715420202681
