#======================================
Workload_ID,    App_ID,SubmitTime,Tr:StartTime,Tr:EndTime,Tr:NetworkTime,   Tr:Size,Tr:Channel,Pr:StartTime,Pr:EndTime,Pr:CPUTime,   Pr:Size,Tr:StartTime,Tr:EndTime,Tr:NetworkTime,   Tr:Size,Tr:Channel,ResponseTime,
 0, 29, 0, 0, 0.939, 0.939, 13000, 0, 0.939, 2.902, 1.963, 1367, 2.902, 3.771, 0.869, 13000, 0,     1.963,
 1, 29, 1, 1, 1.863, 0.863, 12000, 0, 1.863, 3.669, 1.806, 1264, 3.669, 4.571, 0.902, 12000, 0,     1.806,
 2, 29, 2, 2, 3.083, 1.083, 15000, 0, 3.083, 5.297, 2.214, 1551, 5.297, 6.299, 1.002, 15000, 0,     2.214,
 3, 29, 3, 3, 4.154, 1.154, 15000, 0, 4.154, 6.39, 2.236, 1563, 6.39, 7.402, 1.012, 15000, 0,     2.236,
 4, 29, 4, 4, 5.297, 1.297, 16000, 0, 5.297, 7.635, 2.338, 1636, 7.635, 8.704, 1.069, 16000, 0,     2.338,
 5, 29, 5, 5, 6.093, 1.093, 11000, 0, 6.093, 8.066, 1.973, 1168, 8.066, 9.438, 1.372, 11000, 0,     1.973,
 6, 29, 6, 6, 7.235, 1.235, 16000, 0, 7.235, 9.964, 2.729, 1631, 9.964, 11.038, 1.073, 16000, 0,     2.729,
 7, 29, 7, 7, 8.164, 1.164, 13000, 0, 8.164, 10.046, 1.882, 1318, 10.046, 11.914, 1.868, 13000, 0,     1.882,
 8, 29, 8, 8, 8.95, 0.95, 11000, 0, 8.95, 11.68, 2.73, 1197, 11.68, 12.647, 0.967, 11000, 0,     2.730,
 9, 29, 9, 9, 10.077, 1.077, 15000, 0, 10.077, 12.354, 2.277, 1594, 12.354, 13.647, 1.293, 15000, 0,     2.277,
 10, 29, 10, 10, 11.149, 1.149, 15000, 0, 11.149, 13.88, 2.731, 1533, 13.88, 14.882, 1.002, 15000, 0,     2.731,
 11, 29, 11, 11, 12.22, 1.22, 15000, 0, 12.22, 14.509, 2.289, 1509, 14.509, 15.882, 1.372, 15000, 0,     2.289,
 12, 29, 12, 12, 13.363, 1.363, 16000, 0, 13.363, 16.206, 2.843, 1623, 16.206, 17.28, 1.074, 16000, 0,     2.843,
 13, 29, 13, 13, 14.292, 1.292, 13000, 0, 14.292, 16.383, 2.092, 1308, 16.383, 18.147, 1.764, 13000, 0,     2.092,
 14, 29, 14, 14, 15.22, 1.22, 13000, 0, 15.22, 18.07, 2.85, 1306, 18.07, 19.024, 0.954, 13000, 0,     2.850,
 15, 29, 15, 15, 16.291, 1.291, 15000, 0, 16.291, 18.612, 2.321, 1550, 18.612, 20.034, 1.421, 15000, 0,     2.321,
 16, 29, 16, 16, 17.436, 1.436, 16000, 0, 17.436, 20.39, 2.953, 1624, 20.39, 21.458, 1.069, 16000, 0,     2.953,
 17, 29, 17, 17, 18.508, 1.508, 15000, 0, 18.508, 20.89, 2.383, 1595, 20.89, 22.458, 1.568, 15000, 0,     2.383,
 19, 29, 19, 19, 20.508, 1.508, 12000, 0, 20.508, 22.69, 2.182, 1251, 22.69, 23.492, 0.802, 12000, 0,     2.182,
 18, 29, 18, 18, 19.651, 1.651, 16000, 0, 19.651, 22.75, 3.1, 1649, 22.75, 24.559, 1.808, 16000, 0,     3.100,
 21, 29, 21, 21, 22.365, 1.365, 11000, 0, 22.365, 24.444, 2.078, 1175, 24.444, 25.292, 0.848, 11000, 0,     2.078,
 20, 29, 20, 20, 21.58, 1.58, 15000, 0, 21.58, 24.876, 3.297, 1531, 24.876, 26.302, 1.425, 15000, 0,     3.297,
 22, 29, 22, 22, 23.437, 1.437, 15000, 0, 23.437, 26.595, 3.158, 1506, 26.595, 27.597, 1.002, 15000, 0,     3.158,
 23, 29, 23, 23, 24.58, 1.58, 16000, 0, 24.58, 27.172, 2.592, 1607, 27.172, 28.664, 1.492, 16000, 0,     2.592,
 24, 29, 24, 24, 25.365, 1.365, 11000, 0, 25.365, 28.307, 2.942, 1195, 28.307, 29.397, 1.09, 11000, 0,     2.942,
 25, 29, 25, 25, 26.222, 1.222, 12000, 0, 26.222, 28.919, 2.696, 1221, 28.919, 30.197, 1.279, 12000, 0,     2.696,
 27, 29, 27, 27, 28.087, 1.087, 11000, 0, 28.087, 30.574, 2.487, 1156, 30.574, 31.309, 0.735, 11000, 0,     2.487,
 26, 29, 26, 26, 27.294, 1.294, 15000, 0, 27.294, 30.594, 3.3, 1598, 30.594, 32.309, 1.715, 15000, 0,     3.300,
 29, 29, 29, 29, 30.23, 1.23, 14000, 0, 30.23, 32.663, 2.433, 1445, 32.663, 33.599, 0.936, 14000, 0,     2.433,
 28, 29, 28, 28, 29.23, 1.23, 16000, 0, 29.23, 32.968, 3.738, 1677, 32.968, 34.666, 1.697, 16000, 0,     3.738,
 31, 29, 31, 31, 32.087, 1.087, 11000, 0, 32.087, 34.621, 2.534, 1158, 34.621, 35.401, 0.78, 11000, 0,     2.534,
 30, 29, 30, 30, 31.301, 1.301, 15000, 0, 31.301, 34.906, 3.605, 1562, 34.906, 36.404, 1.498, 15000, 0,     3.605,
 33, 29, 33, 33, 34.026, 1.026, 11000, 0, 34.026, 36.599, 2.573, 1180, 36.599, 37.334, 0.735, 11000, 0,     2.573,
 32, 29, 32, 32, 33.235, 1.235, 16000, 0, 33.235, 36.917, 3.682, 1606, 36.917, 38.4, 1.483, 16000, 0,     3.682,
 34, 29, 34, 34, 35.026, 1.026, 14000, 0, 35.026, 38.75, 3.724, 1498, 38.75, 39.685, 0.935, 14000, 0,     3.724,
 35, 29, 35, 35, 36.026, 1.026, 14000, 0, 36.026, 39.02, 2.994, 1473, 39.02, 40.618, 1.598, 14000, 0,     2.994,
 36, 29, 36, 36, 36.883, 0.883, 12000, 0, 36.883, 40.523, 3.64, 1229, 40.523, 41.418, 0.895, 12000, 0,     3.640,
 37, 29, 37, 37, 37.863, 0.863, 12000, 0, 37.863, 40.793, 2.93, 1237, 40.793, 42.228, 1.435, 12000, 0,     2.930,
 38, 29, 38, 38, 39.077, 1.077, 15000, 0, 39.077, 42.733, 3.655, 1541, 42.733, 43.735, 1.002, 15000, 0,     3.655,
 39, 29, 39, 39, 40.078, 1.078, 14000, 0, 40.078, 42.816, 2.738, 1413, 42.816, 44.668, 1.852, 14000, 0,     2.738,
 40, 29, 40, 40, 40.944, 0.944, 12000, 0, 40.944, 44.535, 3.591, 1253, 44.535, 45.468, 0.933, 12000, 0,     3.591,
 41, 29, 41, 41, 41.935, 0.935, 13000, 0, 41.935, 44.786, 2.852, 1380, 44.786, 46.335, 1.549, 13000, 0,     2.852,
 43, 29, 43, 43, 43.863, 0.863, 12000, 0, 43.863, 46.507, 2.644, 1205, 46.507, 47.309, 0.802, 12000, 0,     2.644,
 42, 29, 42, 42, 43.006, 1.006, 14000, 0, 43.006, 46.563, 3.557, 1420, 46.563, 48.242, 1.679, 14000, 0,     3.557,
 44, 29, 44, 44, 44.863, 0.863, 12000, 0, 44.863, 48.309, 3.446, 1261, 48.309, 49.111, 0.802, 12000, 0,     3.446,
 45, 29, 45, 45, 45.939, 0.939, 13000, 0, 45.939, 48.526, 2.587, 1367, 48.526, 49.977, 1.451, 13000, 0,     2.587,
 46, 29, 46, 46, 47.157, 1.157, 16000, 0, 47.157, 50.635, 3.479, 1618, 50.635, 51.704, 1.069, 16000, 0,     3.479,
 47, 29, 47, 47, 48.228, 1.228, 15000, 0, 48.228, 50.802, 2.574, 1593, 50.802, 52.704, 1.902, 15000, 0,     2.574,
 48, 29, 48, 48, 49.299, 1.299, 15000, 0, 49.299, 52.847, 3.547, 1549, 52.847, 53.849, 1.002, 15000, 0,     3.547,
 49, 29, 49, 49, 50.371, 1.371, 15000, 0, 50.371, 52.982, 2.612, 1520, 52.982, 54.85, 1.868, 15000, 0,     2.612,
 50, 29, 50, 50, 51.442, 1.442, 15000, 0, 51.442, 55.063, 3.621, 1552, 55.063, 56.066, 1.003, 15000, 0,     3.621,
 51, 29, 51, 51, 52.442, 1.442, 14000, 0, 52.442, 55.118, 2.676, 1489, 55.118, 56.999, 1.881, 14000, 0,     2.676,
 52, 29, 52, 52, 53.371, 1.371, 13000, 0, 53.371, 56.956, 3.585, 1326, 56.956, 57.866, 0.909, 13000, 0,     3.585,
 53, 29, 53, 53, 54.299, 1.299, 13000, 0, 54.299, 57.063, 2.764, 1353, 57.063, 58.739, 1.675, 13000, 0,     2.764,
 55, 29, 55, 55, 56.093, 1.093, 12000, 0, 56.093, 58.813, 2.72, 1213, 58.813, 59.617, 0.804, 12000, 0,     2.720,
 54, 29, 54, 54, 55.228, 1.228, 13000, 0, 55.228, 58.827, 3.599, 1310, 58.827, 60.484, 1.656, 13000, 0,     3.599,
 56, 29, 56, 56, 56.878, 0.878, 11000, 0, 56.878, 60.429, 3.55, 1131, 60.429, 61.217, 0.788, 11000, 0,     3.550,
 57, 29, 57, 57, 58.077, 1.077, 15000, 0, 58.077, 61.05, 2.973, 1557, 61.05, 62.217, 1.167, 15000, 0,     2.973,
 58, 29, 58, 58, 58.936, 0.936, 12000, 0, 58.936, 62.184, 3.248, 1227, 62.184, 63.018, 0.834, 12000, 0,     3.248,
 59, 29, 59, 59, 59.795, 0.795, 11000, 0, 59.795, 62.719, 2.924, 1169, 62.719, 63.755, 1.036, 11000, 0,     2.924,
 60, 29, 60, 60, 61.016, 1.016, 14000, 0, 61.016, 64.207, 3.191, 1414, 64.207, 65.142, 0.935, 14000, 0,     3.191,
 61, 29, 61, 61, 61.805, 0.805, 11000, 0, 61.805, 64.359, 2.554, 1140, 64.359, 65.885, 1.526, 11000, 0,     2.554,
 63, 29, 63, 63, 64.149, 1.149, 14000, 0, 64.149, 66.385, 2.236, 1419, 66.385, 67.327, 0.942, 14000, 0,     2.236,
 62, 29, 62, 62, 63.149, 1.149, 16000, 0, 63.149, 66.53, 3.381, 1627, 66.53, 68.393, 1.863, 16000, 0,     3.381,
 64, 29, 64, 64, 65.016, 1.016, 12000, 0, 65.016, 68.166, 3.15, 1244, 68.166, 69.197, 1.031, 12000, 0,     3.150,
 65, 29, 65, 65, 65.949, 0.949, 13000, 0, 65.949, 68.446, 2.497, 1341, 68.446, 70.064, 1.618, 13000, 0,     2.497,
 66, 29, 66, 66, 67.149, 1.149, 16000, 0, 67.149, 70.482, 3.333, 1622, 70.482, 71.551, 1.069, 16000, 0,     3.333,
 67, 29, 67, 67, 68.22, 1.22, 15000, 0, 68.22, 70.698, 2.477, 1574, 70.698, 72.551, 1.853, 15000, 0,     2.477,
 68, 29, 68, 68, 69.22, 1.22, 14000, 0, 69.22, 72.589, 3.369, 1471, 72.589, 73.524, 0.935, 14000, 0,     3.369,
 69, 29, 69, 69, 70.363, 1.363, 16000, 0, 70.363, 73.087, 2.724, 1662, 73.087, 74.596, 1.509, 16000, 0,     2.724,
 70, 29, 70, 70, 71.227, 1.227, 12000, 0, 71.227, 74.335, 3.108, 1220, 74.335, 75.396, 1.061, 12000, 0,     3.108,
 71, 29, 71, 71, 72.227, 1.227, 14000, 0, 72.227, 75.212, 2.985, 1488, 75.212, 76.329, 1.117, 14000, 0,     2.985,
 72, 29, 72, 72, 73.016, 1.016, 11000, 0, 73.016, 75.977, 2.961, 1150, 75.977, 77.062, 1.086, 11000, 0,     2.961,
 73, 29, 73, 73, 73.873, 0.873, 12000, 0, 73.873, 77.036, 3.163, 1268, 77.036, 77.862, 0.826, 12000, 0,     3.163,
 74, 29, 74, 74, 75.149, 1.149, 16000, 0, 75.149, 78.362, 3.213, 1666, 78.362, 79.43, 1.069, 16000, 0,     3.213,
 75, 29, 75, 75, 75.937, 0.937, 11000, 0, 75.937, 78.68, 2.744, 1150, 78.68, 80.165, 1.484, 11000, 0,     2.744,
 76, 29, 76, 76, 77.149, 1.149, 16000, 0, 77.149, 80.671, 3.522, 1605, 80.671, 81.745, 1.075, 16000, 0,     3.522,
 77, 29, 77, 77, 78.22, 1.22, 15000, 0, 78.22, 80.946, 2.726, 1581, 80.946, 82.745, 1.799, 15000, 0,     2.726,
 79, 29, 79, 79, 80.078, 1.078, 11000, 0, 80.078, 82.608, 2.53, 1164, 82.608, 83.485, 0.877, 11000, 0,     2.530,
 78, 29, 78, 78, 79.292, 1.292, 15000, 0, 79.292, 82.871, 3.58, 1539, 82.871, 84.484, 1.613, 15000, 0,     3.580,
 80, 29, 80, 80, 81.016, 1.016, 13000, 0, 81.016, 84.594, 3.578, 1391, 84.594, 85.463, 0.868, 13000, 0,     3.578,
 81, 29, 81, 81, 81.873, 0.873, 12000, 0, 81.873, 84.614, 2.741, 1218, 84.614, 86.272, 1.658, 12000, 0,     2.741,
 82, 29, 82, 82, 83.077, 1.077, 15000, 0, 83.077, 86.826, 3.749, 1563, 86.826, 87.828, 1.002, 15000, 0,     3.749,
 83, 29, 83, 83, 84.223, 1.223, 16000, 0, 84.223, 86.923, 2.699, 1611, 86.923, 88.895, 1.972, 16000, 0,     2.699,
 84, 29, 84, 84, 85.088, 1.088, 12000, 0, 85.088, 88.556, 3.469, 1212, 88.556, 89.695, 1.138, 12000, 0,     3.469,
 85, 29, 85, 85, 85.873, 0.873, 11000, 0, 85.873, 88.619, 2.746, 1188, 88.619, 90.428, 1.809, 11000, 0,     2.746,
 86, 29, 86, 86, 86.943, 0.943, 13000, 0, 86.943, 90.468, 3.525, 1339, 90.468, 91.336, 0.869, 13000, 0,     3.525,
 87, 29, 87, 87, 87.935, 0.935, 13000, 0, 87.935, 90.61, 2.675, 1394, 90.61, 92.211, 1.601, 13000, 0,     2.675,
 88, 29, 88, 88, 89.016, 1.016, 14000, 0, 89.016, 92.502, 3.486, 1420, 92.502, 93.442, 0.94, 14000, 0,     3.486,
 89, 29, 89, 89, 90.159, 1.159, 16000, 0, 90.159, 92.942, 2.783, 1632, 92.942, 94.508, 1.567, 16000, 0,     2.783,
 90, 29, 90, 90, 91.026, 1.026, 12000, 0, 91.026, 94.269, 3.243, 1225, 94.269, 95.308, 1.039, 12000, 0,     3.243,
 91, 29, 91, 91, 92.097, 1.097, 15000, 0, 92.097, 95.133, 3.036, 1529, 95.133, 96.309, 1.176, 15000, 0,     3.036,
 92, 29, 92, 92, 93.097, 1.097, 14000, 0, 93.097, 96.4, 3.303, 1491, 96.4, 97.34, 0.939, 14000, 0,     3.303,
 93, 29, 93, 93, 94.026, 1.026, 13000, 0, 94.026, 97.109, 3.083, 1381, 97.109, 98.206, 1.097, 13000, 0,     3.083,
 94, 29, 94, 94, 95.169, 1.169, 16000, 0, 95.169, 98.754, 3.586, 1648, 98.754, 99.825, 1.07, 16000, 0,     3.586,
 95, 29, 95, 95, 96.026, 1.026, 12000, 0, 96.026, 98.895, 2.869, 1251, 98.895, 100.625, 1.73, 12000, 0,     2.869,
 96, 29, 96, 96, 96.955, 0.955, 13000, 0, 96.955, 100.654, 3.7, 1331, 100.654, 101.523, 0.868, 13000, 0,     3.700,
 97, 29, 97, 97, 98.006, 1.006, 14000, 0, 98.006, 100.924, 2.918, 1420, 100.924, 102.456, 1.533, 14000, 0,     2.918,
 98, 29, 98, 98, 98.792, 0.792, 11000, 0, 98.792, 102.323, 3.531, 1168, 102.323, 103.189, 0.867, 11000, 0,     3.531,
 99, 29, 99, 99, 99.863, 0.863, 12000, 0, 99.863, 102.725, 2.862, 1262, 102.725, 103.989, 1.264, 12000, 0,     2.862,
 100, 29, 100, 100, 101.077, 1.077, 15000, 0, 101.077, 104.523, 3.446, 1541, 104.523, 105.525, 1.002, 15000, 0,     3.446,
 101, 29, 101, 101, 102.149, 1.149, 15000, 0, 102.149, 104.944, 2.795, 1549, 104.944, 106.525, 1.581, 15000, 0,     2.795,
 102, 29, 102, 102, 103.006, 1.006, 12000, 0, 103.006, 106.238, 3.232, 1201, 106.238, 107.329, 1.091, 12000, 0,     3.232,
 103, 29, 103, 103, 103.863, 0.863, 12000, 0, 103.863, 106.788, 2.925, 1280, 106.788, 108.128, 1.34, 12000, 0,     2.925,
 104, 29, 104, 104, 104.863, 0.863, 12000, 0, 104.863, 107.984, 3.121, 1223, 107.984, 108.937, 0.954, 12000, 0,     3.121,
 105, 29, 105, 105, 106.149, 1.149, 16000, 0, 106.149, 109.089, 2.94, 1611, 109.089, 110.158, 1.068, 16000, 0,     2.940,
 106, 29, 106, 106, 107.22, 1.22, 15000, 0, 107.22, 110.216, 2.995, 1557, 110.216, 111.218, 1.002, 15000, 0,     2.995,
 107, 29, 107, 107, 108.292, 1.292, 15000, 0, 108.292, 111.367, 3.075, 1595, 111.367, 112.376, 1.009, 15000, 0,     3.075,
 108, 29, 108, 108, 109.149, 1.149, 12000, 0, 109.149, 112, 2.851, 1245, 112, 113.176, 1.176, 12000, 0,     2.851,
 109, 29, 109, 109, 110.292, 1.292, 16000, 0, 110.292, 113.713, 3.421, 1643, 113.713, 114.79, 1.077, 16000, 0,     3.421,
 110, 29, 110, 110, 111.435, 1.435, 16000, 0, 111.435, 114.296, 2.862, 1608, 114.296, 115.857, 1.56, 16000, 0,     2.862,
 111, 29, 111, 111, 112.506, 1.506, 15000, 0, 112.506, 115.963, 3.456, 1569, 115.963, 116.965, 1.002, 15000, 0,     3.456,
 112, 29, 112, 112, 113.577, 1.577, 15000, 0, 113.577, 116.505, 2.927, 1546, 116.505, 117.964, 1.46, 15000, 0,     2.927,
 113, 29, 113, 113, 114.578, 1.578, 14000, 0, 114.578, 117.968, 3.39, 1404, 117.968, 118.903, 0.935, 14000, 0,     3.390,
 114, 29, 114, 114, 115.578, 1.578, 14000, 0, 115.578, 118.535, 2.958, 1422, 118.535, 119.836, 1.301, 14000, 0,     2.958,
 115, 29, 115, 115, 116.363, 1.363, 11000, 0, 116.363, 119.615, 3.251, 1153, 119.615, 120.57, 0.955, 11000, 0,     3.251,
 116, 29, 116, 116, 117.363, 1.363, 14000, 0, 117.363, 120.571, 3.207, 1425, 120.571, 121.506, 0.936, 14000, 0,     3.207,
 117, 29, 117, 117, 118.228, 1.228, 12000, 0, 118.228, 121.426, 3.199, 1265, 121.426, 122.306, 0.88, 12000, 0,     3.199,
 118, 29, 118, 118, 119.371, 1.371, 16000, 0, 119.371, 122.909, 3.539, 1629, 122.909, 123.978, 1.069, 16000, 0,     3.539,
 119, 29, 119, 119, 120.371, 1.371, 14000, 0, 120.371, 123.546, 3.175, 1483, 123.546, 124.911, 1.365, 14000, 0,     3.175,
 120, 29, 120, 120, 121.442, 1.442, 15000, 0, 121.442, 125.101, 3.659, 1535, 125.101, 126.103, 1.002, 15000, 0,     3.659,
 121, 29, 121, 121, 122.228, 1.228, 11000, 0, 122.228, 125.25, 3.022, 1193, 125.25, 126.836, 1.586, 11000, 0,     3.022,
 122, 29, 122, 122, 123.3, 1.3, 15000, 0, 123.3, 127.321, 4.022, 1555, 127.321, 128.323, 1.002, 15000, 0,     4.022,
 123, 29, 123, 123, 124.371, 1.371, 15000, 0, 124.371, 127.48, 3.109, 1559, 127.48, 129.323, 1.844, 15000, 0,     3.109,
 124, 29, 124, 124, 125.236, 1.236, 12000, 0, 125.236, 129.103, 3.867, 1241, 129.103, 130.123, 1.021, 12000, 0,     3.867,
 125, 29, 125, 125, 126.307, 1.307, 15000, 0, 126.307, 129.74, 3.433, 1583, 129.74, 131.123, 1.383, 15000, 0,     3.433,
 126, 29, 126, 126, 127.379, 1.379, 15000, 0, 127.379, 131.362, 3.984, 1582, 131.362, 132.364, 1.002, 15000, 0,     3.984,
 127, 29, 127, 127, 128.383, 1.383, 14000, 0, 128.383, 131.856, 3.474, 1475, 131.856, 133.298, 1.441, 14000, 0,     3.474,
 128, 29, 128, 128, 129.454, 1.454, 15000, 0, 129.454, 133.567, 4.112, 1543, 133.567, 134.569, 1.002, 15000, 0,     4.112,
 129, 29, 129, 129, 130.312, 1.312, 12000, 0, 130.312, 133.661, 3.35, 1264, 133.661, 135.368, 1.707, 12000, 0,     3.350,
 130, 29, 130, 130, 131.097, 1.097, 11000, 0, 131.097, 135.179, 4.082, 1120, 135.179, 136.102, 0.923, 11000, 0,     4.082,
 131, 29, 131, 131, 132.24, 1.24, 16000, 0, 132.24, 136.057, 3.817, 1674, 136.057, 137.169, 1.111, 16000, 0,     3.817,
 132, 29, 132, 132, 133.389, 1.389, 16000, 0, 133.389, 137.526, 4.137, 1633, 137.526, 138.597, 1.07, 16000, 0,     4.137,
 133, 29, 133, 133, 134.246, 1.246, 12000, 0, 134.246, 137.882, 3.636, 1270, 137.882, 139.396, 1.514, 12000, 0,     3.636,
 134, 29, 134, 134, 135.389, 1.389, 16000, 0, 135.389, 139.857, 4.467, 1628, 139.857, 140.928, 1.072, 16000, 0,     4.467,
 135, 29, 135, 135, 136.389, 1.389, 14000, 0, 136.389, 139.898, 3.509, 1412, 139.898, 141.862, 1.964, 14000, 0,     3.509,
 137, 29, 137, 137, 138.318, 1.318, 13000, 0, 138.318, 141.854, 3.536, 1357, 141.854, 142.728, 0.875, 13000, 0,     3.536,
 136, 29, 136, 136, 137.389, 1.389, 14000, 0, 137.389, 141.988, 4.599, 1492, 141.988, 143.662, 1.674, 14000, 0,     4.599,
 138, 29, 138, 138, 139.389, 1.389, 15000, 0, 139.389, 144.102, 4.713, 1574, 144.102, 145.104, 1.002, 15000, 0,     4.713,
 139, 29, 139, 139, 140.532, 1.532, 16000, 0, 140.532, 144.386, 3.854, 1679, 144.386, 146.18, 1.795, 16000, 0,     3.854,
 140, 29, 140, 140, 141.603, 1.603, 15000, 0, 141.603, 146.38, 4.776, 1590, 146.38, 147.382, 1.002, 15000, 0,     4.776,
 141, 29, 141, 141, 142.603, 1.603, 14000, 0, 142.603, 146.471, 3.867, 1459, 146.471, 148.315, 1.844, 14000, 0,     3.867,
 143, 29, 143, 143, 144.603, 1.603, 13000, 0, 144.603, 148.347, 3.743, 1309, 148.347, 149.215, 0.868, 13000, 0,     3.743,
 142, 29, 142, 142, 143.675, 1.675, 15000, 0, 143.675, 148.574, 4.9, 1529, 148.574, 150.215, 1.64, 15000, 0,     4.900,
 144, 29, 144, 144, 145.389, 1.389, 11000, 0, 145.389, 150.006, 4.617, 1158, 150.006, 150.948, 0.942, 11000, 0,     4.617,
 145, 29, 145, 145, 146.461, 1.461, 15000, 0, 146.461, 150.823, 4.363, 1570, 150.823, 151.948, 1.125, 15000, 0,     4.363,
 146, 29, 146, 146, 147.532, 1.532, 15000, 0, 147.532, 152.282, 4.75, 1589, 152.282, 153.287, 1.004, 15000, 0,     4.750,
 147, 29, 147, 147, 148.389, 1.389, 12000, 0, 148.389, 152.578, 4.189, 1216, 152.578, 154.093, 1.515, 12000, 0,     4.189,
 148, 29, 148, 148, 149.246, 1.246, 12000, 0, 149.246, 154.116, 4.87, 1281, 154.116, 154.918, 0.802, 12000, 0,     4.870,
 149, 29, 149, 149, 150.175, 1.175, 13000, 0, 150.175, 154.552, 4.377, 1382, 154.552, 155.795, 1.243, 13000, 0,     4.377,
 151, 29, 151, 151, 152.183, 1.183, 12000, 0, 152.183, 156.328, 4.145, 1244, 156.328, 157.13, 0.802, 12000, 0,     4.145,
 150, 29, 150, 150, 151.326, 1.326, 16000, 0, 151.326, 156.406, 5.08, 1604, 156.406, 158.197, 1.79, 16000, 0,     5.080,
 152, 29, 152, 152, 153.188, 1.188, 14000, 0, 153.188, 158.354, 5.167, 1414, 158.354, 159.293, 0.939, 14000, 0,     5.167,
 153, 29, 153, 153, 154.188, 1.188, 14000, 0, 154.188, 158.479, 4.291, 1451, 158.479, 160.227, 1.748, 14000, 0,     4.291,
 155, 29, 155, 155, 155.973, 0.973, 11000, 0, 155.973, 160.16, 4.187, 1178, 160.16, 160.967, 0.807, 11000, 0,     4.187,
 154, 29, 154, 154, 155.188, 1.188, 14000, 0, 155.188, 160.442, 5.255, 1449, 160.442, 161.906, 1.463, 14000, 0,     5.255,
 156, 29, 156, 156, 157.006, 1.006, 14000, 0, 157.006, 162.176, 5.17, 1411, 162.176, 163.111, 0.935, 14000, 0,     5.170,
 157, 29, 157, 157, 157.939, 0.939, 13000, 0, 157.939, 162.346, 4.407, 1326, 162.346, 163.981, 1.635, 13000, 0,     4.407,
 159, 29, 159, 159, 159.873, 0.873, 12000, 0, 159.873, 164.175, 4.302, 1278, 164.175, 164.977, 0.802, 12000, 0,     4.302,
 158, 29, 158, 158, 159.016, 1.016, 14000, 0, 159.016, 164.257, 5.242, 1458, 164.257, 165.918, 1.661, 14000, 0,     5.242,
 161, 29, 161, 161, 162.083, 1.083, 14000, 0, 162.083, 166.375, 4.292, 1479, 166.375, 167.316, 0.941, 14000, 0,     4.292,
 160, 29, 160, 160, 161.083, 1.083, 15000, 0, 161.083, 166.395, 5.312, 1553, 166.395, 168.326, 1.931, 15000, 0,     5.312,
 162, 29, 162, 162, 163.083, 1.083, 14000, 0, 163.083, 168.484, 5.401, 1476, 168.484, 169.423, 0.94, 14000, 0,     5.401,
 163, 29, 163, 163, 164.225, 1.225, 16000, 0, 164.225, 168.692, 4.466, 1608, 168.692, 170.49, 1.798, 16000, 0,     4.466,
 164, 29, 164, 164, 165.162, 1.162, 13000, 0, 165.162, 170.372, 5.21, 1318, 170.372, 171.362, 0.99, 13000, 0,     5.210,
 165, 29, 165, 165, 166.019, 1.019, 12000, 0, 166.019, 170.508, 4.489, 1270, 170.508, 172.162, 1.654, 12000, 0,     4.489,
 166, 29, 166, 166, 167.019, 1.019, 14000, 0, 167.019, 172.479, 5.46, 1475, 172.479, 173.421, 0.942, 14000, 0,     5.460,
 167, 29, 167, 167, 168.17, 1.17, 16000, 0, 168.17, 172.912, 4.742, 1677, 172.912, 174.488, 1.575, 16000, 0,     4.742,
 168, 29, 168, 168, 169.313, 1.313, 16000, 0, 169.313, 174.775, 5.462, 1608, 174.775, 175.846, 1.071, 16000, 0,     5.462,
 169, 29, 169, 169, 170.384, 1.384, 15000, 0, 170.384, 175.182, 4.798, 1590, 175.182, 176.845, 1.663, 15000, 0,     4.798,
 170, 29, 170, 170, 171.456, 1.456, 15000, 0, 171.456, 176.941, 5.485, 1514, 176.941, 177.943, 1.002, 15000, 0,     5.485,
 171, 29, 171, 171, 172.598, 1.598, 16000, 0, 172.598, 177.48, 4.882, 1600, 177.48, 179.01, 1.529, 16000, 0,     4.882,
 172, 29, 172, 172, 173.67, 1.67, 15000, 0, 173.67, 179.157, 5.487, 1552, 179.157, 180.159, 1.002, 15000, 0,     5.487,
 173, 29, 173, 173, 174.741, 1.741, 15000, 0, 174.741, 179.683, 4.942, 1543, 179.683, 181.16, 1.476, 15000, 0,     4.942,
 175, 29, 175, 175, 176.741, 1.741, 12000, 0, 176.741, 181.461, 4.719, 1245, 181.461, 182.263, 0.803, 12000, 0,     4.719,
 174, 29, 174, 174, 175.884, 1.884, 16000, 0, 175.884, 181.479, 5.595, 1621, 181.479, 183.33, 1.851, 16000, 0,     5.595,
 176, 29, 176, 176, 177.598, 1.598, 12000, 0, 177.598, 183.179, 5.58, 1203, 183.179, 184.138, 0.959, 12000, 0,     5.580,
 177, 29, 177, 177, 178.676, 1.676, 15000, 0, 178.676, 183.743, 5.067, 1585, 183.743, 185.148, 1.405, 15000, 0,     5.067,
 178, 29, 178, 178, 179.605, 1.605, 13000, 0, 179.605, 185.103, 5.498, 1343, 185.103, 186.015, 0.912, 13000, 0,     5.498,
 179, 29, 179, 179, 180.753, 1.753, 16000, 0, 180.753, 186.057, 5.303, 1615, 186.057, 187.135, 1.078, 16000, 0,     5.303,
 180, 29, 180, 180, 181.539, 1.539, 11000, 0, 181.539, 186.73, 5.191, 1140, 186.73, 187.875, 1.144, 11000, 0,     5.191,
 181, 29, 181, 181, 182.468, 1.468, 13000, 0, 182.468, 188.043, 5.576, 1391, 188.043, 188.913, 0.869, 13000, 0,     5.576,
 182, 29, 182, 182, 183.611, 1.611, 16000, 0, 183.611, 189.065, 5.454, 1630, 189.065, 190.138, 1.073, 16000, 0,     5.454,
 183, 29, 183, 183, 184.754, 1.754, 16000, 0, 184.754, 190.424, 5.671, 1658, 190.424, 191.493, 1.069, 16000, 0,     5.671,
 184, 29, 184, 184, 185.754, 1.754, 14000, 0, 185.754, 191.21, 5.456, 1489, 191.21, 192.428, 1.218, 14000, 0,     5.456,
 185, 29, 185, 185, 186.682, 1.682, 13000, 0, 186.682, 192.408, 5.726, 1389, 192.408, 193.296, 0.888, 13000, 0,     5.726,
 186, 29, 186, 186, 187.682, 1.682, 14000, 0, 187.682, 193.253, 5.571, 1428, 193.253, 194.229, 0.976, 14000, 0,     5.571,
 187, 29, 187, 187, 188.754, 1.754, 15000, 0, 188.754, 194.584, 5.83, 1512, 194.584, 195.596, 1.012, 15000, 0,     5.830,
 188, 29, 188, 188, 189.539, 1.539, 11000, 0, 189.539, 194.97, 5.431, 1198, 194.97, 196.329, 1.359, 11000, 0,     5.431,
 189, 29, 189, 189, 190.611, 1.611, 15000, 0, 190.611, 196.834, 6.223, 1567, 196.834, 197.836, 1.002, 15000, 0,     6.223,
 190, 29, 190, 190, 191.754, 1.754, 16000, 0, 191.754, 197.282, 5.529, 1619, 197.282, 198.903, 1.621, 16000, 0,     5.529,
 191, 29, 191, 191, 192.753, 1.753, 14000, 0, 192.753, 198.876, 6.122, 1425, 198.876, 199.836, 0.96, 14000, 0,     6.122,
 192, 29, 192, 192, 193.611, 1.611, 12000, 0, 193.611, 199.023, 5.413, 1219, 199.023, 200.642, 1.619, 12000, 0,     5.413,
 194, 29, 194, 194, 195.468, 1.468, 12000, 0, 195.468, 200.863, 5.395, 1283, 200.863, 201.67, 0.807, 12000, 0,     5.395,
 193, 29, 193, 193, 194.611, 1.611, 14000, 0, 194.611, 200.961, 6.35, 1453, 200.961, 202.603, 1.643, 14000, 0,     6.350,
 195, 29, 195, 195, 196.468, 1.468, 14000, 0, 196.468, 202.916, 6.448, 1434, 202.916, 203.852, 0.935, 14000, 0,     6.448,
 196, 29, 196, 196, 197.611, 1.611, 16000, 0, 197.611, 203.307, 5.696, 1634, 203.307, 204.918, 1.612, 16000, 0,     5.696,
 197, 29, 197, 197, 198.468, 1.468, 12000, 0, 198.468, 204.765, 6.297, 1294, 204.765, 205.72, 0.955, 12000, 0,     6.297,
 198, 29, 198, 198, 199.396, 1.396, 13000, 0, 199.396, 205.166, 5.77, 1300, 205.166, 206.587, 1.421, 13000, 0,     5.770,
 199, 29, 199, 199, 200.333, 1.333, 13000, 0, 200.333, 206.736, 6.403, 1378, 206.736, 207.605, 0.869, 13000, 0,     6.403,
 200, 29, 201, 201, 202.077, 1.077, 15000, 0, 202.077, 207.365, 5.287, 1540, 207.365, 208.605, 1.24, 15000, 0,     5.287,
 201, 29, 202, 202, 203.149, 1.149, 15000, 0, 203.149, 208.9, 5.751, 1515, 208.9, 209.912, 1.012, 15000, 0,     5.751,
 202, 29, 203, 203, 204.292, 1.292, 16000, 0, 204.292, 209.747, 5.456, 1668, 209.747, 210.978, 1.231, 16000, 0,     5.456,
 203, 29, 204, 204, 205.226, 1.226, 13000, 0, 205.226, 210.764, 5.538, 1306, 210.764, 211.845, 1.081, 13000, 0,     5.538,
 204, 29, 205, 205, 206.083, 1.083, 12000, 0, 206.083, 211.543, 5.46, 1258, 211.543, 212.654, 1.11, 12000, 0,     5.460,
 205, 29, 206, 206, 207.155, 1.155, 15000, 0, 207.155, 212.927, 5.772, 1503, 212.927, 213.929, 1.002, 15000, 0,     5.772,
 206, 29, 207, 207, 208.233, 1.233, 15000, 0, 208.233, 213.81, 5.577, 1581, 213.81, 214.929, 1.119, 15000, 0,     5.577,
 207, 29, 208, 208, 209.305, 1.305, 15000, 0, 209.305, 215.123, 5.818, 1530, 215.123, 216.125, 1.002, 15000, 0,     5.818,
 208, 29, 209, 209, 210.376, 1.376, 15000, 0, 210.376, 216.052, 5.676, 1570, 216.052, 217.129, 1.077, 15000, 0,     5.676,
 209, 29, 210, 210, 211.166, 1.166, 11000, 0, 211.166, 216.738, 5.571, 1131, 216.738, 217.863, 1.125, 11000, 0,     5.571,
 210, 29, 211, 211, 212.309, 1.309, 16000, 0, 212.309, 218.449, 6.14, 1678, 218.449, 219.519, 1.07, 16000, 0,     6.140,
 211, 29, 212, 212, 213.381, 1.381, 15000, 0, 213.381, 218.905, 5.524, 1517, 218.905, 220.519, 1.614, 15000, 0,     5.524,
 212, 29, 213, 213, 214.238, 1.238, 12000, 0, 214.238, 220.206, 5.968, 1225, 220.206, 221.319, 1.113, 12000, 0,     5.968,
 213, 29, 214, 214, 215.238, 1.238, 14000, 0, 215.238, 220.961, 5.723, 1437, 220.961, 222.253, 1.291, 14000, 0,     5.723,
 214, 29, 215, 215, 216.17, 1.17, 13000, 0, 216.17, 222.115, 5.945, 1331, 222.115, 223.119, 1.004, 13000, 0,     5.945,
 215, 29, 216, 216, 217.107, 1.107, 13000, 0, 217.107, 222.897, 5.79, 1356, 222.897, 223.986, 1.089, 13000, 0,     5.790,
 216, 29, 217, 217, 218.25, 1.25, 16000, 0, 218.25, 224.479, 6.229, 1649, 224.479, 225.547, 1.068, 16000, 0,     6.229,
 217, 29, 218, 218, 219.178, 1.178, 13000, 0, 219.178, 224.806, 5.627, 1330, 224.806, 226.424, 1.618, 13000, 0,     5.627,
 218, 29, 219, 219, 220.25, 1.25, 15000, 0, 220.25, 226.743, 6.493, 1580, 226.743, 227.745, 1.002, 15000, 0,     6.493,
 219, 29, 220, 220, 221.393, 1.393, 16000, 0, 221.393, 227.156, 5.763, 1645, 227.156, 228.814, 1.658, 16000, 0,     5.763,
 221, 29, 222, 222, 223.393, 1.393, 12000, 0, 223.393, 228.916, 5.523, 1228, 228.916, 229.718, 0.802, 12000, 0,     5.523,
 220, 29, 221, 221, 222.536, 1.536, 16000, 0, 222.536, 229.027, 6.491, 1600, 229.027, 230.788, 1.761, 16000, 0,     6.491,
 222, 29, 223, 223, 224.393, 1.393, 14000, 0, 224.393, 230.953, 6.561, 1423, 230.953, 231.889, 0.935, 14000, 0,     6.561,
 223, 29, 224, 224, 225.393, 1.393, 14000, 0, 225.393, 231.12, 5.727, 1460, 231.12, 232.826, 1.706, 14000, 0,     5.727,
 225, 29, 226, 226, 227.25, 1.25, 11000, 0, 227.25, 232.743, 5.493, 1137, 232.743, 233.559, 0.816, 11000, 0,     5.493,
 224, 29, 225, 225, 226.464, 1.464, 15000, 0, 226.464, 233.137, 6.673, 1529, 233.137, 234.559, 1.422, 15000, 0,     6.673,
 227, 29, 228, 228, 229.25, 1.25, 12000, 0, 229.25, 234.876, 5.626, 1213, 234.876, 235.678, 0.802, 12000, 0,     5.626,
 226, 29, 227, 227, 228.392, 1.392, 16000, 0, 228.392, 235.132, 6.739, 1673, 235.132, 236.744, 1.613, 16000, 0,     6.739,
 229, 29, 230, 230, 231.036, 1.036, 11000, 0, 231.036, 236.816, 5.781, 1180, 236.816, 237.561, 0.745, 11000, 0,     5.781,
 228, 29, 229, 229, 230.25, 1.25, 14000, 0, 230.25, 236.913, 6.664, 1419, 236.913, 238.5, 1.587, 14000, 0,     6.664,
 230, 29, 231, 231, 231.965, 0.965, 13000, 0, 231.965, 238.806, 6.841, 1393, 238.806, 239.674, 0.868, 13000, 0,     6.841,
 231, 29, 232, 232, 233.149, 1.149, 16000, 0, 233.149, 239.237, 6.088, 1627, 239.237, 240.745, 1.508, 16000, 0,     6.088,
 232, 29, 233, 233, 234.006, 1.006, 12000, 0, 234.006, 240.621, 6.615, 1271, 240.621, 241.545, 0.924, 12000, 0,     6.615,
 233, 29, 234, 234, 234.863, 0.863, 12000, 0, 234.863, 240.989, 6.126, 1219, 240.989, 242.345, 1.356, 12000, 0,     6.126,
 234, 29, 235, 235, 235.939, 0.939, 13000, 0, 235.939, 242.546, 6.607, 1348, 242.546, 243.418, 0.872, 13000, 0,     6.607,
 235, 29, 236, 236, 237.15, 1.15, 16000, 0, 237.15, 243.318, 6.169, 1630, 243.318, 244.485, 1.167, 16000, 0,     6.169,
 236, 29, 237, 237, 238.228, 1.228, 15000, 0, 238.228, 244.729, 6.501, 1528, 244.729, 245.734, 1.005, 15000, 0,     6.501,
 237, 29, 238, 238, 239.299, 1.299, 15000, 0, 239.299, 245.529, 6.23, 1548, 245.529, 246.74, 1.211, 15000, 0,     6.230,
 238, 29, 239, 239, 240.308, 1.308, 14000, 0, 240.308, 246.738, 6.429, 1406, 246.738, 247.673, 0.935, 14000, 0,     6.429,
 239, 29, 240, 240, 241.237, 1.237, 13000, 0, 241.237, 247.439, 6.202, 1332, 247.439, 248.54, 1.101, 13000, 0,     6.202,
 240, 29, 241, 241, 242.165, 1.165, 13000, 0, 242.165, 248.696, 6.53, 1359, 248.696, 249.565, 0.869, 13000, 0,     6.530,
 241, 29, 242, 242, 243.308, 1.308, 16000, 0, 243.308, 249.758, 6.45, 1624, 249.758, 250.827, 1.069, 16000, 0,     6.450,
 242, 29, 243, 243, 244.308, 1.308, 14000, 0, 244.308, 250.844, 6.536, 1499, 250.844, 251.779, 0.935, 14000, 0,     6.536,
 243, 29, 244, 244, 245.094, 1.094, 11000, 0, 245.094, 251.465, 6.371, 1182, 251.465, 252.513, 1.048, 11000, 0,     6.371,
 244, 29, 245, 245, 246.094, 1.094, 14000, 0, 246.094, 252.906, 6.812, 1438, 252.906, 253.841, 0.935, 14000, 0,     6.812,
 245, 29, 246, 246, 247.169, 1.169, 15000, 0, 247.169, 253.66, 6.491, 1537, 253.66, 254.841, 1.181, 15000, 0,     6.491,
 246, 29, 247, 247, 248.24, 1.24, 15000, 0, 248.24, 255.063, 6.823, 1511, 255.063, 256.065, 1.002, 15000, 0,     6.823,
 247, 29, 248, 248, 249.036, 1.036, 11000, 0, 249.036, 255.349, 6.313, 1183, 255.349, 256.799, 1.45, 11000, 0,     6.313,
 248, 29, 249, 249, 249.965, 0.965, 13000, 0, 249.965, 256.963, 6.998, 1324, 256.963, 257.831, 0.869, 13000, 0,     6.998,
 249, 29, 250, 250, 250.792, 0.792, 11000, 0, 250.792, 256.963, 6.171, 1124, 256.963, 258.572, 1.61, 11000, 0,     6.171,
 250, 29, 251, 251, 251.936, 0.936, 13000, 0, 251.936, 258.828, 6.892, 1300, 258.828, 259.696, 0.869, 13000, 0,     6.892,
 251, 29, 252, 252, 252.936, 0.936, 13000, 0, 252.936, 258.926, 5.99, 1367, 258.926, 260.563, 1.637, 13000, 0,     5.990,
 252, 29, 253, 253, 253.792, 0.792, 11000, 0, 253.792, 260.515, 6.723, 1182, 260.515, 261.296, 0.781, 11000, 0,     6.723,
 253, 29, 254, 254, 255.006, 1.006, 14000, 0, 255.006, 261.046, 6.04, 1485, 261.046, 262.23, 1.184, 14000, 0,     6.040,
 254, 29, 255, 255, 256.006, 1.006, 14000, 0, 256.006, 262.654, 6.648, 1497, 262.654, 263.591, 0.937, 14000, 0,     6.648,
 255, 29, 256, 256, 257.077, 1.077, 15000, 0, 257.077, 263.289, 6.211, 1564, 263.289, 264.59, 1.302, 15000, 0,     6.211,
 256, 29, 257, 257, 258.006, 1.006, 13000, 0, 258.006, 264.557, 6.551, 1333, 264.557, 265.467, 0.909, 13000, 0,     6.551,
 257, 29, 258, 258, 259.083, 1.083, 15000, 0, 259.083, 265.448, 6.365, 1512, 265.448, 266.467, 1.019, 15000, 0,     6.365,
 258, 29, 259, 259, 260.154, 1.154, 15000, 0, 260.154, 266.82, 6.666, 1582, 266.82, 267.825, 1.005, 15000, 0,     6.666,
 259, 29, 260, 260, 261.154, 1.154, 14000, 0, 261.154, 267.486, 6.332, 1428, 267.486, 268.759, 1.272, 14000, 0,     6.332,
 260, 29, 261, 261, 262.016, 1.016, 12000, 0, 262.016, 268.653, 6.637, 1280, 268.653, 269.559, 0.906, 12000, 0,     6.637,
 261, 29, 262, 262, 262.873, 0.873, 12000, 0, 262.873, 269.296, 6.423, 1259, 269.296, 270.364, 1.068, 12000, 0,     6.423,
 262, 29, 263, 263, 264.078, 1.078, 15000, 0, 264.078, 270.917, 6.84, 1584, 270.917, 271.926, 1.009, 15000, 0,     6.840,
 263, 29, 264, 264, 264.863, 0.863, 11000, 0, 264.863, 270.989, 6.126, 1186, 270.989, 272.66, 1.67, 11000, 0,     6.126,
 265, 29, 266, 266, 266.863, 0.863, 12000, 0, 266.863, 272.719, 5.856, 1209, 272.719, 273.522, 0.802, 12000, 0,     5.856,
 264, 29, 265, 265, 265.863, 0.863, 12000, 0, 265.863, 272.744, 6.881, 1278, 272.744, 274.321, 1.577, 12000, 0,     6.881,
 266, 29, 267, 267, 267.792, 0.792, 11000, 0, 267.792, 274.344, 6.552, 1132, 274.344, 275.081, 0.737, 11000, 0,     6.552,
 267, 29, 268, 268, 268.939, 0.939, 13000, 0, 268.939, 274.644, 5.705, 1330, 274.644, 275.947, 1.304, 13000, 0,     5.705,
 268, 29, 269, 269, 270.006, 1.006, 14000, 0, 270.006, 276.476, 6.47, 1493, 276.476, 277.412, 0.935, 14000, 0,     6.470,
 269, 29, 270, 270, 270.939, 0.939, 13000, 0, 270.939, 276.645, 5.706, 1398, 276.645, 278.278, 1.633, 13000, 0,     5.706,
 270, 29, 271, 271, 272.006, 1.006, 14000, 0, 272.006, 278.619, 6.613, 1498, 278.619, 279.554, 0.935, 14000, 0,     6.613,
 271, 29, 272, 272, 272.934, 0.934, 13000, 0, 272.934, 278.627, 5.692, 1387, 278.627, 280.421, 1.794, 13000, 0,     5.692,
 272, 29, 273, 273, 274.016, 1.016, 14000, 0, 274.016, 280.681, 6.666, 1438, 280.681, 281.617, 0.936, 14000, 0,     6.666,
 273, 29, 274, 274, 275.087, 1.087, 15000, 0, 275.087, 280.832, 5.745, 1539, 280.832, 282.617, 1.785, 15000, 0,     5.745,
 275, 29, 276, 276, 276.944, 0.944, 11000, 0, 276.944, 282.54, 5.595, 1196, 282.54, 283.36, 0.821, 11000, 0,     5.595,
 274, 29, 275, 275, 276.159, 1.159, 15000, 0, 276.159, 282.86, 6.702, 1526, 282.86, 284.361, 1.5, 15000, 0,     6.702,
 276, 29, 277, 277, 277.863, 0.863, 12000, 0, 277.863, 284.336, 6.473, 1258, 284.336, 285.161, 0.825, 12000, 0,     6.473,
 277, 29, 278, 278, 278.863, 0.863, 12000, 0, 278.863, 284.657, 5.793, 1245, 284.657, 285.966, 1.309, 12000, 0,     5.793,
 278, 29, 279, 279, 280.083, 1.083, 15000, 0, 280.083, 286.515, 6.432, 1526, 286.515, 287.517, 1.002, 15000, 0,     6.432,
 279, 29, 280, 280, 281.093, 1.093, 14000, 0, 281.093, 286.797, 5.704, 1487, 286.797, 288.45, 1.653, 14000, 0,     5.704,
 280, 29, 281, 281, 282.026, 1.026, 13000, 0, 282.026, 288.448, 6.422, 1341, 288.448, 289.317, 0.869, 13000, 0,     6.422,
 281, 29, 282, 282, 282.883, 0.883, 12000, 0, 282.883, 288.517, 5.634, 1205, 288.517, 290.117, 1.6, 12000, 0,     5.634,
 283, 29, 284, 284, 284.863, 0.863, 12000, 0, 284.863, 290.348, 5.485, 1277, 290.348, 291.15, 0.802, 12000, 0,     5.485,
 282, 29, 283, 283, 284.006, 1.006, 14000, 0, 284.006, 290.55, 6.544, 1469, 290.55, 292.083, 1.533, 14000, 0,     6.544,
 284, 29, 285, 285, 286.083, 1.083, 15000, 0, 286.083, 292.535, 6.453, 1532, 292.535, 293.538, 1.002, 15000, 0,     6.453,
 285, 29, 286, 286, 287.154, 1.154, 15000, 0, 287.154, 292.735, 5.581, 1528, 292.735, 294.546, 1.811, 15000, 0,     5.581,
 287, 29, 288, 288, 289.163, 1.163, 13000, 0, 289.163, 294.599, 5.437, 1301, 294.599, 295.472, 0.873, 13000, 0,     5.437,
 286, 29, 287, 287, 288.226, 1.226, 15000, 0, 288.226, 294.739, 6.513, 1539, 294.739, 296.472, 1.733, 15000, 0,     6.513,
 289, 29, 290, 290, 290.952, 0.952, 11000, 0, 290.952, 296.381, 5.43, 1146, 296.381, 297.206, 0.824, 11000, 0,     5.430,
 288, 29, 289, 289, 290.163, 1.163, 14000, 0, 290.163, 296.718, 6.555, 1481, 296.718, 298.139, 1.421, 14000, 0,     6.555,
 291, 29, 292, 292, 293.006, 1.006, 12000, 0, 293.006, 298.566, 5.56, 1295, 298.566, 299.369, 0.803, 12000, 0,     5.560,
 290, 29, 291, 291, 292.149, 1.149, 16000, 0, 292.149, 298.744, 6.595, 1646, 298.744, 300.436, 1.692, 16000, 0,     6.595,
 292, 29, 293, 293, 294.006, 1.006, 14000, 0, 294.006, 300.641, 6.635, 1440, 300.641, 301.582, 0.941, 14000, 0,     6.635,
 293, 29, 294, 294, 295.159, 1.159, 16000, 0, 295.159, 301.096, 5.937, 1647, 301.096, 302.656, 1.56, 16000, 0,     5.937,
 294, 29, 295, 295, 296.026, 1.026, 12000, 0, 296.026, 302.461, 6.435, 1267, 302.461, 303.461, 1, 12000, 0,     6.435,
 295, 29, 296, 296, 296.883, 0.883, 12000, 0, 296.883, 302.926, 6.043, 1276, 302.926, 304.266, 1.341, 12000, 0,     6.043,
 296, 29, 297, 297, 297.792, 0.792, 11000, 0, 297.792, 304.083, 6.291, 1131, 304.083, 305, 0.917, 11000, 0,     6.291,
 297, 29, 298, 298, 299.149, 1.149, 16000, 0, 299.149, 305.224, 6.075, 1609, 305.224, 306.293, 1.069, 16000, 0,     6.075,
 298, 29, 299, 299, 299.936, 0.936, 11000, 0, 299.936, 305.768, 5.832, 1180, 305.768, 307.026, 1.258, 11000, 0,     5.832,
 300, 29, 301, 301, 301.863, 0.863, 11000, 0, 301.863, 307.39, 5.527, 1136, 307.39, 308.125, 0.735, 11000, 0,     5.527,
 299, 29, 300, 300, 301.077, 1.077, 15000, 0, 301.077, 307.477, 6.399, 1567, 307.477, 309.125, 1.649, 15000, 0,     6.399,
 302, 29, 303, 303, 304.224, 1.224, 15000, 0, 304.224, 309.725, 5.501, 1569, 309.725, 310.733, 1.007, 15000, 0,     5.501,
 301, 29, 302, 302, 303.149, 1.149, 16000, 0, 303.149, 309.773, 6.624, 1669, 309.773, 311.804, 2.031, 16000, 0,     6.624,
 303, 29, 304, 304, 305.225, 1.225, 14000, 0, 305.225, 311.752, 6.527, 1407, 311.752, 312.738, 0.986, 14000, 0,     6.527,
 304, 29, 305, 305, 306.225, 1.225, 14000, 0, 306.225, 311.837, 5.613, 1445, 311.837, 313.678, 1.84, 14000, 0,     5.613,
 305, 29, 306, 306, 307.087, 1.087, 12000, 0, 307.087, 313.506, 6.419, 1229, 313.506, 314.488, 0.981, 12000, 0,     6.419,
 306, 29, 307, 307, 308.159, 1.159, 15000, 0, 308.159, 314.113, 5.954, 1590, 314.113, 315.488, 1.375, 15000, 0,     5.954,
 307, 29, 308, 308, 309.23, 1.23, 15000, 0, 309.23, 315.797, 6.567, 1592, 315.797, 316.799, 1.002, 15000, 0,     6.567,
 308, 29, 309, 309, 310.159, 1.159, 13000, 0, 310.159, 315.99, 5.831, 1312, 315.99, 317.666, 1.676, 13000, 0,     5.831,
 309, 29, 310, 310, 311.159, 1.159, 14000, 0, 311.159, 317.887, 6.728, 1456, 317.887, 318.822, 0.935, 14000, 0,     6.728,
 310, 29, 311, 311, 312.23, 1.23, 15000, 0, 312.23, 318.222, 5.992, 1561, 318.222, 319.822, 1.6, 15000, 0,     5.992,
 311, 29, 312, 312, 313.159, 1.159, 13000, 0, 313.159, 319.826, 6.667, 1358, 319.826, 320.695, 0.869, 13000, 0,     6.667,
 312, 29, 313, 313, 314.301, 1.301, 16000, 0, 314.301, 320.553, 6.252, 1632, 320.553, 321.761, 1.208, 16000, 0,     6.252,
 313, 29, 314, 314, 315.165, 1.165, 12000, 0, 315.165, 321.604, 6.44, 1245, 321.604, 322.562, 0.957, 12000, 0,     6.440,
 314, 29, 315, 315, 316.165, 1.165, 14000, 0, 316.165, 322.61, 6.446, 1431, 322.61, 323.548, 0.938, 14000, 0,     6.446,
 315, 29, 316, 316, 317.103, 1.103, 13000, 0, 317.103, 323.506, 6.403, 1331, 323.506, 324.415, 0.909, 13000, 0,     6.403,
 316, 29, 317, 317, 318.174, 1.174, 15000, 0, 318.174, 324.796, 6.622, 1531, 324.796, 325.798, 1.002, 15000, 0,     6.622,
 317, 29, 318, 318, 319.317, 1.317, 16000, 0, 319.317, 325.838, 6.521, 1630, 325.838, 326.906, 1.069, 16000, 0,     6.521,
 318, 29, 319, 319, 320.389, 1.389, 15000, 0, 320.389, 327.045, 6.656, 1575, 327.045, 328.047, 1.002, 15000, 0,     6.656,
 319, 29, 320, 320, 321.18, 1.18, 11000, 0, 321.18, 327.524, 6.344, 1175, 327.524, 328.781, 1.257, 11000, 0,     6.344,
 320, 29, 321, 321, 322.323, 1.323, 16000, 0, 322.323, 329.427, 7.104, 1668, 329.427, 330.495, 1.069, 16000, 0,     7.104,
 321, 29, 322, 322, 323.465, 1.465, 16000, 0, 323.465, 329.846, 6.381, 1620, 329.846, 331.565, 1.719, 16000, 0,     6.381,
 322, 29, 323, 323, 324.537, 1.537, 15000, 0, 324.537, 331.672, 7.136, 1573, 331.672, 332.676, 1.003, 15000, 0,     7.136,
 323, 29, 324, 324, 325.543, 1.543, 14000, 0, 325.543, 331.853, 6.31, 1405, 331.853, 333.609, 1.756, 14000, 0,     6.310,
 324, 29, 325, 325, 326.686, 1.686, 16000, 0, 326.686, 334.02, 7.334, 1642, 334.02, 335.089, 1.069, 16000, 0,     7.334,
 325, 29, 326, 326, 327.828, 1.828, 16000, 0, 327.828, 334.214, 6.386, 1654, 334.214, 336.155, 1.941, 16000, 0,     6.386,
 326, 29, 327, 327, 328.757, 1.757, 13000, 0, 328.757, 335.957, 7.2, 1356, 335.957, 337.022, 1.065, 13000, 0,     7.200,
 327, 29, 328, 328, 329.685, 1.685, 13000, 0, 329.685, 336.093, 6.407, 1313, 336.093, 337.889, 1.796, 13000, 0,     6.407,
 328, 29, 329, 329, 330.543, 1.543, 12000, 0, 330.543, 337.746, 7.203, 1242, 337.746, 338.694, 0.948, 12000, 0,     7.203,
 329, 29, 330, 330, 331.686, 1.686, 16000, 0, 331.686, 338.423, 6.738, 1624, 338.423, 339.766, 1.343, 16000, 0,     6.738,
 330, 29, 331, 331, 332.614, 1.614, 13000, 0, 332.614, 339.685, 7.071, 1358, 339.685, 340.637, 0.952, 13000, 0,     7.071,
 331, 29, 332, 332, 333.471, 1.471, 12000, 0, 333.471, 340.23, 6.759, 1265, 340.23, 341.437, 1.207, 12000, 0,     6.759,
 333, 29, 334, 334, 335.4, 1.4, 11000, 0, 335.4, 341.895, 6.495, 1166, 341.895, 342.63, 0.735, 11000, 0,     6.495,
 332, 29, 333, 333, 334.614, 1.614, 16000, 0, 334.614, 341.989, 7.375, 1611, 341.989, 343.705, 1.716, 16000, 0,     7.375,
 334, 29, 335, 335, 336.257, 1.257, 12000, 0, 336.257, 343.631, 7.374, 1210, 343.631, 344.515, 0.884, 12000, 0,     7.374,
 335, 29, 336, 336, 337.257, 1.257, 14000, 0, 337.257, 344.087, 6.83, 1468, 344.087, 345.451, 1.364, 14000, 0,     6.830,
 336, 29, 337, 337, 338.257, 1.257, 14000, 0, 338.257, 345.642, 7.385, 1400, 345.642, 346.585, 0.943, 14000, 0,     7.385,
 337, 29, 338, 338, 339.043, 1.043, 11000, 0, 339.043, 345.79, 6.747, 1182, 345.79, 347.318, 1.528, 11000, 0,     6.747,
 338, 29, 339, 339, 339.972, 0.972, 13000, 0, 339.972, 347.518, 7.546, 1314, 347.518, 348.392, 0.874, 13000, 0,     7.546,
 339, 29, 340, 340, 340.936, 0.936, 13000, 0, 340.936, 347.706, 6.77, 1341, 347.706, 349.258, 1.553, 13000, 0,     6.770,
 340, 29, 341, 341, 342.006, 1.006, 14000, 0, 342.006, 349.639, 7.633, 1485, 349.639, 350.574, 0.936, 14000, 0,     7.633,
 341, 29, 342, 342, 342.935, 0.935, 13000, 0, 342.935, 349.696, 6.761, 1393, 349.696, 351.451, 1.755, 13000, 0,     6.761,
 343, 29, 344, 344, 345.149, 1.149, 14000, 0, 345.149, 351.741, 6.592, 1424, 351.741, 352.682, 0.941, 14000, 0,     6.592,
 342, 29, 343, 343, 344.149, 1.149, 16000, 0, 344.149, 352.02, 7.871, 1656, 352.02, 353.755, 1.735, 16000, 0,     7.871,
 344, 29, 345, 345, 345.935, 0.935, 11000, 0, 345.935, 353.349, 7.414, 1121, 353.349, 354.493, 1.144, 11000, 0,     7.414,
 345, 29, 346, 346, 346.863, 0.863, 12000, 0, 346.863, 353.797, 6.933, 1239, 353.797, 355.301, 1.504, 12000, 0,     6.933,
 347, 29, 348, 348, 348.792, 0.792, 11000, 0, 348.792, 355.462, 6.671, 1166, 355.462, 356.203, 0.741, 11000, 0,     6.671,
 346, 29, 347, 347, 348.006, 1.006, 14000, 0, 348.006, 355.482, 7.476, 1491, 355.482, 357.143, 1.661, 14000, 0,     7.476,
 348, 29, 349, 349, 350.006, 1.006, 14000, 0, 350.006, 357.512, 7.506, 1433, 357.512, 358.457, 0.945, 14000, 0,     7.506,
 349, 29, 350, 350, 351.149, 1.149, 16000, 0, 351.149, 357.822, 6.673, 1638, 357.822, 359.525, 1.703, 16000, 0,     6.673,
 350, 29, 351, 351, 351.934, 0.934, 11000, 0, 351.934, 359.14, 7.206, 1134, 359.14, 360.258, 1.118, 11000, 0,     7.206,
 351, 29, 352, 352, 352.792, 0.792, 11000, 0, 352.792, 359.464, 6.672, 1150, 359.464, 360.992, 1.528, 11000, 0,     6.672,
 353, 29, 354, 354, 354.866, 0.866, 11000, 0, 354.866, 361.07, 6.204, 1125, 361.07, 361.806, 0.735, 11000, 0,     6.204,
 352, 29, 353, 353, 354.077, 1.077, 15000, 0, 354.077, 361.34, 7.262, 1537, 361.34, 362.806, 1.466, 15000, 0,     7.262,
 354, 29, 355, 355, 355.935, 0.935, 13000, 0, 355.935, 362.998, 7.064, 1350, 362.998, 363.875, 0.877, 13000, 0,     7.064,
 355, 29, 356, 356, 357.149, 1.149, 16000, 0, 357.149, 363.63, 6.481, 1604, 363.63, 364.942, 1.312, 16000, 0,     6.481,
 356, 29, 357, 357, 358.149, 1.149, 14000, 0, 358.149, 365.036, 6.887, 1426, 365.036, 365.982, 0.945, 14000, 0,     6.887,
 357, 29, 358, 358, 359.149, 1.149, 14000, 0, 359.149, 365.739, 6.59, 1473, 365.739, 366.915, 1.176, 14000, 0,     6.590,
 358, 29, 359, 359, 360.149, 1.149, 14000, 0, 360.149, 367.056, 6.907, 1415, 367.056, 367.992, 0.935, 14000, 0,     6.907,
 359, 29, 360, 360, 361.078, 1.078, 13000, 0, 361.078, 367.714, 6.636, 1383, 367.714, 368.859, 1.145, 13000, 0,     6.636,
 360, 29, 361, 361, 362.149, 1.149, 15000, 0, 362.149, 369.308, 7.158, 1574, 369.308, 370.31, 1.002, 15000, 0,     7.158,
 361, 29, 362, 362, 363.292, 1.292, 16000, 0, 363.292, 370.103, 6.811, 1662, 370.103, 371.376, 1.273, 16000, 0,     6.811,
 362, 29, 363, 363, 364.083, 1.083, 11000, 0, 364.083, 370.973, 6.891, 1162, 370.973, 372.11, 1.137, 11000, 0,     6.891,
 363, 29, 364, 364, 364.868, 0.868, 11000, 0, 364.868, 371.703, 6.835, 1121, 371.703, 372.846, 1.143, 11000, 0,     6.835,
 364, 29, 365, 365, 365.863, 0.863, 12000, 0, 365.863, 372.806, 6.943, 1281, 372.806, 373.646, 0.84, 12000, 0,     6.943,
 365, 29, 366, 366, 367.077, 1.077, 15000, 0, 367.077, 373.88, 6.803, 1519, 373.88, 374.882, 1.002, 15000, 0,     6.803,
 366, 29, 367, 367, 367.863, 0.863, 11000, 0, 367.863, 374.428, 6.564, 1124, 374.428, 375.618, 1.19, 11000, 0,     6.564,
 367, 29, 368, 368, 368.863, 0.863, 12000, 0, 368.863, 375.636, 6.773, 1222, 375.636, 376.438, 0.802, 12000, 0,     6.773,
 368, 29, 369, 369, 369.863, 0.863, 12000, 0, 369.863, 376.249, 6.386, 1269, 376.249, 377.241, 0.992, 12000, 0,     6.386,
 369, 29, 370, 370, 371.149, 1.149, 16000, 0, 371.149, 377.925, 6.776, 1603, 377.925, 378.994, 1.069, 16000, 0,     6.776,
 370, 29, 371, 371, 372.078, 1.078, 13000, 0, 372.078, 378.238, 6.16, 1393, 378.238, 379.86, 1.623, 13000, 0,     6.160,
 372, 29, 373, 373, 373.87, 0.87, 11000, 0, 373.87, 379.873, 6.003, 1142, 379.873, 380.609, 0.735, 11000, 0,     6.003,
 371, 29, 372, 372, 373.078, 1.078, 14000, 0, 373.078, 380.036, 6.958, 1477, 380.036, 381.544, 1.508, 14000, 0,     6.958,
 373, 29, 374, 374, 374.792, 0.792, 11000, 0, 374.792, 381.516, 6.724, 1150, 381.516, 382.281, 0.765, 11000, 0,     6.724,
 374, 29, 375, 375, 375.792, 0.792, 11000, 0, 375.792, 381.701, 5.909, 1166, 381.701, 383.018, 1.317, 11000, 0,     5.909,
 375, 29, 376, 376, 376.863, 0.863, 12000, 0, 376.863, 383.291, 6.428, 1244, 383.291, 384.103, 0.812, 12000, 0,     6.428,
 376, 29, 377, 377, 377.792, 0.792, 11000, 0, 377.792, 383.393, 5.601, 1185, 383.393, 384.838, 1.445, 11000, 0,     5.601,
 377, 29, 378, 378, 378.863, 0.863, 12000, 0, 378.863, 385.04, 6.177, 1225, 385.04, 385.85, 0.81, 12000, 0,     6.177,
 378, 29, 379, 379, 379.863, 0.863, 12000, 0, 379.863, 385.192, 5.329, 1260, 385.192, 386.654, 1.462, 12000, 0,     5.329,
 379, 29, 380, 380, 381.083, 1.083, 15000, 0, 381.083, 387.287, 6.205, 1574, 387.287, 388.293, 1.005, 15000, 0,     6.205,
 380, 29, 381, 381, 382.088, 1.088, 14000, 0, 382.088, 387.349, 5.262, 1499, 387.349, 389.226, 1.877, 14000, 0,     5.262,
 382, 29, 383, 383, 384.159, 1.159, 13000, 0, 384.159, 389.327, 5.168, 1385, 389.327, 390.196, 0.869, 13000, 0,     5.168,
 381, 29, 382, 382, 383.23, 1.23, 16000, 0, 383.23, 389.683, 6.453, 1678, 389.683, 391.264, 1.58, 16000, 0,     6.453,
 383, 29, 384, 384, 384.945, 0.945, 11000, 0, 384.945, 391.016, 6.071, 1178, 391.016, 391.997, 0.981, 11000, 0,     6.071,
 384, 29, 385, 385, 386.077, 1.077, 15000, 0, 386.077, 391.945, 5.867, 1583, 391.945, 393.001, 1.056, 15000, 0,     5.867,
 385, 29, 386, 386, 387.156, 1.156, 15000, 0, 387.156, 393.18, 6.024, 1515, 393.18, 394.182, 1.002, 15000, 0,     6.024,
 386, 29, 387, 387, 388.016, 1.016, 12000, 0, 388.016, 393.766, 5.75, 1275, 393.766, 394.982, 1.216, 12000, 0,     5.750,
 387, 29, 388, 388, 389.093, 1.093, 15000, 0, 389.093, 395.421, 6.328, 1557, 395.421, 396.433, 1.012, 15000, 0,     6.328,
 388, 29, 389, 389, 390.099, 1.099, 14000, 0, 390.099, 395.805, 5.706, 1424, 395.805, 397.367, 1.561, 14000, 0,     5.706,
 389, 29, 390, 390, 390.888, 0.888, 11000, 0, 390.888, 397.096, 6.207, 1168, 397.096, 398.106, 1.01, 11000, 0,     6.207,
 390, 29, 391, 391, 391.935, 0.935, 13000, 0, 391.935, 397.803, 5.868, 1399, 397.803, 398.973, 1.17, 13000, 0,     5.868,
 391, 29, 392, 392, 392.863, 0.863, 12000, 0, 392.863, 398.921, 6.058, 1278, 398.921, 399.773, 0.852, 12000, 0,     6.058,
 392, 29, 393, 393, 393.863, 0.863, 12000, 0, 393.863, 399.643, 5.78, 1285, 399.643, 400.573, 0.93, 12000, 0,     5.780,
 393, 29, 394, 394, 394.792, 0.792, 11000, 0, 394.792, 400.572, 5.781, 1154, 400.572, 401.308, 0.735, 11000, 0,     5.781,
 394, 29, 395, 395, 396.077, 1.077, 15000, 0, 396.077, 401.835, 5.758, 1535, 401.835, 402.837, 1.002, 15000, 0,     5.758,
 395, 29, 396, 396, 397.149, 1.149, 15000, 0, 397.149, 402.747, 5.598, 1523, 402.747, 403.837, 1.09, 15000, 0,     5.598,
 396, 29, 397, 397, 398.227, 1.227, 15000, 0, 398.227, 404.012, 5.785, 1524, 404.012, 405.016, 1.004, 15000, 0,     5.785,
 397, 29, 398, 398, 399.236, 1.236, 14000, 0, 399.236, 404.805, 5.569, 1440, 404.805, 405.949, 1.144, 14000, 0,     5.569,
 398, 29, 399, 399, 400.379, 1.379, 16000, 0, 400.379, 406.395, 6.016, 1669, 406.395, 407.464, 1.069, 16000, 0,     6.016,
 399, 29, 400, 400, 401.236, 1.236, 12000, 0, 401.236, 406.661, 5.425, 1286, 406.661, 408.264, 1.603, 12000, 0,     5.425,
 400, 29, 402, 402, 403.006, 1.006, 14000, 0, 403.006, 408.438, 5.432, 1431, 408.438, 409.38, 0.942, 14000, 0,     5.432,
 401, 29, 403, 403, 404.149, 1.149, 16000, 0, 404.149, 409.027, 4.878, 1657, 409.027, 410.446, 1.419, 16000, 0,     4.878,
 402, 29, 404, 404, 404.939, 0.939, 11000, 0, 404.939, 410.084, 5.145, 1144, 410.084, 411.179, 1.095, 11000, 0,     5.145,
 403, 29, 405, 405, 406.083, 1.083, 15000, 0, 406.083, 411.268, 5.185, 1569, 411.268, 412.272, 1.004, 15000, 0,     5.185,
 404, 29, 406, 406, 407.02, 1.02, 13000, 0, 407.02, 412.016, 4.996, 1353, 412.016, 413.139, 1.123, 13000, 0,     4.996,
 405, 29, 407, 407, 408.165, 1.165, 16000, 0, 408.165, 413.598, 5.433, 1632, 413.598, 414.667, 1.069, 16000, 0,     5.433,
 406, 29, 408, 408, 408.951, 0.951, 11000, 0, 408.951, 413.66, 4.71, 1144, 413.66, 415.4, 1.74, 11000, 0,     4.710,
 408, 29, 410, 410, 411.151, 1.151, 14000, 0, 411.151, 415.766, 4.615, 1473, 415.766, 416.701, 0.935, 14000, 0,     4.615,
 407, 29, 409, 409, 410.15, 1.15, 16000, 0, 410.15, 415.977, 5.827, 1666, 415.977, 417.768, 1.791, 16000, 0,     5.827,
 409, 29, 411, 411, 412.294, 1.294, 16000, 0, 412.294, 418.054, 5.76, 1602, 418.054, 419.122, 1.069, 16000, 0,     5.760,
 410, 29, 412, 412, 413.437, 1.437, 16000, 0, 413.437, 418.305, 4.869, 1630, 418.305, 420.189, 1.884, 16000, 0,     4.869,
 411, 29, 413, 413, 414.222, 1.222, 11000, 0, 414.222, 419.726, 5.504, 1170, 419.726, 420.922, 1.196, 11000, 0,     5.504,
 412, 29, 414, 414, 415.294, 1.294, 15000, 0, 415.294, 420.47, 5.176, 1512, 420.47, 421.922, 1.452, 15000, 0,     5.176,
 413, 29, 415, 415, 416.151, 1.151, 12000, 0, 416.151, 421.552, 5.401, 1276, 421.552, 422.722, 1.17, 12000, 0,     5.401,
 414, 29, 416, 416, 417.151, 1.151, 14000, 0, 417.151, 422.58, 5.429, 1478, 422.58, 423.659, 1.079, 14000, 0,     5.429,
 415, 29, 417, 417, 418.226, 1.226, 15000, 0, 418.226, 423.717, 5.491, 1504, 423.717, 424.719, 1.002, 15000, 0,     5.491,
 416, 29, 418, 418, 419.368, 1.368, 16000, 0, 419.368, 424.973, 5.604, 1662, 424.973, 426.041, 1.069, 16000, 0,     5.604,
 417, 29, 419, 419, 420.44, 1.44, 15000, 0, 420.44, 425.926, 5.486, 1539, 425.926, 427.041, 1.115, 15000, 0,     5.486,
 418, 29, 420, 420, 421.583, 1.583, 16000, 0, 421.583, 427.274, 5.692, 1612, 427.274, 428.346, 1.072, 16000, 0,     5.692,
 419, 29, 421, 421, 422.448, 1.448, 12000, 0, 422.448, 427.64, 5.192, 1200, 427.64, 429.146, 1.507, 12000, 0,     5.192,
 420, 29, 422, 422, 423.376, 1.376, 13000, 0, 423.376, 429.247, 5.87, 1381, 429.247, 430.115, 0.869, 13000, 0,     5.870,
 421, 29, 423, 423, 424.376, 1.376, 14000, 0, 424.376, 429.761, 5.385, 1485, 429.761, 431.049, 1.288, 14000, 0,     5.385,
 422, 29, 424, 424, 425.233, 1.233, 12000, 0, 425.233, 431.05, 5.817, 1263, 431.05, 431.852, 0.802, 12000, 0,     5.817,
 423, 29, 425, 425, 426.305, 1.305, 15000, 0, 426.305, 431.936, 5.631, 1523, 431.936, 432.946, 1.01, 15000, 0,     5.631,
 424, 29, 426, 426, 427.17, 1.17, 12000, 0, 427.17, 432.87, 5.7, 1274, 432.87, 433.753, 0.884, 12000, 0,     5.700,
 425, 29, 427, 427, 428.319, 1.319, 16000, 0, 428.319, 434.316, 5.997, 1667, 434.316, 435.386, 1.07, 16000, 0,     5.997,
 426, 29, 428, 428, 429.107, 1.107, 11000, 0, 429.107, 434.504, 5.397, 1145, 434.504, 436.12, 1.615, 11000, 0,     5.397,
 427, 29, 429, 429, 430.036, 1.036, 13000, 0, 430.036, 436.287, 6.251, 1380, 436.287, 437.157, 0.87, 13000, 0,     6.251,
 428, 29, 430, 430, 430.964, 0.964, 13000, 0, 430.964, 436.43, 5.466, 1348, 436.43, 438.024, 1.594, 13000, 0,     5.466,
 429, 29, 431, 431, 431.863, 0.863, 12000, 0, 431.863, 438.026, 6.163, 1213, 438.026, 438.828, 0.802, 12000, 0,     6.163,
 430, 29, 432, 432, 432.942, 0.942, 13000, 0, 432.942, 438.407, 5.465, 1385, 438.407, 439.695, 1.288, 13000, 0,     5.465,
 431, 29, 433, 433, 433.863, 0.863, 12000, 0, 433.863, 439.767, 5.903, 1217, 439.767, 440.569, 0.802, 12000, 0,     5.903,
 432, 29, 434, 434, 435.077, 1.077, 15000, 0, 435.077, 440.619, 5.542, 1548, 440.619, 441.621, 1.002, 15000, 0,     5.542,
 433, 29, 435, 435, 436.149, 1.149, 15000, 0, 436.149, 441.996, 5.847, 1557, 441.996, 442.998, 1.002, 15000, 0,     5.847,
 434, 29, 436, 436, 437.149, 1.149, 14000, 0, 437.149, 442.758, 5.609, 1492, 442.758, 443.935, 1.177, 14000, 0,     5.609,
 435, 29, 437, 437, 438.085, 1.085, 13000, 0, 438.085, 443.955, 5.87, 1372, 443.955, 444.823, 0.869, 13000, 0,     5.870,
 436, 29, 438, 438, 438.87, 0.87, 11000, 0, 438.87, 444.435, 5.565, 1162, 444.435, 445.557, 1.122, 11000, 0,     5.565,
 437, 29, 439, 439, 440.149, 1.149, 16000, 0, 440.149, 446.35, 6.201, 1677, 446.35, 447.424, 1.074, 16000, 0,     6.201,
 438, 29, 440, 440, 441.158, 1.158, 14000, 0, 441.158, 446.439, 5.28, 1403, 446.439, 448.358, 1.919, 14000, 0,     5.280,
 439, 29, 441, 441, 442.016, 1.016, 12000, 0, 442.016, 448.088, 6.073, 1217, 448.088, 449.158, 1.069, 12000, 0,     6.073,
 440, 29, 442, 442, 442.949, 0.949, 13000, 0, 442.949, 448.326, 5.377, 1322, 448.326, 450.035, 1.708, 13000, 0,     5.377,
 441, 29, 443, 443, 443.792, 0.792, 11000, 0, 443.792, 449.775, 5.983, 1178, 449.775, 450.768, 0.992, 11000, 0,     5.983,
 442, 29, 444, 444, 445.006, 1.006, 14000, 0, 445.006, 450.39, 5.384, 1440, 450.39, 451.701, 1.311, 14000, 0,     5.384,
 443, 29, 445, 445, 446.077, 1.077, 15000, 0, 446.077, 451.988, 5.911, 1550, 451.988, 452.99, 1.002, 15000, 0,     5.911,
 444, 29, 446, 446, 447.22, 1.22, 16000, 0, 447.22, 452.704, 5.484, 1620, 452.704, 454.057, 1.353, 16000, 0,     5.484,
 445, 29, 447, 447, 448.371, 1.371, 16000, 0, 448.371, 454.287, 5.915, 1606, 454.287, 455.355, 1.069, 16000, 0,     5.915,
 446, 29, 448, 448, 449.514, 1.514, 16000, 0, 449.514, 455.046, 5.532, 1634, 455.046, 456.432, 1.386, 16000, 0,     5.532,
 447, 29, 449, 449, 450.443, 1.443, 13000, 0, 450.443, 456.196, 5.753, 1337, 456.196, 457.298, 1.103, 13000, 0,     5.753,
 448, 29, 450, 450, 451.442, 1.442, 14000, 0, 451.442, 457.163, 5.72, 1478, 457.163, 458.232, 1.069, 14000, 0,     5.720,
 449, 29, 451, 451, 452.585, 1.585, 16000, 0, 452.585, 458.484, 5.899, 1602, 458.484, 459.553, 1.069, 16000, 0,     5.899,
 450, 29, 452, 452, 453.443, 1.443, 12000, 0, 453.443, 458.892, 5.45, 1211, 458.892, 460.353, 1.46, 12000, 0,     5.450,
 451, 29, 453, 453, 454.237, 1.237, 11000, 0, 454.237, 460.114, 5.878, 1142, 460.114, 461.095, 0.98, 11000, 0,     5.878,
 452, 29, 454, 454, 455.165, 1.165, 13000, 0, 455.165, 460.79, 5.624, 1324, 460.79, 461.961, 1.171, 13000, 0,     5.624,
 453, 29, 455, 455, 456.103, 1.103, 13000, 0, 456.103, 462.026, 5.923, 1335, 462.026, 462.895, 0.869, 13000, 0,     5.923,
 454, 29, 456, 456, 457.103, 1.103, 14000, 0, 457.103, 462.822, 5.719, 1423, 462.822, 463.828, 1.006, 14000, 0,     5.719,
 455, 29, 457, 457, 458.103, 1.103, 14000, 0, 458.103, 464.046, 5.943, 1404, 464.046, 464.981, 0.935, 14000, 0,     5.943,
 456, 29, 458, 458, 459.246, 1.246, 16000, 0, 459.246, 465.142, 5.897, 1624, 465.142, 466.215, 1.073, 16000, 0,     5.897,
 457, 29, 459, 459, 460.317, 1.317, 15000, 0, 460.317, 466.193, 5.876, 1503, 466.193, 467.224, 1.03, 15000, 0,     5.876,
 458, 29, 460, 460, 461.317, 1.317, 14000, 0, 461.317, 467.228, 5.911, 1461, 467.228, 468.165, 0.937, 14000, 0,     5.911,
 459, 29, 461, 461, 462.174, 1.174, 12000, 0, 462.174, 468.056, 5.882, 1299, 468.056, 468.971, 0.915, 12000, 0,     5.882,
 460, 29, 462, 462, 463.246, 1.246, 15000, 0, 463.246, 469.46, 6.214, 1559, 469.46, 470.462, 1.002, 15000, 0,     6.214,
 461, 29, 463, 463, 464.389, 1.389, 16000, 0, 464.389, 470.433, 6.044, 1651, 470.433, 471.528, 1.096, 16000, 0,     6.044,
 462, 29, 464, 464, 465.18, 1.18, 11000, 0, 465.18, 471.127, 5.948, 1164, 471.127, 472.262, 1.134, 11000, 0,     5.948,
 463, 29, 465, 465, 466.257, 1.257, 15000, 0, 466.257, 472.681, 6.424, 1567, 472.681, 473.683, 1.002, 15000, 0,     6.424,
 464, 29, 466, 466, 467.19, 1.19, 13000, 0, 467.19, 473.064, 5.875, 1357, 473.064, 474.55, 1.485, 13000, 0,     5.875,
 465, 29, 467, 467, 468.047, 1.047, 12000, 0, 468.047, 474.409, 6.363, 1208, 474.409, 475.351, 0.942, 12000, 0,     6.363,
 466, 29, 468, 468, 468.975, 0.975, 13000, 0, 468.975, 475.025, 6.05, 1370, 475.025, 476.228, 1.203, 13000, 0,     6.050,
 467, 29, 469, 469, 470.077, 1.077, 15000, 0, 470.077, 476.65, 6.572, 1569, 476.65, 477.652, 1.002, 15000, 0,     6.572,
 468, 29, 470, 470, 471.077, 1.077, 14000, 0, 471.077, 477.043, 5.965, 1410, 477.043, 478.585, 1.542, 14000, 0,     5.965,
 469, 29, 471, 471, 472.006, 1.006, 13000, 0, 472.006, 478.59, 6.584, 1359, 478.59, 479.464, 0.874, 13000, 0,     6.584,
 470, 29, 472, 472, 473.149, 1.149, 16000, 0, 473.149, 479.358, 6.209, 1621, 479.358, 480.53, 1.173, 16000, 0,     6.209,
 471, 29, 473, 473, 474.292, 1.292, 16000, 0, 474.292, 480.936, 6.645, 1642, 480.936, 482.005, 1.069, 16000, 0,     6.645,
 472, 29, 474, 474, 475.435, 1.435, 16000, 0, 475.435, 481.72, 6.286, 1650, 481.72, 483.079, 1.358, 16000, 0,     6.286,
 473, 29, 475, 475, 476.292, 1.292, 12000, 0, 476.292, 482.662, 6.37, 1208, 482.662, 483.879, 1.217, 12000, 0,     6.370,
 474, 29, 476, 476, 477.292, 1.292, 14000, 0, 477.292, 483.767, 6.475, 1433, 483.767, 484.812, 1.045, 14000, 0,     6.475,
 475, 29, 477, 477, 478.435, 1.435, 16000, 0, 478.435, 484.946, 6.512, 1600, 484.946, 486.018, 1.072, 16000, 0,     6.512,
 476, 29, 478, 478, 479.506, 1.506, 15000, 0, 479.506, 485.95, 6.444, 1529, 485.95, 487.018, 1.067, 15000, 0,     6.444,
 477, 29, 479, 479, 480.577, 1.577, 15000, 0, 480.577, 487.099, 6.522, 1508, 487.099, 488.101, 1.002, 15000, 0,     6.522,
 478, 29, 480, 480, 481.72, 1.72, 16000, 0, 481.72, 488.341, 6.621, 1665, 488.341, 489.41, 1.069, 16000, 0,     6.621,
 479, 29, 481, 481, 482.649, 1.649, 13000, 0, 482.649, 489.086, 6.437, 1383, 489.086, 490.277, 1.191, 13000, 0,     6.437,
 480, 29, 482, 482, 483.577, 1.577, 13000, 0, 483.577, 490.246, 6.668, 1333, 490.246, 491.143, 0.898, 13000, 0,     6.668,
 481, 29, 483, 483, 484.577, 1.577, 14000, 0, 484.577, 491.166, 6.588, 1456, 491.166, 492.101, 0.935, 14000, 0,     6.588,
 482, 29, 484, 484, 485.506, 1.506, 13000, 0, 485.506, 492.16, 6.654, 1341, 492.16, 493.039, 0.879, 13000, 0,     6.654,
 483, 29, 485, 485, 486.434, 1.434, 13000, 0, 486.434, 493.148, 6.713, 1388, 493.148, 494.026, 0.879, 13000, 0,     6.713,
 484, 29, 486, 486, 487.363, 1.363, 13000, 0, 487.363, 494.071, 6.708, 1338, 494.071, 494.947, 0.877, 13000, 0,     6.708,
 485, 29, 487, 487, 488.443, 1.443, 15000, 0, 488.443, 495.385, 6.942, 1567, 495.385, 496.387, 1.002, 15000, 0,     6.942,
 486, 29, 488, 488, 489.3, 1.3, 12000, 0, 489.3, 495.873, 6.573, 1259, 495.873, 497.187, 1.314, 12000, 0,     6.573,
 487, 29, 489, 489, 490.236, 1.236, 13000, 0, 490.236, 497.244, 7.008, 1302, 497.244, 498.113, 0.869, 13000, 0,     7.008,
 488, 29, 490, 490, 491.026, 1.026, 11000, 0, 491.026, 497.482, 6.456, 1122, 497.482, 498.846, 1.364, 11000, 0,     6.456,
 489, 29, 491, 491, 492.026, 1.026, 14000, 0, 492.026, 499.254, 7.229, 1404, 499.254, 500.19, 0.936, 14000, 0,     7.229,
 490, 29, 492, 492, 493.027, 1.027, 14000, 0, 493.027, 499.567, 6.54, 1460, 499.567, 501.124, 1.557, 14000, 0,     6.540,
 491, 29, 493, 493, 493.959, 0.959, 13000, 0, 493.959, 501.12, 7.16, 1306, 501.12, 501.99, 0.871, 13000, 0,     7.160,
 492, 29, 494, 494, 495.016, 1.016, 14000, 0, 495.016, 501.654, 6.638, 1456, 501.654, 502.933, 1.28, 14000, 0,     6.638,
 493, 29, 495, 495, 495.873, 0.873, 12000, 0, 495.873, 502.871, 6.998, 1226, 502.871, 503.734, 0.863, 12000, 0,     6.998,
 494, 29, 496, 496, 496.792, 0.792, 11000, 0, 496.792, 503.358, 6.567, 1190, 503.358, 504.467, 1.109, 11000, 0,     6.567,
 495, 29, 497, 497, 497.792, 0.792, 11000, 0, 497.792, 504.501, 6.709, 1142, 504.501, 505.24, 0.739, 11000, 0,     6.709,
 496, 29, 498, 498, 498.792, 0.792, 11000, 0, 498.792, 504.99, 6.198, 1143, 504.99, 505.974, 0.983, 11000, 0,     6.198,
 497, 29, 499, 499, 499.941, 0.941, 13000, 0, 499.941, 506.479, 6.538, 1380, 506.479, 507.348, 0.869, 13000, 0,     6.538,
 498, 29, 500, 500, 501.006, 1.006, 14000, 0, 501.006, 507.046, 6.04, 1440, 507.046, 508.281, 1.235, 14000, 0,     6.040,
 499, 29, 501, 501, 501.939, 0.939, 13000, 0, 501.939, 508.427, 6.488, 1365, 508.427, 509.297, 0.869, 13000, 0,     6.488,
 500, 29, 502, 502, 503.149, 1.149, 16000, 0, 503.149, 509.363, 6.214, 1612, 509.363, 510.432, 1.069, 16000, 0,     6.214,
 501, 29, 503, 503, 504.149, 1.149, 14000, 0, 504.149, 510.517, 6.368, 1458, 510.517, 511.455, 0.938, 14000, 0,     6.368,
 502, 29, 504, 504, 505.149, 1.149, 14000, 0, 505.149, 511.367, 6.218, 1403, 511.367, 512.389, 1.021, 14000, 0,     6.218,
 503, 29, 505, 505, 506.149, 1.149, 14000, 0, 506.149, 512.582, 6.433, 1438, 512.582, 513.523, 0.941, 14000, 0,     6.433,
 504, 29, 506, 506, 507.226, 1.226, 15000, 0, 507.226, 513.598, 6.372, 1562, 513.598, 514.601, 1.003, 15000, 0,     6.372,
 505, 29, 507, 507, 508.093, 1.093, 12000, 0, 508.093, 514.399, 6.306, 1272, 514.399, 515.401, 1.002, 12000, 0,     6.306,
 506, 29, 508, 508, 509.095, 1.095, 14000, 0, 509.095, 515.688, 6.593, 1463, 515.688, 516.628, 0.941, 14000, 0,     6.593,
 507, 29, 509, 509, 510.095, 1.095, 14000, 0, 510.095, 516.479, 6.384, 1455, 516.479, 517.565, 1.086, 14000, 0,     6.384,
 508, 29, 510, 510, 511.026, 1.026, 13000, 0, 511.026, 517.615, 6.589, 1344, 517.615, 518.484, 0.869, 13000, 0,     6.589,
 509, 29, 511, 511, 512.169, 1.169, 16000, 0, 512.169, 518.842, 6.673, 1654, 518.842, 519.911, 1.069, 16000, 0,     6.673,
 510, 29, 512, 512, 513.026, 1.026, 12000, 0, 513.026, 519.379, 6.353, 1232, 519.379, 520.712, 1.333, 12000, 0,     6.353,
 511, 29, 513, 513, 513.883, 0.883, 12000, 0, 513.883, 520.685, 6.802, 1291, 520.685, 521.512, 0.827, 12000, 0,     6.802,
 512, 29, 514, 514, 514.934, 0.934, 13000, 0, 514.934, 521.24, 6.306, 1301, 521.24, 522.379, 1.139, 13000, 0,     6.306,
 513, 29, 515, 515, 516.006, 1.006, 14000, 0, 516.006, 522.733, 6.727, 1433, 522.733, 523.668, 0.935, 14000, 0,     6.727,
 514, 29, 516, 516, 517.077, 1.077, 15000, 0, 517.077, 523.434, 6.357, 1537, 523.434, 524.668, 1.234, 15000, 0,     6.357,
 515, 29, 517, 517, 518.149, 1.149, 15000, 0, 518.149, 524.948, 6.799, 1551, 524.948, 525.953, 1.005, 15000, 0,     6.799,
 516, 29, 518, 518, 518.935, 0.935, 11000, 0, 518.935, 525.147, 6.212, 1195, 525.147, 526.686, 1.539, 11000, 0,     6.212,
 517, 29, 519, 519, 520.078, 1.078, 15000, 0, 520.078, 527.116, 7.038, 1515, 527.116, 528.128, 1.012, 15000, 0,     7.038,
 518, 29, 520, 520, 521.149, 1.149, 15000, 0, 521.149, 527.374, 6.225, 1560, 527.374, 529.128, 1.754, 15000, 0,     6.225,
 519, 29, 521, 521, 522.087, 1.087, 13000, 0, 522.087, 529.093, 7.006, 1385, 529.093, 529.995, 0.901, 13000, 0,     7.006,
 520, 29, 522, 522, 522.953, 0.953, 12000, 0, 522.953, 529.231, 6.277, 1299, 529.231, 530.794, 1.564, 12000, 0,     6.277,
 522, 29, 524, 524, 525.016, 1.016, 12000, 0, 525.016, 530.945, 5.929, 1201, 530.945, 531.749, 0.804, 12000, 0,     5.929,
 521, 29, 523, 523, 524.149, 1.149, 16000, 0, 524.149, 531.426, 7.276, 1632, 531.426, 532.816, 1.39, 16000, 0,     7.276,
 523, 29, 525, 525, 525.951, 0.951, 13000, 0, 525.951, 532.854, 6.903, 1324, 532.854, 533.723, 0.869, 13000, 0,     6.903,
 524, 29, 526, 526, 527.157, 1.157, 16000, 0, 527.157, 533.771, 6.614, 1637, 533.771, 534.84, 1.069, 16000, 0,     6.614,
 525, 29, 527, 527, 528.236, 1.236, 15000, 0, 528.236, 535.019, 6.782, 1516, 535.019, 536.02, 1.002, 15000, 0,     6.782,
 526, 29, 528, 528, 529.093, 1.093, 12000, 0, 529.093, 535.592, 6.498, 1275, 535.592, 536.83, 1.238, 12000, 0,     6.498,
 527, 29, 529, 529, 530.17, 1.17, 15000, 0, 530.17, 537.21, 7.04, 1530, 537.21, 538.212, 1.002, 15000, 0,     7.040,
 528, 29, 530, 530, 530.956, 0.956, 11000, 0, 530.956, 537.27, 6.314, 1174, 537.27, 538.949, 1.679, 11000, 0,     6.314,
 530, 29, 532, 532, 533.226, 1.226, 15000, 0, 533.226, 539.425, 6.199, 1509, 539.425, 540.427, 1.002, 15000, 0,     6.199,
 529, 29, 531, 531, 532.153, 1.153, 16000, 0, 532.153, 539.548, 7.395, 1637, 539.548, 541.494, 1.946, 16000, 0,     7.395,
 531, 29, 533, 533, 534.155, 1.155, 13000, 0, 534.155, 541.327, 7.173, 1325, 541.327, 542.361, 1.033, 13000, 0,     7.173,
 532, 29, 534, 534, 535.155, 1.155, 14000, 0, 535.155, 541.687, 6.532, 1488, 541.687, 543.294, 1.607, 14000, 0,     6.532,
 533, 29, 535, 535, 535.95, 0.95, 11000, 0, 535.95, 542.943, 6.993, 1132, 542.943, 544.028, 1.085, 11000, 0,     6.993,
 534, 29, 536, 536, 536.945, 0.945, 13000, 0, 536.945, 543.68, 6.736, 1392, 543.68, 544.898, 1.218, 13000, 0,     6.736,
 535, 29, 537, 537, 538.006, 1.006, 14000, 0, 538.006, 544.992, 6.986, 1427, 544.992, 545.927, 0.936, 14000, 0,     6.986,
 536, 29, 538, 538, 538.863, 0.863, 12000, 0, 538.863, 545.445, 6.582, 1236, 545.445, 546.728, 1.284, 12000, 0,     6.582,
 537, 29, 539, 539, 539.939, 0.939, 13000, 0, 539.939, 546.873, 6.934, 1317, 546.873, 547.742, 0.869, 13000, 0,     6.934,
 538, 29, 540, 540, 540.863, 0.863, 12000, 0, 540.863, 547.281, 6.418, 1273, 547.281, 548.542, 1.261, 12000, 0,     6.418,
 539, 29, 541, 541, 541.935, 0.935, 13000, 0, 541.935, 548.825, 6.89, 1366, 548.825, 549.694, 0.869, 13000, 0,     6.890,
 540, 29, 542, 542, 542.796, 0.796, 11000, 0, 542.796, 548.885, 6.089, 1122, 548.885, 550.427, 1.542, 11000, 0,     6.089,
 542, 29, 544, 544, 545.016, 1.016, 13000, 0, 545.016, 550.843, 5.827, 1368, 550.843, 551.711, 0.869, 13000, 0,     5.827,
 541, 29, 543, 543, 544.083, 1.083, 15000, 0, 544.083, 551, 6.917, 1511, 551, 552.711, 1.711, 15000, 0,     6.917,
 544, 29, 546, 546, 546.863, 0.863, 12000, 0, 546.863, 552.754, 5.891, 1226, 552.754, 553.557, 0.802, 12000, 0,     5.891,
 543, 29, 545, 545, 545.944, 0.944, 13000, 0, 545.944, 552.794, 6.85, 1367, 552.794, 554.423, 1.629, 13000, 0,     6.850,
 545, 29, 547, 547, 547.863, 0.863, 12000, 0, 547.863, 554.546, 6.683, 1251, 554.546, 555.348, 0.802, 12000, 0,     6.683,
 546, 29, 548, 548, 548.863, 0.863, 12000, 0, 548.863, 554.606, 5.743, 1269, 554.606, 556.148, 1.542, 12000, 0,     5.743,
 547, 29, 549, 549, 549.792, 0.792, 11000, 0, 549.792, 556.183, 6.391, 1134, 556.183, 556.918, 0.735, 11000, 0,     6.391,
 548, 29, 550, 550, 551.077, 1.077, 15000, 0, 551.077, 556.777, 5.699, 1512, 556.777, 557.918, 1.141, 15000, 0,     5.699,
 550, 29, 552, 552, 553.016, 1.016, 11000, 0, 553.016, 558.45, 5.435, 1169, 558.45, 559.19, 0.74, 11000, 0,     5.435,
 549, 29, 551, 551, 552.229, 1.229, 16000, 0, 552.229, 558.543, 6.314, 1653, 558.543, 560.257, 1.714, 16000, 0,     6.314,
 551, 29, 553, 553, 554.026, 1.026, 14000, 0, 554.026, 560.565, 6.539, 1478, 560.565, 561.5, 0.935, 14000, 0,     6.539,
 552, 29, 554, 554, 555.097, 1.097, 15000, 0, 555.097, 560.71, 5.613, 1512, 560.71, 562.51, 1.8, 15000, 0,     5.613,
 553, 29, 555, 555, 555.954, 0.954, 12000, 0, 555.954, 562.408, 6.454, 1291, 562.408, 563.31, 0.902, 12000, 0,     6.454,
 554, 29, 556, 556, 557.149, 1.149, 16000, 0, 557.149, 563.108, 5.959, 1678, 563.108, 564.377, 1.268, 16000, 0,     5.959,
 555, 29, 557, 557, 557.935, 0.935, 11000, 0, 557.935, 564.091, 6.156, 1179, 564.091, 565.11, 1.019, 11000, 0,     6.156,
 556, 29, 558, 558, 559.077, 1.077, 15000, 0, 559.077, 565.341, 6.263, 1550, 565.341, 566.343, 1.002, 15000, 0,     6.263,
 557, 29, 559, 559, 559.935, 0.935, 12000, 0, 559.935, 565.848, 5.913, 1219, 565.848, 567.152, 1.304, 12000, 0,     5.913,
 558, 29, 560, 560, 561.078, 1.078, 15000, 0, 561.078, 567.585, 6.507, 1567, 567.585, 568.588, 1.004, 15000, 0,     6.507,
 559, 29, 561, 561, 562.149, 1.149, 15000, 0, 562.149, 568.106, 5.957, 1575, 568.106, 569.589, 1.483, 15000, 0,     5.957,
 560, 29, 562, 562, 563.293, 1.293, 16000, 0, 563.293, 569.994, 6.701, 1677, 569.994, 571.067, 1.073, 16000, 0,     6.701,
 561, 29, 563, 563, 564.436, 1.436, 16000, 0, 564.436, 570.433, 5.997, 1629, 570.433, 572.133, 1.701, 16000, 0,     5.997,
 562, 29, 564, 564, 565.293, 1.293, 12000, 0, 565.293, 571.816, 6.523, 1270, 571.816, 572.934, 1.117, 12000, 0,     6.523,
 563, 29, 565, 565, 566.436, 1.436, 16000, 0, 566.436, 572.729, 6.293, 1608, 572.729, 574, 1.271, 16000, 0,     6.293,
 564, 29, 566, 566, 567.293, 1.293, 12000, 0, 567.293, 573.66, 6.367, 1291, 573.66, 574.8, 1.141, 12000, 0,     6.367,
 565, 29, 567, 567, 568.364, 1.364, 15000, 0, 568.364, 574.941, 6.577, 1549, 574.941, 575.948, 1.007, 15000, 0,     6.577,
 566, 29, 568, 568, 569.507, 1.507, 16000, 0, 569.507, 575.964, 6.457, 1610, 575.964, 577.033, 1.069, 16000, 0,     6.457,
 567, 29, 569, 569, 570.509, 1.509, 14000, 0, 570.509, 576.949, 6.44, 1403, 576.949, 577.967, 1.017, 14000, 0,     6.440,
 568, 29, 570, 570, 571.652, 1.652, 16000, 0, 571.652, 578.376, 6.724, 1678, 578.376, 579.444, 1.069, 16000, 0,     6.724,
 569, 29, 571, 571, 572.58, 1.58, 13000, 0, 572.58, 578.842, 6.262, 1325, 578.842, 580.316, 1.474, 13000, 0,     6.262,
 570, 29, 572, 572, 573.437, 1.437, 12000, 0, 573.437, 580.132, 6.695, 1230, 580.132, 581.116, 0.984, 12000, 0,     6.695,
 571, 29, 573, 573, 574.366, 1.366, 13000, 0, 574.366, 580.774, 6.408, 1353, 580.774, 581.983, 1.209, 13000, 0,     6.408,
 572, 29, 574, 574, 575.437, 1.437, 15000, 0, 575.437, 582.301, 6.864, 1519, 582.301, 583.313, 1.012, 15000, 0,     6.864,
 573, 29, 575, 575, 576.294, 1.294, 12000, 0, 576.294, 582.543, 6.249, 1239, 582.543, 584.113, 1.57, 12000, 0,     6.249,
 574, 29, 576, 576, 577.151, 1.151, 12000, 0, 577.151, 584.063, 6.911, 1232, 584.063, 584.918, 0.856, 12000, 0,     6.911,
 575, 29, 577, 577, 578.223, 1.223, 15000, 0, 578.223, 584.828, 6.605, 1594, 584.828, 585.919, 1.091, 15000, 0,     6.605,
 576, 29, 578, 578, 579.366, 1.366, 16000, 0, 579.366, 586.419, 7.054, 1650, 586.419, 587.497, 1.078, 16000, 0,     7.054,
 577, 29, 579, 579, 580.294, 1.294, 13000, 0, 580.294, 586.737, 6.443, 1334, 586.737, 588.364, 1.626, 13000, 0,     6.443,
 578, 29, 580, 580, 581.151, 1.151, 12000, 0, 581.151, 588.257, 7.106, 1275, 588.257, 589.164, 0.906, 12000, 0,     7.106,
 579, 29, 581, 581, 582.009, 1.009, 12000, 0, 582.009, 588.561, 6.552, 1277, 588.561, 589.964, 1.403, 12000, 0,     6.552,
 581, 29, 583, 583, 583.802, 0.802, 11000, 0, 583.802, 590.236, 6.434, 1161, 590.236, 590.972, 0.735, 11000, 0,     6.434,
 580, 29, 582, 582, 583.016, 1.016, 14000, 0, 583.016, 590.256, 7.24, 1400, 590.256, 591.905, 1.649, 14000, 0,     7.240,
 582, 29, 584, 584, 584.935, 0.935, 13000, 0, 584.935, 592.093, 7.158, 1300, 592.093, 592.961, 0.869, 13000, 0,     7.158,
 583, 29, 585, 585, 586.006, 1.006, 14000, 0, 586.006, 592.381, 6.375, 1488, 592.381, 593.895, 1.514, 14000, 0,     6.375,
 584, 29, 586, 586, 586.935, 0.935, 13000, 0, 586.935, 594, 7.065, 1330, 594, 594.869, 0.869, 13000, 0,     7.065,
 585, 29, 587, 587, 587.863, 0.863, 12000, 0, 587.863, 594.18, 6.317, 1258, 594.18, 595.669, 1.489, 12000, 0,     6.317,
 586, 29, 588, 588, 589.149, 1.149, 16000, 0, 589.149, 596.365, 7.216, 1655, 596.365, 597.434, 1.069, 16000, 0,     7.216,
 587, 29, 589, 589, 590.292, 1.292, 16000, 0, 590.292, 596.503, 6.211, 1627, 596.503, 598.501, 1.998, 16000, 0,     6.211,
 588, 29, 590, 590, 591.149, 1.149, 12000, 0, 591.149, 598.153, 7.004, 1252, 598.153, 599.305, 1.153, 12000, 0,     7.004,
 589, 29, 591, 591, 592.016, 1.016, 12000, 0, 592.016, 598.297, 6.281, 1257, 598.297, 600.105, 1.808, 12000, 0,     6.281,
 590, 29, 592, 592, 593.026, 1.026, 14000, 0, 593.026, 600.233, 7.207, 1455, 600.233, 601.168, 0.935, 14000, 0,     7.207,
 591, 29, 593, 593, 594.17, 1.17, 16000, 0, 594.17, 600.601, 6.431, 1613, 600.601, 602.235, 1.634, 16000, 0,     6.431,
 592, 29, 594, 594, 595.027, 1.027, 12000, 0, 595.027, 602.059, 7.032, 1269, 602.059, 603.035, 0.976, 12000, 0,     7.032,
 593, 29, 595, 595, 595.884, 0.884, 12000, 0, 595.884, 602.393, 6.509, 1250, 602.393, 603.841, 1.448, 12000, 0,     6.509,
 594, 29, 596, 596, 597.016, 1.016, 14000, 0, 597.016, 604.093, 7.077, 1424, 604.093, 605.032, 0.939, 14000, 0,     7.077,
 595, 29, 597, 597, 598.093, 1.093, 15000, 0, 598.093, 604.681, 6.588, 1596, 604.681, 606.032, 1.351, 15000, 0,     6.588,
 596, 29, 598, 598, 598.95, 0.95, 12000, 0, 598.95, 605.836, 6.886, 1214, 605.836, 606.834, 0.998, 12000, 0,     6.886,
 597, 29, 599, 599, 599.936, 0.936, 13000, 0, 599.936, 606.571, 6.635, 1324, 606.571, 607.7, 1.129, 13000, 0,     6.635,
 598, 29, 600, 600, 600.939, 0.939, 13000, 0, 600.939, 607.776, 6.836, 1358, 607.776, 608.644, 0.869, 13000, 0,     6.836,
 599, 29, 601, 601, 601.792, 0.792, 11000, 0, 601.792, 608.239, 6.447, 1168, 608.239, 609.385, 1.146, 11000, 0,     6.447,
 600, 29, 603, 603, 603.939, 0.939, 13000, 0, 603.939, 609.678, 5.739, 1320, 609.678, 610.551, 0.873, 13000, 0,     5.739,
 601, 29, 604, 604, 605.016, 1.016, 14000, 0, 605.016, 610.261, 5.245, 1413, 610.261, 611.484, 1.223, 14000, 0,     5.245,
 602, 29, 605, 605, 605.878, 0.878, 12000, 0, 605.878, 611.527, 5.649, 1295, 611.527, 612.329, 0.802, 12000, 0,     5.649,
 603, 29, 606, 606, 607.006, 1.006, 14000, 0, 607.006, 612.399, 5.393, 1496, 612.399, 613.344, 0.945, 14000, 0,     5.393,
 604, 29, 607, 607, 608.078, 1.078, 15000, 0, 608.078, 613.725, 5.648, 1539, 613.725, 614.727, 1.002, 15000, 0,     5.648,
 605, 29, 608, 608, 608.936, 0.936, 12000, 0, 608.936, 614.193, 5.257, 1251, 614.193, 615.527, 1.334, 12000, 0,     5.257,
 606, 29, 609, 609, 609.792, 0.792, 11000, 0, 609.792, 615.397, 5.605, 1171, 615.397, 616.26, 0.863, 11000, 0,     5.605,
 607, 29, 610, 610, 610.935, 0.935, 13000, 0, 610.935, 616.139, 5.204, 1362, 616.139, 617.129, 0.991, 13000, 0,     5.204,
 608, 29, 611, 611, 612.016, 1.016, 14000, 0, 612.016, 617.519, 5.503, 1478, 617.519, 618.455, 0.935, 14000, 0,     5.503,
 609, 29, 612, 612, 613.016, 1.016, 14000, 0, 613.016, 618.275, 5.259, 1494, 618.275, 619.393, 1.118, 14000, 0,     5.259,
 610, 29, 613, 613, 614.016, 1.016, 14000, 0, 614.016, 619.615, 5.599, 1467, 619.615, 620.551, 0.935, 14000, 0,     5.599,
 611, 29, 614, 614, 614.882, 0.882, 12000, 0, 614.882, 620.127, 5.245, 1293, 620.127, 621.351, 1.224, 12000, 0,     5.245,
 612, 29, 615, 615, 615.792, 0.792, 11000, 0, 615.792, 621.307, 5.515, 1179, 621.307, 622.084, 0.777, 11000, 0,     5.515,
 613, 29, 616, 616, 616.863, 0.863, 12000, 0, 616.863, 621.848, 4.984, 1203, 621.848, 622.885, 1.038, 12000, 0,     4.984,
 614, 29, 617, 617, 618.149, 1.149, 16000, 0, 618.149, 623.685, 5.536, 1659, 623.685, 624.755, 1.07, 16000, 0,     5.536,
 615, 29, 618, 618, 619.226, 1.226, 15000, 0, 619.226, 624.133, 4.907, 1594, 624.133, 625.756, 1.623, 15000, 0,     4.907,
 616, 29, 619, 619, 620.226, 1.226, 14000, 0, 620.226, 625.691, 5.465, 1401, 625.691, 626.689, 0.998, 14000, 0,     5.465,
 617, 29, 620, 620, 621.307, 1.307, 15000, 0, 621.307, 626.397, 5.09, 1577, 626.397, 627.689, 1.292, 15000, 0,     5.090,
 618, 29, 621, 621, 622.449, 1.449, 16000, 0, 622.449, 628.062, 5.613, 1661, 628.062, 629.131, 1.069, 16000, 0,     5.613,
 619, 29, 622, 622, 623.449, 1.449, 14000, 0, 623.449, 628.484, 5.035, 1453, 628.484, 630.068, 1.583, 14000, 0,     5.035,
 621, 29, 624, 624, 625.449, 1.449, 12000, 0, 625.449, 630.337, 4.888, 1291, 630.337, 631.139, 0.802, 12000, 0,     4.888,
 620, 29, 623, 623, 624.592, 1.592, 16000, 0, 624.592, 630.405, 5.813, 1641, 630.405, 632.206, 1.801, 16000, 0,     5.813,
 622, 29, 625, 625, 626.307, 1.307, 12000, 0, 626.307, 632.146, 5.839, 1261, 632.146, 633.006, 0.86, 12000, 0,     5.839,
 623, 29, 626, 626, 627.236, 1.236, 13000, 0, 627.236, 632.302, 5.066, 1328, 632.302, 633.875, 1.574, 13000, 0,     5.066,
 625, 29, 628, 628, 629.307, 1.307, 13000, 0, 629.307, 634.282, 4.975, 1384, 634.282, 635.151, 0.869, 13000, 0,     4.975,
 624, 29, 627, 627, 628.379, 1.379, 16000, 0, 628.379, 634.518, 6.139, 1661, 634.518, 636.218, 1.7, 16000, 0,     6.139,
 626, 29, 629, 629, 630.307, 1.307, 14000, 0, 630.307, 636.403, 6.096, 1485, 636.403, 637.339, 0.936, 14000, 0,     6.096,
 627, 29, 630, 630, 631.379, 1.379, 15000, 0, 631.379, 636.701, 5.322, 1520, 636.701, 638.339, 1.638, 15000, 0,     5.322,
 628, 29, 631, 631, 632.236, 1.236, 12000, 0, 632.236, 638.214, 5.979, 1268, 638.214, 639.149, 0.934, 12000, 0,     5.979,
 629, 29, 632, 632, 633.307, 1.307, 15000, 0, 633.307, 638.946, 5.639, 1568, 638.946, 640.149, 1.203, 15000, 0,     5.639,
 630, 29, 633, 633, 634.236, 1.236, 13000, 0, 634.236, 640.195, 5.959, 1380, 640.195, 641.063, 0.869, 13000, 0,     5.959,
 631, 29, 634, 634, 635.379, 1.379, 16000, 0, 635.379, 641.246, 5.867, 1611, 641.246, 642.315, 1.069, 16000, 0,     5.867,
 632, 29, 635, 635, 636.379, 1.379, 14000, 0, 636.379, 642.261, 5.882, 1447, 642.261, 643.248, 0.987, 14000, 0,     5.882,
 633, 29, 636, 636, 637.379, 1.379, 14000, 0, 637.379, 643.296, 5.918, 1436, 643.296, 644.232, 0.935, 14000, 0,     5.918,
 634, 29, 637, 637, 638.522, 1.522, 16000, 0, 638.522, 644.563, 6.041, 1612, 644.563, 645.632, 1.069, 16000, 0,     6.041,
 635, 29, 638, 638, 639.593, 1.593, 15000, 0, 639.593, 645.594, 6.001, 1598, 645.594, 646.632, 1.037, 15000, 0,     6.001,
 636, 29, 639, 639, 640.379, 1.379, 11000, 0, 640.379, 646.274, 5.895, 1199, 646.274, 647.375, 1.101, 11000, 0,     5.895,
 637, 29, 640, 640, 641.379, 1.379, 14000, 0, 641.379, 647.626, 6.247, 1420, 647.626, 648.561, 0.935, 14000, 0,     6.247,
 638, 29, 641, 641, 642.165, 1.165, 11000, 0, 642.165, 647.963, 5.799, 1183, 647.963, 649.295, 1.331, 11000, 0,     5.799,
 639, 29, 642, 642, 643.026, 1.026, 12000, 0, 643.026, 649.348, 6.322, 1202, 649.348, 650.15, 0.802, 12000, 0,     6.322,
 640, 29, 643, 643, 644.102, 1.102, 15000, 0, 644.102, 650.194, 6.093, 1562, 650.194, 651.197, 1.002, 15000, 0,     6.093,
 641, 29, 644, 644, 644.887, 0.887, 11000, 0, 644.887, 651.046, 6.159, 1186, 651.046, 651.93, 0.884, 11000, 0,     6.159,
 642, 29, 645, 645, 645.863, 0.863, 12000, 0, 645.863, 651.926, 6.063, 1213, 651.926, 652.73, 0.804, 12000, 0,     6.063,
 643, 29, 646, 646, 646.935, 0.935, 13000, 0, 646.935, 653.026, 6.091, 1387, 653.026, 653.895, 0.869, 13000, 0,     6.091,
 644, 29, 647, 647, 647.792, 0.792, 11000, 0, 647.792, 653.58, 5.789, 1159, 653.58, 654.635, 1.055, 11000, 0,     5.789,
 645, 29, 648, 648, 649.006, 1.006, 14000, 0, 649.006, 655.119, 6.113, 1461, 655.119, 656.065, 0.945, 14000, 0,     6.113,
 646, 29, 649, 649, 650.083, 1.083, 15000, 0, 650.083, 655.815, 5.733, 1560, 655.815, 657.065, 1.249, 15000, 0,     5.733,
 647, 29, 650, 650, 650.873, 0.873, 11000, 0, 650.873, 656.76, 5.887, 1136, 656.76, 657.798, 1.038, 11000, 0,     5.887,
 648, 29, 651, 651, 651.935, 0.935, 13000, 0, 651.935, 657.775, 5.841, 1369, 657.775, 658.67, 0.895, 13000, 0,     5.841,
 649, 29, 652, 652, 653.006, 1.006, 14000, 0, 653.006, 658.826, 5.82, 1446, 658.826, 659.762, 0.936, 14000, 0,     5.820,
 650, 29, 653, 653, 654.083, 1.083, 15000, 0, 654.083, 660.006, 5.923, 1561, 660.006, 661.008, 1.002, 15000, 0,     5.923,
 651, 29, 654, 654, 655.016, 1.016, 13000, 0, 655.016, 660.744, 5.728, 1343, 660.744, 661.885, 1.14, 13000, 0,     5.728,
 652, 29, 655, 655, 656.016, 1.016, 14000, 0, 656.016, 662.076, 6.06, 1450, 662.076, 663.019, 0.943, 14000, 0,     6.060,
 653, 29, 656, 656, 656.873, 0.873, 12000, 0, 656.873, 662.466, 5.593, 1204, 662.466, 663.819, 1.353, 12000, 0,     5.593,
 654, 29, 657, 657, 657.863, 0.863, 12000, 0, 657.863, 663.873, 6.01, 1259, 663.873, 664.675, 0.802, 12000, 0,     6.010,
 655, 29, 658, 658, 659.077, 1.077, 15000, 0, 659.077, 664.666, 5.589, 1540, 664.666, 665.68, 1.014, 15000, 0,     5.589,
 656, 29, 659, 659, 660.006, 1.006, 13000, 0, 660.006, 665.858, 5.852, 1387, 665.858, 666.726, 0.869, 13000, 0,     5.852,
 657, 29, 660, 660, 660.792, 0.792, 11000, 0, 660.792, 666.372, 5.581, 1185, 666.372, 667.46, 1.087, 11000, 0,     5.581,
 658, 29, 661, 661, 661.792, 0.792, 11000, 0, 661.792, 667.505, 5.714, 1149, 667.505, 668.243, 0.738, 11000, 0,     5.714,
 659, 29, 662, 662, 662.792, 0.792, 11000, 0, 662.792, 667.984, 5.192, 1128, 667.984, 668.976, 0.992, 11000, 0,     5.192,
 660, 29, 663, 663, 663.792, 0.792, 11000, 0, 663.792, 669.114, 5.322, 1124, 669.114, 669.849, 0.735, 11000, 0,     5.322,
 661, 29, 664, 664, 665.149, 1.149, 16000, 0, 665.149, 670.375, 5.226, 1662, 670.375, 671.452, 1.078, 16000, 0,     5.226,
 662, 29, 665, 665, 666.006, 1.006, 12000, 0, 666.006, 670.916, 4.91, 1262, 670.916, 672.252, 1.336, 12000, 0,     4.910,
 663, 29, 666, 666, 667.149, 1.149, 16000, 0, 667.149, 672.709, 5.56, 1634, 672.709, 673.787, 1.079, 16000, 0,     5.560,
 664, 29, 667, 667, 668.149, 1.149, 14000, 0, 668.149, 673.015, 4.866, 1466, 673.015, 674.721, 1.706, 14000, 0,     4.866,
 665, 29, 668, 668, 668.935, 0.935, 11000, 0, 668.935, 674.346, 5.411, 1136, 674.346, 675.454, 1.108, 11000, 0,     5.411,
 666, 29, 669, 669, 670.006, 1.006, 14000, 0, 670.006, 675.046, 5.04, 1423, 675.046, 676.393, 1.347, 14000, 0,     5.040,
 667, 29, 670, 670, 670.936, 0.936, 13000, 0, 670.936, 676.216, 5.28, 1308, 676.216, 677.27, 1.054, 13000, 0,     5.280,
 668, 29, 671, 671, 671.939, 0.939, 13000, 0, 671.939, 676.99, 5.051, 1360, 676.99, 678.137, 1.147, 13000, 0,     5.051,
 669, 29, 672, 672, 673.082, 1.082, 15000, 0, 673.082, 678.393, 5.311, 1525, 678.393, 679.395, 1.002, 15000, 0,     5.311,
 670, 29, 673, 673, 674.082, 1.082, 14000, 0, 674.082, 679.03, 4.948, 1429, 679.03, 680.331, 1.301, 14000, 0,     4.948,
 671, 29, 674, 674, 674.94, 0.94, 12000, 0, 674.94, 680.191, 5.251, 1259, 680.191, 681.131, 0.94, 12000, 0,     5.251,
 672, 29, 675, 675, 675.863, 0.863, 12000, 0, 675.863, 680.793, 4.93, 1235, 680.793, 681.931, 1.138, 12000, 0,     4.930,
 673, 29, 676, 676, 676.939, 0.939, 13000, 0, 676.939, 682.126, 5.187, 1353, 682.126, 682.998, 0.872, 13000, 0,     5.187,
 674, 29, 677, 677, 678.016, 1.016, 14000, 0, 678.016, 682.836, 4.821, 1431, 682.836, 683.931, 1.095, 14000, 0,     4.821,
 675, 29, 678, 678, 679.016, 1.016, 14000, 0, 679.016, 684.251, 5.235, 1488, 684.251, 685.195, 0.944, 14000, 0,     5.235,
 676, 29, 679, 679, 679.882, 0.882, 12000, 0, 679.882, 684.602, 4.72, 1235, 684.602, 685.995, 1.393, 12000, 0,     4.720,
 677, 29, 680, 680, 681.006, 1.006, 14000, 0, 681.006, 686.318, 5.312, 1444, 686.318, 687.262, 0.945, 14000, 0,     5.312,
 678, 29, 681, 681, 682.016, 1.016, 14000, 0, 682.016, 686.707, 4.691, 1474, 686.707, 688.201, 1.494, 14000, 0,     4.691,
 679, 29, 682, 682, 682.873, 0.873, 12000, 0, 682.873, 688.07, 5.197, 1227, 688.07, 689.002, 0.932, 12000, 0,     5.197,
 680, 29, 683, 683, 683.792, 0.792, 11000, 0, 683.792, 688.374, 4.582, 1167, 688.374, 689.735, 1.361, 11000, 0,     4.582,
 681, 29, 684, 684, 684.935, 0.935, 13000, 0, 684.935, 690.06, 5.125, 1390, 690.06, 690.929, 0.869, 13000, 0,     5.125,
 682, 29, 685, 685, 685.935, 0.935, 13000, 0, 685.935, 690.243, 4.309, 1309, 690.243, 691.795, 1.552, 13000, 0,     4.309,
 684, 29, 687, 687, 688.078, 1.078, 14000, 0, 688.078, 692.256, 4.178, 1404, 692.256, 693.2, 0.944, 14000, 0,     4.178,
 683, 29, 686, 686, 687.078, 1.078, 15000, 0, 687.078, 692.288, 5.211, 1560, 692.288, 694.202, 1.914, 15000, 0,     5.211,
 686, 29, 689, 689, 689.799, 0.799, 11000, 0, 689.799, 693.916, 4.117, 1136, 693.916, 694.935, 1.019, 11000, 0,     4.117,
 685, 29, 688, 688, 688.873, 0.873, 11000, 0, 688.873, 693.926, 5.053, 1170, 693.926, 695.67, 1.744, 11000, 0,     5.053,
 688, 29, 691, 691, 692.006, 1.006, 12000, 0, 692.006, 695.666, 3.66, 1219, 695.666, 696.47, 0.804, 12000, 0,     3.660,
 687, 29, 690, 690, 691.149, 1.149, 16000, 0, 691.149, 696.274, 5.125, 1649, 696.274, 697.547, 1.273, 16000, 0,     5.125,
 689, 29, 692, 692, 693.006, 1.006, 14000, 0, 693.006, 697.766, 4.76, 1464, 697.766, 698.701, 0.935, 14000, 0,     4.760,
 690, 29, 693, 693, 693.792, 0.792, 11000, 0, 693.792, 697.949, 4.157, 1170, 697.949, 699.435, 1.486, 11000, 0,     4.157,
 691, 29, 694, 694, 694.935, 0.935, 13000, 0, 694.935, 699.746, 4.812, 1383, 699.746, 700.615, 0.869, 13000, 0,     4.812,
 692, 29, 695, 695, 695.863, 0.863, 12000, 0, 695.863, 699.746, 3.883, 1258, 699.746, 701.415, 1.669, 12000, 0,     3.883,
 693, 29, 696, 696, 696.863, 0.863, 12000, 0, 696.863, 701.594, 4.731, 1294, 701.594, 702.405, 0.811, 12000, 0,     4.731,
 694, 29, 697, 697, 698.077, 1.077, 15000, 0, 698.077, 702.017, 3.939, 1586, 702.017, 703.406, 1.389, 15000, 0,     3.939,
 695, 29, 698, 698, 699.22, 1.22, 16000, 0, 699.22, 703.915, 4.695, 1623, 703.915, 704.988, 1.072, 16000, 0,     4.695,
 696, 29, 699, 699, 700.22, 1.22, 14000, 0, 700.22, 704.149, 3.929, 1493, 704.149, 705.921, 1.772, 14000, 0,     3.929,
 697, 29, 700, 700, 701.006, 1.006, 11000, 0, 701.006, 705.514, 4.508, 1120, 705.514, 706.654, 1.14, 11000, 0,     4.508,
 698, 29, 701, 701, 701.863, 0.863, 12000, 0, 701.863, 705.869, 4.006, 1204, 705.869, 707.454, 1.586, 12000, 0,     4.006,
 699, 29, 702, 702, 702.934, 0.934, 13000, 0, 702.934, 707.376, 4.442, 1304, 707.376, 708.331, 0.955, 13000, 0,     4.442,
 700, 29, 703, 703, 703.934, 0.934, 13000, 0, 703.934, 707.735, 3.8, 1307, 707.735, 709.202, 1.467, 13000, 0,     3.800,
 701, 29, 704, 704, 705.149, 1.149, 16000, 0, 705.149, 709.714, 4.565, 1632, 709.714, 710.787, 1.073, 16000, 0,     4.565,
 702, 29, 705, 705, 706.291, 1.291, 16000, 0, 706.291, 710.091, 3.8, 1650, 710.091, 711.86, 1.768, 16000, 0,     3.800,
 703, 29, 706, 706, 707.149, 1.149, 12000, 0, 707.149, 711.566, 4.417, 1291, 711.566, 712.66, 1.094, 12000, 0,     4.417,
 704, 29, 707, 707, 708.292, 1.292, 16000, 0, 708.292, 712.485, 4.194, 1672, 712.485, 713.732, 1.246, 16000, 0,     4.194,
 705, 29, 708, 708, 709.363, 1.363, 15000, 0, 709.363, 713.74, 4.377, 1510, 713.74, 714.742, 1.002, 15000, 0,     4.377,
 706, 29, 709, 709, 710.149, 1.149, 11000, 0, 710.149, 714.113, 3.964, 1137, 714.113, 715.475, 1.362, 11000, 0,     3.964,
 707, 29, 710, 710, 711.22, 1.22, 15000, 0, 711.22, 715.945, 4.725, 1544, 715.945, 716.957, 1.012, 15000, 0,     4.725,
 708, 29, 711, 711, 712.149, 1.149, 13000, 0, 712.149, 716.113, 3.964, 1398, 716.113, 717.827, 1.714, 13000, 0,     3.964,
 710, 29, 713, 713, 714.093, 1.093, 12000, 0, 714.093, 717.973, 3.88, 1292, 717.973, 718.779, 0.806, 12000, 0,     3.880,
 709, 29, 712, 712, 713.229, 1.229, 15000, 0, 713.229, 718.213, 4.984, 1588, 718.213, 719.782, 1.569, 15000, 0,     4.984,
 712, 29, 715, 715, 715.956, 0.956, 12000, 0, 715.956, 720.058, 4.103, 1283, 720.058, 720.861, 0.803, 12000, 0,     4.103,
 711, 29, 714, 714, 715.093, 1.093, 14000, 0, 715.093, 720.113, 5.02, 1497, 720.113, 721.796, 1.683, 14000, 0,     5.020,
 713, 29, 716, 716, 716.792, 0.792, 11000, 0, 716.792, 721.68, 4.888, 1131, 721.68, 722.53, 0.85, 11000, 0,     4.888,
 714, 29, 717, 717, 717.935, 0.935, 13000, 0, 717.935, 721.99, 4.055, 1310, 721.99, 723.405, 1.415, 13000, 0,     4.055,
 715, 29, 718, 718, 718.939, 0.939, 13000, 0, 718.939, 723.632, 4.693, 1365, 723.632, 724.507, 0.875, 13000, 0,     4.693,
 716, 29, 719, 719, 719.863, 0.863, 12000, 0, 719.863, 723.739, 3.875, 1225, 723.739, 725.311, 1.572, 12000, 0,     3.875,
 718, 29, 721, 721, 721.863, 0.863, 12000, 0, 721.863, 725.513, 3.65, 1232, 725.513, 726.315, 0.802, 12000, 0,     3.650,
 717, 29, 720, 720, 721.006, 1.006, 14000, 0, 721.006, 725.768, 4.762, 1492, 725.768, 727.249, 1.481, 14000, 0,     4.762,
 719, 29, 722, 722, 723.077, 1.077, 15000, 0, 723.077, 727.728, 4.65, 1538, 727.728, 728.73, 1.002, 15000, 0,     4.650,
 720, 29, 723, 723, 724.006, 1.006, 13000, 0, 724.006, 727.748, 3.742, 1384, 727.748, 729.597, 1.849, 13000, 0,     3.742,
 721, 29, 724, 724, 724.863, 0.863, 12000, 0, 724.863, 729.564, 4.701, 1286, 729.564, 730.397, 0.833, 12000, 0,     4.701,
 722, 29, 725, 725, 725.939, 0.939, 13000, 0, 725.939, 729.644, 3.705, 1328, 729.644, 731.263, 1.62, 13000, 0,     3.705,
 723, 29, 726, 726, 726.934, 0.934, 13000, 0, 726.934, 731.471, 4.537, 1336, 731.471, 732.34, 0.869, 13000, 0,     4.537,
 724, 29, 727, 727, 728.149, 1.149, 16000, 0, 728.149, 731.965, 3.816, 1619, 731.965, 733.407, 1.442, 16000, 0,     3.816,
 726, 29, 729, 729, 730.149, 1.149, 12000, 0, 730.149, 733.787, 3.638, 1269, 733.787, 734.591, 0.804, 12000, 0,     3.638,
 725, 29, 728, 728, 729.292, 1.292, 16000, 0, 729.292, 733.815, 4.523, 1638, 733.815, 735.658, 1.843, 16000, 0,     4.523,
 727, 29, 730, 730, 731.077, 1.077, 13000, 0, 731.077, 735.792, 4.714, 1393, 735.792, 736.66, 0.869, 13000, 0,     4.714,
 728, 29, 731, 731, 732.221, 1.221, 16000, 0, 732.221, 736.204, 3.984, 1667, 736.204, 737.727, 1.523, 16000, 0,     3.984,
 729, 29, 732, 732, 733.078, 1.078, 12000, 0, 733.078, 737.525, 4.447, 1211, 737.525, 738.527, 1.002, 12000, 0,     4.447,
 730, 29, 733, 733, 734.078, 1.078, 14000, 0, 734.078, 738.232, 4.154, 1420, 738.232, 739.461, 1.229, 14000, 0,     4.154,
 731, 29, 734, 734, 734.936, 0.936, 12000, 0, 734.936, 739.304, 4.368, 1246, 739.304, 740.27, 0.966, 12000, 0,     4.368,
 732, 29, 735, 735, 735.792, 0.792, 11000, 0, 735.792, 739.926, 4.135, 1187, 739.926, 741.004, 1.077, 11000, 0,     4.135,
 733, 29, 736, 736, 736.944, 0.944, 13000, 0, 736.944, 741.227, 4.284, 1344, 741.227, 742.096, 0.869, 13000, 0,     4.284,
 734, 29, 737, 737, 738.077, 1.077, 15000, 0, 738.077, 742.083, 4.005, 1506, 742.083, 743.101, 1.019, 15000, 0,     4.005,
 735, 29, 738, 738, 738.936, 0.936, 12000, 0, 738.936, 742.976, 4.04, 1221, 742.976, 743.901, 0.925, 12000, 0,     4.040,
 736, 29, 739, 739, 739.792, 0.792, 11000, 0, 739.792, 743.718, 3.926, 1145, 743.718, 744.635, 0.917, 11000, 0,     3.926,
 737, 29, 740, 740, 740.791, 0.791, 11000, 0, 740.791, 744.635, 3.843, 1161, 744.635, 745.37, 0.736, 11000, 0,     3.843,
 738, 29, 741, 741, 742.006, 1.006, 14000, 0, 742.006, 745.735, 3.729, 1401, 745.735, 746.671, 0.935, 14000, 0,     3.729,
 739, 29, 742, 742, 743.006, 1.006, 14000, 0, 743.006, 746.742, 3.736, 1476, 746.742, 747.677, 0.935, 14000, 0,     3.736,
 740, 29, 743, 743, 744.006, 1.006, 14000, 0, 744.006, 747.78, 3.774, 1420, 747.78, 748.715, 0.935, 14000, 0,     3.774,
 741, 29, 744, 744, 745.078, 1.078, 15000, 0, 745.078, 748.926, 3.848, 1525, 748.926, 749.938, 1.012, 15000, 0,     3.848,
 742, 29, 745, 745, 746.149, 1.149, 15000, 0, 746.149, 750.016, 3.867, 1563, 750.016, 751.027, 1.011, 15000, 0,     3.867,
 743, 29, 746, 746, 747.149, 1.149, 14000, 0, 747.149, 751.058, 3.91, 1486, 751.058, 751.994, 0.936, 14000, 0,     3.910,
 744, 29, 747, 747, 748.016, 1.016, 12000, 0, 748.016, 751.828, 3.812, 1263, 751.828, 752.798, 0.97, 12000, 0,     3.812,
 745, 29, 748, 748, 749.093, 1.093, 15000, 0, 749.093, 753.321, 4.227, 1571, 753.321, 754.332, 1.012, 15000, 0,     4.227,
 746, 29, 749, 749, 750.026, 1.026, 13000, 0, 750.026, 753.751, 3.725, 1347, 753.751, 755.199, 1.448, 13000, 0,     3.725,
 747, 29, 750, 750, 750.954, 0.954, 13000, 0, 750.954, 755.198, 4.244, 1306, 755.198, 756.067, 0.869, 13000, 0,     4.244,
 748, 29, 751, 751, 751.863, 0.863, 12000, 0, 751.863, 755.591, 3.728, 1281, 755.591, 756.87, 1.279, 12000, 0,     3.728,
 749, 29, 752, 752, 752.792, 0.792, 11000, 0, 752.792, 756.848, 4.056, 1148, 756.848, 757.604, 0.755, 11000, 0,     4.056,
 750, 29, 753, 753, 753.797, 0.797, 11000, 0, 753.797, 757.254, 3.457, 1154, 757.254, 758.337, 1.083, 11000, 0,     3.457,
 751, 29, 754, 754, 754.872, 0.872, 12000, 0, 754.872, 758.667, 3.795, 1261, 758.667, 759.47, 0.802, 12000, 0,     3.795,
 752, 29, 755, 755, 756.006, 1.006, 14000, 0, 756.006, 759.344, 3.338, 1453, 759.344, 760.403, 1.059, 14000, 0,     3.338,
 753, 29, 756, 756, 756.935, 0.935, 13000, 0, 756.935, 760.67, 3.736, 1393, 760.67, 761.541, 0.87, 13000, 0,     3.736,
 754, 29, 757, 757, 758.078, 1.078, 15000, 0, 758.078, 761.509, 3.431, 1511, 761.509, 762.541, 1.032, 15000, 0,     3.431,
 755, 29, 758, 758, 759.077, 1.077, 14000, 0, 759.077, 762.77, 3.693, 1467, 762.77, 763.706, 0.935, 14000, 0,     3.693,
 756, 29, 759, 759, 760.22, 1.22, 16000, 0, 760.22, 763.852, 3.632, 1635, 763.852, 764.921, 1.069, 16000, 0,     3.632,
 757, 29, 760, 760, 761.149, 1.149, 13000, 0, 761.149, 764.765, 3.616, 1397, 764.765, 765.787, 1.022, 13000, 0,     3.616,
 758, 29, 761, 761, 762.083, 1.083, 13000, 0, 762.083, 765.8, 3.717, 1353, 765.8, 766.679, 0.879, 13000, 0,     3.717,
 759, 29, 762, 762, 763.088, 1.088, 14000, 0, 763.088, 766.823, 3.735, 1440, 766.823, 767.758, 0.935, 14000, 0,     3.735,
 760, 29, 763, 763, 764.016, 1.016, 13000, 0, 764.016, 767.785, 3.769, 1387, 767.785, 768.654, 0.869, 13000, 0,     3.769,
 761, 29, 764, 764, 764.802, 0.802, 11000, 0, 764.802, 768.479, 3.677, 1160, 768.479, 769.391, 0.912, 11000, 0,     3.677,
 762, 29, 765, 765, 765.934, 0.934, 13000, 0, 765.934, 769.688, 3.754, 1322, 769.688, 770.557, 0.868, 13000, 0,     3.754,
 763, 29, 766, 766, 766.863, 0.863, 12000, 0, 766.863, 770.329, 3.466, 1295, 770.329, 771.36, 1.031, 12000, 0,     3.466,
 764, 29, 767, 767, 768.016, 1.016, 14000, 0, 768.016, 771.799, 3.783, 1478, 771.799, 772.736, 0.937, 14000, 0,     3.783,
 765, 29, 768, 768, 769.026, 1.026, 14000, 0, 769.026, 772.33, 3.304, 1401, 772.33, 773.669, 1.34, 14000, 0,     3.304,
 766, 29, 769, 769, 770.036, 1.036, 14000, 0, 770.036, 773.812, 3.776, 1403, 773.812, 774.748, 0.936, 14000, 0,     3.776,
 767, 29, 770, 770, 771.036, 1.036, 14000, 0, 771.036, 774.435, 3.399, 1474, 774.435, 775.681, 1.246, 14000, 0,     3.399,
 768, 29, 771, 771, 772.045, 1.045, 14000, 0, 772.045, 775.822, 3.777, 1408, 775.822, 776.76, 0.938, 14000, 0,     3.777,
 769, 29, 772, 772, 773.188, 1.188, 16000, 0, 773.188, 776.758, 3.571, 1627, 776.758, 777.833, 1.075, 16000, 0,     3.571,
 770, 29, 773, 773, 773.973, 0.973, 11000, 0, 773.973, 777.469, 3.495, 1153, 777.469, 778.573, 1.105, 11000, 0,     3.495,
 771, 29, 774, 774, 774.939, 0.939, 13000, 0, 774.939, 778.665, 3.726, 1335, 778.665, 779.533, 0.869, 13000, 0,     3.726,
 772, 29, 775, 775, 775.941, 0.941, 13000, 0, 775.941, 779.436, 3.496, 1378, 779.436, 780.403, 0.967, 13000, 0,     3.496,
 773, 29, 776, 776, 776.801, 0.801, 11000, 0, 776.801, 780.386, 3.584, 1197, 780.386, 781.141, 0.755, 11000, 0,     3.584,
 774, 29, 777, 777, 778.083, 1.083, 15000, 0, 778.083, 781.703, 3.62, 1581, 781.703, 782.704, 1.002, 15000, 0,     3.620,
 775, 29, 778, 778, 778.949, 0.949, 12000, 0, 778.949, 782.214, 3.264, 1276, 782.214, 783.504, 1.291, 12000, 0,     3.264,
 777, 29, 780, 780, 780.873, 0.873, 11000, 0, 780.873, 783.928, 3.055, 1199, 783.928, 784.669, 0.741, 11000, 0,     3.055,
 776, 29, 779, 779, 780.087, 1.087, 15000, 0, 780.087, 783.956, 3.869, 1578, 783.956, 785.675, 1.719, 15000, 0,     3.869,
 779, 29, 782, 782, 782.873, 0.873, 12000, 0, 782.873, 785.748, 2.875, 1255, 785.748, 786.55, 0.802, 12000, 0,     2.875,
 778, 29, 781, 781, 782.016, 1.016, 14000, 0, 782.016, 786.006, 3.99, 1455, 786.006, 787.491, 1.485, 14000, 0,     3.990,
 780, 29, 783, 783, 784.078, 1.078, 15000, 0, 784.078, 787.979, 3.902, 1559, 787.979, 788.983, 1.004, 15000, 0,     3.902,
 781, 29, 784, 784, 785.149, 1.149, 15000, 0, 785.149, 788.288, 3.139, 1597, 788.288, 789.983, 1.695, 15000, 0,     3.139,
 782, 29, 785, 785, 786.149, 1.149, 14000, 0, 786.149, 790.006, 3.857, 1416, 790.006, 790.942, 0.936, 14000, 0,     3.857,
 783, 29, 786, 786, 787.158, 1.158, 14000, 0, 787.158, 790.396, 3.238, 1476, 790.396, 791.875, 1.479, 14000, 0,     3.238,
 784, 29, 787, 787, 788.238, 1.238, 15000, 0, 788.238, 792.231, 3.993, 1558, 792.231, 793.235, 1.003, 15000, 0,     3.993,
 785, 29, 788, 788, 789.381, 1.381, 16000, 0, 789.381, 792.799, 3.419, 1679, 792.799, 794.308, 1.509, 16000, 0,     3.419,
 786, 29, 789, 789, 790.523, 1.523, 16000, 0, 790.523, 794.575, 4.052, 1641, 794.575, 795.644, 1.069, 16000, 0,     4.052,
 787, 29, 790, 790, 791.452, 1.452, 13000, 0, 791.452, 794.69, 3.238, 1320, 794.69, 796.516, 1.826, 13000, 0,     3.238,
 789, 29, 792, 792, 793.17, 1.17, 11000, 0, 793.17, 796.379, 3.209, 1183, 796.379, 797.254, 0.875, 11000, 0,     3.209,
 788, 29, 791, 791, 792.381, 1.381, 13000, 0, 792.381, 796.523, 4.143, 1364, 796.523, 798.123, 1.599, 13000, 0,     4.143,
 791, 29, 794, 794, 795.321, 1.321, 14000, 0, 795.321, 798.642, 3.322, 1483, 798.642, 799.587, 0.945, 14000, 0,     3.322,
 790, 29, 793, 793, 794.313, 1.313, 16000, 0, 794.313, 798.754, 4.441, 1663, 798.754, 800.654, 1.9, 16000, 0,     4.441,
 792, 29, 795, 795, 796.321, 1.321, 14000, 0, 796.321, 800.72, 4.399, 1455, 800.72, 801.665, 0.945, 14000, 0,     4.399,
 793, 29, 796, 796, 797.321, 1.321, 14000, 0, 797.321, 800.783, 3.462, 1421, 800.783, 802.598, 1.815, 14000, 0,     3.462,
 795, 29, 798, 798, 799.537, 1.537, 15000, 0, 799.537, 802.937, 3.4, 1508, 802.937, 803.939, 1.002, 15000, 0,     3.400,
 794, 29, 797, 797, 798.465, 1.465, 16000, 0, 798.465, 803.084, 4.619, 1652, 803.084, 805.005, 1.921, 16000, 0,     4.619,
 796, 29, 799, 799, 800.68, 1.68, 16000, 0, 800.68, 805.34, 4.66, 1679, 805.34, 806.408, 1.069, 16000, 0,     4.660,
 797, 29, 800, 800, 801.833, 1.833, 16000, 0, 801.833, 805.481, 3.649, 1679, 805.481, 807.484, 2.003, 16000, 0,     3.649,
 798, 29, 801, 801, 802.623, 1.623, 11000, 0, 802.623, 806.995, 4.372, 1159, 806.995, 808.218, 1.223, 11000, 0,     4.372,
 799, 29, 802, 802, 803.48, 1.48, 12000, 0, 803.48, 807.302, 3.822, 1268, 807.302, 809.018, 1.715, 12000, 0,     3.822,
 801, 29, 805, 805, 805.946, 0.946, 12000, 0, 805.946, 809.068, 3.121, 1236, 809.068, 809.87, 0.802, 12000, 0,     3.121,
 800, 29, 804, 804, 805.083, 1.083, 15000, 0, 805.083, 809.28, 4.198, 1589, 809.28, 810.876, 1.595, 15000, 0,     4.198,
 802, 29, 806, 806, 806.863, 0.863, 12000, 0, 806.863, 810.884, 4.021, 1272, 810.884, 811.686, 0.802, 12000, 0,     4.021,
 803, 29, 807, 807, 808.149, 1.149, 16000, 0, 808.149, 811.578, 3.429, 1603, 811.578, 812.759, 1.181, 16000, 0,     3.429,
 804, 29, 808, 808, 809.083, 1.083, 13000, 0, 809.083, 812.837, 3.754, 1368, 812.837, 813.705, 0.869, 13000, 0,     3.754,
 805, 29, 809, 809, 810.011, 1.011, 13000, 0, 810.011, 813.445, 3.434, 1306, 813.445, 814.572, 1.127, 13000, 0,     3.434,
 806, 29, 810, 810, 811.082, 1.082, 15000, 0, 811.082, 815.012, 3.93, 1524, 815.012, 816.022, 1.009, 15000, 0,     3.930,
 807, 29, 811, 811, 811.949, 0.949, 12000, 0, 811.949, 815.193, 3.244, 1223, 815.193, 816.822, 1.628, 12000, 0,     3.244,
 808, 29, 812, 812, 812.941, 0.941, 13000, 0, 812.941, 816.983, 4.043, 1374, 816.983, 817.862, 0.878, 13000, 0,     4.043,
 809, 29, 813, 813, 813.935, 0.935, 13000, 0, 813.935, 817.064, 3.129, 1307, 817.064, 818.729, 1.665, 13000, 0,     3.129,
 810, 29, 814, 814, 814.792, 0.792, 11000, 0, 814.792, 818.668, 3.876, 1178, 818.668, 819.462, 0.795, 11000, 0,     3.876,
 811, 29, 815, 815, 816.006, 1.006, 14000, 0, 816.006, 819.17, 3.164, 1475, 819.17, 820.396, 1.225, 14000, 0,     3.164,
 812, 29, 816, 816, 816.863, 0.863, 12000, 0, 816.863, 820.478, 3.615, 1260, 820.478, 821.28, 0.802, 12000, 0,     3.615,
 813, 29, 817, 817, 818.078, 1.078, 15000, 0, 818.078, 821.315, 3.237, 1502, 821.315, 822.317, 1.002, 15000, 0,     3.237,
 814, 29, 818, 818, 819.149, 1.149, 15000, 0, 819.149, 822.728, 3.579, 1569, 822.728, 823.73, 1.002, 15000, 0,     3.579,
 815, 29, 819, 819, 820.016, 1.016, 12000, 0, 820.016, 823.057, 3.041, 1220, 823.057, 824.53, 1.473, 12000, 0,     3.041,
 817, 29, 821, 821, 821.883, 0.883, 12000, 0, 821.883, 824.79, 2.907, 1210, 824.79, 825.593, 0.803, 12000, 0,     2.907,
 816, 29, 820, 820, 821.016, 1.016, 14000, 0, 821.016, 824.816, 3.8, 1462, 824.816, 826.526, 1.711, 14000, 0,     3.800,
 819, 29, 823, 823, 824.077, 1.077, 14000, 0, 824.077, 826.893, 2.815, 1451, 826.893, 827.828, 0.935, 14000, 0,     2.815,
 818, 29, 822, 822, 823.077, 1.077, 15000, 0, 823.077, 826.996, 3.919, 1545, 826.996, 828.838, 1.842, 15000, 0,     3.919,
 820, 29, 824, 824, 825.016, 1.016, 13000, 0, 825.016, 828.811, 3.795, 1343, 828.811, 829.705, 0.894, 13000, 0,     3.795,
 821, 29, 825, 825, 826.159, 1.159, 16000, 0, 826.159, 829.329, 3.17, 1629, 829.329, 830.772, 1.443, 16000, 0,     3.170,
 822, 29, 826, 826, 827.088, 1.088, 13000, 0, 827.088, 830.787, 3.699, 1382, 830.787, 831.655, 0.869, 13000, 0,     3.699,
 823, 29, 827, 827, 828.087, 1.087, 14000, 0, 828.087, 831.465, 3.378, 1490, 831.465, 832.589, 1.124, 14000, 0,     3.378,
 824, 29, 828, 828, 828.873, 0.873, 11000, 0, 828.873, 832.388, 3.515, 1120, 832.388, 833.322, 0.934, 11000, 0,     3.515,
 825, 29, 829, 829, 829.863, 0.863, 12000, 0, 829.863, 833.187, 3.324, 1206, 833.187, 834.122, 0.935, 12000, 0,     3.324,
 826, 29, 830, 830, 830.935, 0.935, 13000, 0, 830.935, 834.267, 3.332, 1312, 834.267, 835.135, 0.869, 13000, 0,     3.332,
 827, 29, 831, 831, 831.936, 0.936, 13000, 0, 831.936, 835.103, 3.167, 1335, 835.103, 836.007, 0.904, 13000, 0,     3.167,
 828, 29, 832, 832, 832.863, 0.863, 12000, 0, 832.863, 836.005, 3.142, 1213, 836.005, 836.807, 0.802, 12000, 0,     3.142,
 829, 29, 833, 833, 833.939, 0.939, 13000, 0, 833.939, 837.037, 3.097, 1352, 837.037, 837.905, 0.869, 13000, 0,     3.097,
 830, 29, 834, 834, 834.8, 0.8, 11000, 0, 834.8, 837.619, 2.819, 1124, 837.619, 838.639, 1.02, 11000, 0,     2.819,
 831, 29, 835, 835, 835.863, 0.863, 12000, 0, 835.863, 838.822, 2.959, 1250, 838.822, 839.624, 0.802, 12000, 0,     2.959,
 832, 29, 836, 836, 836.863, 0.863, 12000, 0, 836.863, 839.332, 2.469, 1200, 839.332, 840.424, 1.092, 12000, 0,     2.469,
 833, 29, 837, 837, 838.149, 1.149, 16000, 0, 838.149, 841.126, 2.977, 1611, 841.126, 842.195, 1.069, 16000, 0,     2.977,
 834, 29, 838, 838, 839.226, 1.226, 15000, 0, 839.226, 841.506, 2.28, 1522, 841.506, 843.196, 1.691, 15000, 0,     2.280,
 835, 29, 839, 839, 840.087, 1.087, 12000, 0, 840.087, 842.918, 2.83, 1250, 842.918, 844.002, 1.084, 12000, 0,     2.830,
 836, 29, 840, 840, 841.02, 1.02, 13000, 0, 841.02, 843.49, 2.469, 1389, 843.49, 844.868, 1.379, 13000, 0,     2.469,
 837, 29, 841, 841, 842.169, 1.169, 16000, 0, 842.169, 845.309, 3.141, 1675, 845.309, 846.378, 1.069, 16000, 0,     3.141,
 838, 29, 842, 842, 843.24, 1.24, 15000, 0, 843.24, 845.64, 2.4, 1502, 845.64, 847.379, 1.739, 15000, 0,     2.400,
 839, 29, 843, 843, 844.312, 1.312, 15000, 0, 844.312, 847.512, 3.2, 1542, 847.512, 848.514, 1.002, 15000, 0,     3.200,
 840, 29, 844, 844, 845.24, 1.24, 13000, 0, 845.24, 847.615, 2.375, 1383, 847.615, 849.388, 1.773, 13000, 0,     2.375,
 841, 29, 845, 845, 846.24, 1.24, 14000, 0, 846.24, 849.534, 3.294, 1416, 849.534, 850.469, 0.936, 14000, 0,     3.294,
 842, 29, 846, 846, 847.313, 1.313, 15000, 0, 847.313, 849.855, 2.542, 1569, 849.855, 851.469, 1.614, 15000, 0,     2.542,
 843, 29, 847, 847, 848.246, 1.246, 13000, 0, 848.246, 851.411, 3.164, 1308, 851.411, 852.336, 0.925, 13000, 0,     3.164,
 844, 29, 848, 848, 849.319, 1.319, 15000, 0, 849.319, 852.103, 2.783, 1574, 852.103, 853.336, 1.233, 15000, 0,     2.783,
 845, 29, 849, 849, 850.113, 1.113, 11000, 0, 850.113, 853.027, 2.914, 1132, 853.027, 854.07, 1.043, 11000, 0,     2.914,
 846, 29, 850, 850, 851.041, 1.041, 13000, 0, 851.041, 854.037, 2.996, 1342, 854.037, 854.936, 0.899, 13000, 0,     2.996,
 847, 29, 851, 851, 852.041, 1.041, 14000, 0, 852.041, 855.041, 3, 1411, 855.041, 855.982, 0.94, 14000, 0,     3.000,
 848, 29, 852, 852, 852.97, 0.97, 13000, 0, 852.97, 855.927, 2.957, 1323, 855.927, 856.855, 0.928, 13000, 0,     2.957,
 849, 29, 853, 853, 853.939, 0.939, 13000, 0, 853.939, 856.976, 3.037, 1355, 856.976, 857.845, 0.869, 13000, 0,     3.037,
 850, 29, 854, 854, 854.792, 0.792, 11000, 0, 854.792, 857.632, 2.84, 1193, 857.632, 858.578, 0.947, 11000, 0,     2.840,
 851, 29, 855, 855, 856.006, 1.006, 14000, 0, 856.006, 858.999, 2.993, 1417, 858.999, 859.942, 0.943, 14000, 0,     2.993,
 852, 29, 856, 856, 856.863, 0.863, 12000, 0, 856.863, 859.467, 2.603, 1285, 859.467, 860.742, 1.275, 12000, 0,     2.603,
 853, 29, 857, 857, 858.006, 1.006, 14000, 0, 858.006, 861.049, 3.043, 1435, 861.049, 861.984, 0.936, 14000, 0,     3.043,
 854, 29, 858, 858, 858.792, 0.792, 11000, 0, 858.792, 861.16, 2.368, 1176, 861.16, 862.718, 1.558, 11000, 0,     2.368,
 855, 29, 859, 859, 859.863, 0.863, 12000, 0, 859.863, 862.788, 2.925, 1218, 862.788, 863.59, 0.802, 12000, 0,     2.925,
 856, 29, 860, 860, 861.016, 1.016, 14000, 0, 861.016, 863.203, 2.187, 1426, 863.203, 864.524, 1.321, 14000, 0,     2.187,
 857, 29, 861, 861, 862.026, 1.026, 14000, 0, 862.026, 864.882, 2.856, 1465, 864.882, 865.817, 0.936, 14000, 0,     2.856,
 858, 29, 862, 862, 862.812, 0.812, 11000, 0, 862.812, 864.892, 2.08, 1182, 864.892, 866.551, 1.659, 11000, 0,     2.080,
 860, 29, 864, 864, 864.792, 0.792, 11000, 0, 864.792, 866.546, 1.754, 1153, 866.546, 867.29, 0.744, 11000, 0,     1.754,
 859, 29, 863, 863, 863.863, 0.863, 12000, 0, 863.863, 866.659, 2.796, 1245, 866.659, 868.091, 1.431, 12000, 0,     2.796,
 861, 29, 865, 865, 865.863, 0.863, 12000, 0, 865.863, 868.412, 2.549, 1295, 868.412, 869.214, 0.802, 12000, 0,     2.549,
 862, 29, 866, 866, 866.863, 0.863, 12000, 0, 866.863, 868.624, 1.761, 1233, 868.624, 870.014, 1.39, 12000, 0,     1.761,
 864, 29, 868, 868, 869.006, 1.006, 12000, 0, 869.006, 870.771, 1.765, 1234, 870.771, 871.573, 0.802, 12000, 0,     1.765,
 863, 29, 867, 867, 868.149, 1.149, 16000, 0, 868.149, 870.782, 2.633, 1659, 870.782, 872.643, 1.861, 16000, 0,     2.633,
 865, 29, 869, 869, 869.935, 0.935, 13000, 0, 869.935, 872.691, 2.756, 1345, 872.691, 873.559, 0.869, 13000, 0,     2.756,
 866, 29, 870, 870, 871.149, 1.149, 16000, 0, 871.149, 873.493, 2.344, 1630, 873.493, 874.636, 1.143, 16000, 0,     2.344,
 867, 29, 871, 871, 871.943, 0.943, 11000, 0, 871.943, 874.317, 2.375, 1138, 874.317, 875.369, 1.052, 11000, 0,     2.375,
 868, 29, 872, 872, 873.016, 1.016, 14000, 0, 873.016, 875.623, 2.607, 1488, 875.623, 876.568, 0.945, 14000, 0,     2.607,
 869, 29, 873, 873, 874.016, 1.016, 14000, 0, 874.016, 876.455, 2.439, 1495, 876.455, 877.502, 1.047, 14000, 0,     2.439,
 870, 29, 874, 874, 874.944, 0.944, 13000, 0, 874.944, 877.528, 2.584, 1332, 877.528, 878.397, 0.869, 13000, 0,     2.584,
 871, 29, 875, 875, 875.863, 0.863, 12000, 0, 875.863, 878.271, 2.408, 1259, 878.271, 879.197, 0.926, 12000, 0,     2.408,
 872, 29, 876, 876, 877.006, 1.006, 14000, 0, 877.006, 879.584, 2.578, 1439, 879.584, 880.526, 0.941, 14000, 0,     2.578,
 873, 29, 877, 877, 877.792, 0.792, 11000, 0, 877.792, 879.88, 2.088, 1127, 879.88, 881.259, 1.379, 11000, 0,     2.088,
 874, 29, 878, 878, 879.149, 1.149, 16000, 0, 879.149, 881.992, 2.843, 1678, 881.992, 883.061, 1.069, 16000, 0,     2.843,
 875, 29, 879, 879, 880.149, 1.149, 14000, 0, 880.149, 882.176, 2.027, 1419, 882.176, 884.002, 1.826, 14000, 0,     2.027,
 877, 29, 881, 881, 882.016, 1.016, 12000, 0, 882.016, 883.959, 1.943, 1237, 883.959, 884.802, 0.843, 12000, 0,     1.943,
 876, 29, 880, 880, 881.149, 1.149, 14000, 0, 881.149, 884.087, 2.938, 1461, 884.087, 885.736, 1.648, 14000, 0,     2.938,
 878, 29, 882, 882, 883.087, 1.087, 15000, 0, 883.087, 886.238, 3.15, 1596, 886.238, 887.243, 1.006, 15000, 0,     3.150,
 879, 29, 883, 883, 884.162, 1.162, 15000, 0, 884.162, 886.423, 2.261, 1583, 886.423, 888.245, 1.822, 15000, 0,     2.261,
 881, 29, 885, 885, 886.093, 1.093, 12000, 0, 886.093, 888.246, 2.153, 1272, 888.246, 889.048, 0.802, 12000, 0,     2.153,
 880, 29, 884, 884, 885.234, 1.234, 15000, 0, 885.234, 888.513, 3.279, 1593, 888.513, 890.048, 1.535, 15000, 0,     3.279,
 883, 29, 887, 887, 888.235, 1.235, 14000, 0, 888.235, 890.529, 2.293, 1412, 890.529, 891.464, 0.935, 14000, 0,     2.293,
 882, 29, 886, 886, 887.235, 1.235, 16000, 0, 887.235, 890.557, 3.322, 1618, 890.557, 892.536, 1.979, 16000, 0,     3.322,
 885, 29, 889, 889, 890.378, 1.378, 14000, 0, 890.378, 892.585, 2.207, 1418, 892.585, 893.521, 0.936, 14000, 0,     2.207,
 884, 29, 888, 888, 889.378, 1.378, 16000, 0, 889.378, 892.914, 3.536, 1665, 892.914, 894.596, 1.682, 16000, 0,     3.536,
 886, 29, 890, 890, 891.307, 1.307, 13000, 0, 891.307, 894.504, 3.197, 1343, 894.504, 895.463, 0.959, 13000, 0,     3.197,
 887, 29, 891, 891, 892.378, 1.378, 15000, 0, 892.378, 895.064, 2.686, 1506, 895.064, 896.463, 1.399, 15000, 0,     2.686,
 888, 29, 892, 892, 893.307, 1.307, 13000, 0, 893.307, 896.374, 3.068, 1304, 896.374, 897.336, 0.961, 13000, 0,     3.068,
 889, 29, 893, 893, 894.164, 1.164, 12000, 0, 894.164, 896.888, 2.724, 1277, 896.888, 898.136, 1.248, 12000, 0,     2.724,
 891, 29, 895, 895, 896.093, 1.093, 11000, 0, 896.093, 898.519, 2.426, 1142, 898.519, 899.26, 0.742, 11000, 0,     2.426,
 890, 29, 894, 894, 895.307, 1.307, 16000, 0, 895.307, 898.699, 3.392, 1624, 898.699, 900.327, 1.628, 16000, 0,     3.392,
 892, 29, 896, 896, 897.093, 1.093, 14000, 0, 897.093, 900.652, 3.559, 1488, 900.652, 901.588, 0.936, 14000, 0,     3.559,
 893, 29, 897, 897, 898.026, 1.026, 13000, 0, 898.026, 900.652, 2.626, 1363, 900.652, 902.455, 1.802, 13000, 0,     2.626,
 894, 29, 898, 898, 899.097, 1.097, 15000, 0, 899.097, 902.839, 3.742, 1523, 902.839, 903.845, 1.005, 15000, 0,     3.742,
 895, 29, 899, 899, 900.178, 1.178, 15000, 0, 900.178, 902.839, 2.662, 1532, 902.839, 904.848, 2.008, 15000, 0,     2.662,
 896, 29, 900, 900, 901.178, 1.178, 14000, 0, 901.178, 904.949, 3.771, 1476, 904.949, 905.891, 0.941, 14000, 0,     3.771,
 897, 29, 901, 901, 902.321, 1.321, 16000, 0, 902.321, 905.185, 2.864, 1642, 905.185, 906.963, 1.778, 16000, 0,     2.864,
 898, 29, 902, 902, 903.178, 1.178, 12000, 0, 903.178, 906.781, 3.603, 1272, 906.781, 907.763, 0.982, 12000, 0,     3.603,
 899, 29, 903, 903, 904.116, 1.116, 13000, 0, 904.116, 907.052, 2.936, 1307, 907.052, 908.629, 1.577, 13000, 0,     2.936,
 900, 29, 904, 904, 905.117, 1.117, 14000, 0, 905.117, 908.914, 3.796, 1494, 908.914, 909.849, 0.935, 14000, 0,     3.796,
 901, 29, 905, 905, 906.189, 1.189, 15000, 0, 906.189, 909.331, 3.142, 1596, 909.331, 910.849, 1.518, 15000, 0,     3.142,
 902, 29, 906, 906, 907.26, 1.26, 15000, 0, 907.26, 911.083, 3.822, 1516, 911.083, 912.087, 1.004, 15000, 0,     3.822,
 903, 29, 907, 907, 908.118, 1.118, 12000, 0, 908.118, 911.093, 2.975, 1228, 911.093, 912.889, 1.796, 12000, 0,     2.975,
 905, 29, 909, 909, 910.046, 1.046, 12000, 0, 910.046, 912.87, 2.824, 1245, 912.87, 913.689, 0.818, 12000, 0,     2.824,
 904, 29, 908, 908, 909.189, 1.189, 15000, 0, 909.189, 913.243, 4.054, 1512, 913.243, 914.689, 1.446, 15000, 0,     4.054,
 906, 29, 910, 910, 910.903, 0.903, 12000, 0, 910.903, 914.616, 3.713, 1223, 914.616, 915.489, 0.872, 12000, 0,     3.713,
 907, 29, 911, 911, 911.936, 0.936, 13000, 0, 911.936, 915.139, 3.203, 1321, 915.139, 916.356, 1.217, 13000, 0,     3.203,
 908, 29, 912, 912, 912.792, 0.792, 11000, 0, 912.792, 916.224, 3.433, 1123, 916.224, 917.089, 0.865, 11000, 0,     3.433,
 909, 29, 913, 913, 914.006, 1.006, 14000, 0, 914.006, 917.295, 3.29, 1498, 917.295, 918.239, 0.943, 14000, 0,     3.290,
 910, 29, 914, 914, 915.149, 1.149, 16000, 0, 915.149, 918.555, 3.405, 1622, 918.555, 919.63, 1.075, 16000, 0,     3.405,
 911, 29, 915, 915, 916.292, 1.292, 16000, 0, 916.292, 919.686, 3.394, 1674, 919.686, 920.755, 1.069, 16000, 0,     3.394,
 912, 29, 916, 916, 917.149, 1.149, 12000, 0, 917.149, 920.269, 3.12, 1201, 920.269, 921.56, 1.291, 12000, 0,     3.120,
 913, 29, 917, 917, 918.221, 1.221, 15000, 0, 918.221, 921.864, 3.643, 1525, 921.864, 922.865, 1.002, 15000, 0,     3.643,
 914, 29, 918, 918, 919.087, 1.087, 12000, 0, 919.087, 922.077, 2.99, 1264, 922.077, 923.665, 1.588, 12000, 0,     2.990,
 915, 29, 919, 919, 919.949, 0.949, 12000, 0, 919.949, 923.588, 3.639, 1208, 923.588, 924.465, 0.877, 12000, 0,     3.639,
 916, 29, 920, 920, 920.935, 0.935, 13000, 0, 920.935, 923.965, 3.03, 1318, 923.965, 925.332, 1.368, 13000, 0,     3.030,
 917, 29, 921, 921, 921.935, 0.935, 13000, 0, 921.935, 925.563, 3.629, 1381, 925.563, 926.432, 0.869, 13000, 0,     3.629,
 918, 29, 922, 922, 923.149, 1.149, 16000, 0, 923.149, 926.338, 3.189, 1650, 926.338, 927.499, 1.161, 16000, 0,     3.189,
 919, 29, 923, 923, 923.935, 0.935, 11000, 0, 923.935, 927.165, 3.23, 1122, 927.165, 928.233, 1.068, 11000, 0,     3.230,
 920, 29, 924, 924, 925.006, 1.006, 14000, 0, 925.006, 928.383, 3.377, 1420, 928.383, 929.319, 0.936, 14000, 0,     3.377,
 921, 29, 925, 925, 926.006, 1.006, 14000, 0, 926.006, 929.208, 3.202, 1426, 929.208, 930.252, 1.045, 14000, 0,     3.202,
 922, 29, 926, 926, 926.792, 0.792, 11000, 0, 926.792, 929.996, 3.204, 1129, 929.996, 930.991, 0.995, 11000, 0,     3.204,
 923, 29, 927, 927, 927.792, 0.792, 11000, 0, 927.792, 930.916, 3.124, 1194, 930.916, 931.726, 0.81, 11000, 0,     3.124,
 924, 29, 928, 928, 928.792, 0.792, 11000, 0, 928.792, 931.685, 2.893, 1174, 931.685, 932.469, 0.785, 11000, 0,     2.893,
 925, 29, 929, 929, 930.149, 1.149, 16000, 0, 930.149, 933.236, 3.087, 1625, 933.236, 934.305, 1.069, 16000, 0,     3.087,
 926, 29, 930, 930, 931.293, 1.293, 16000, 0, 931.293, 934.058, 2.765, 1661, 934.058, 935.381, 1.323, 16000, 0,     2.765,
 927, 29, 931, 931, 932.087, 1.087, 11000, 0, 932.087, 934.903, 2.815, 1164, 934.903, 936.114, 1.211, 11000, 0,     2.815,
 928, 29, 932, 932, 933.159, 1.159, 15000, 0, 933.159, 936.349, 3.19, 1599, 936.349, 937.351, 1.002, 15000, 0,     3.190,
 929, 29, 933, 933, 934.088, 1.088, 13000, 0, 934.088, 936.804, 2.716, 1330, 936.804, 938.218, 1.414, 13000, 0,     2.716,
 930, 29, 934, 934, 935.159, 1.159, 15000, 0, 935.159, 938.582, 3.423, 1564, 938.582, 939.586, 1.004, 15000, 0,     3.423,
 931, 29, 935, 935, 936.302, 1.302, 16000, 0, 936.302, 939.169, 2.867, 1650, 939.169, 940.653, 1.484, 16000, 0,     2.867,
 932, 29, 936, 936, 937.374, 1.374, 15000, 0, 937.374, 940.793, 3.419, 1548, 940.793, 941.797, 1.004, 15000, 0,     3.419,
 933, 29, 937, 937, 938.374, 1.374, 14000, 0, 938.374, 941.242, 2.867, 1452, 941.242, 942.73, 1.488, 14000, 0,     2.867,
 934, 29, 938, 938, 939.374, 1.374, 14000, 0, 939.374, 942.869, 3.495, 1454, 942.869, 943.805, 0.935, 14000, 0,     3.495,
 935, 29, 939, 939, 940.374, 1.374, 14000, 0, 940.374, 943.285, 2.911, 1431, 943.285, 944.741, 1.456, 14000, 0,     2.911,
 936, 29, 940, 940, 941.169, 1.169, 11000, 0, 941.169, 944.525, 3.356, 1156, 944.525, 945.475, 0.95, 11000, 0,     3.356,
 937, 29, 941, 941, 941.959, 0.959, 11000, 0, 941.959, 944.989, 3.03, 1193, 944.989, 946.208, 1.219, 11000, 0,     3.030,
 938, 29, 942, 942, 942.941, 0.941, 13000, 0, 942.941, 946.486, 3.545, 1369, 946.486, 947.355, 0.869, 13000, 0,     3.545,
 939, 29, 943, 943, 944.083, 1.083, 15000, 0, 944.083, 947.246, 3.164, 1581, 947.246, 948.355, 1.109, 15000, 0,     3.164,
 940, 29, 944, 944, 945.226, 1.226, 16000, 0, 945.226, 948.861, 3.636, 1663, 948.861, 949.93, 1.069, 16000, 0,     3.636,
 941, 29, 945, 945, 946.369, 1.369, 16000, 0, 946.369, 949.581, 3.213, 1630, 949.581, 950.997, 1.416, 16000, 0,     3.213,
 942, 29, 946, 946, 947.511, 1.511, 16000, 0, 947.511, 951.187, 3.675, 1628, 951.187, 952.255, 1.069, 16000, 0,     3.675,
 943, 29, 947, 947, 948.654, 1.654, 16000, 0, 948.654, 951.926, 3.272, 1642, 951.926, 953.332, 1.407, 16000, 0,     3.272,
 944, 29, 948, 948, 949.517, 1.517, 12000, 0, 949.517, 952.976, 3.459, 1251, 952.976, 954.132, 1.156, 12000, 0,     3.459,
 945, 29, 949, 949, 950.66, 1.66, 16000, 0, 950.66, 954.281, 3.622, 1649, 954.281, 955.357, 1.076, 16000, 0,     3.622,
 946, 29, 950, 950, 951.66, 1.66, 14000, 0, 951.66, 955.006, 3.346, 1419, 955.006, 956.291, 1.285, 14000, 0,     3.346,
 947, 29, 951, 951, 952.803, 1.803, 16000, 0, 952.803, 956.67, 3.867, 1672, 956.67, 957.744, 1.074, 16000, 0,     3.867,
 948, 29, 952, 952, 953.874, 1.874, 15000, 0, 953.874, 957.285, 3.411, 1588, 957.285, 958.744, 1.459, 15000, 0,     3.411,
 949, 29, 953, 953, 955.026, 2.026, 16000, 0, 955.026, 959.041, 4.015, 1661, 959.041, 960.113, 1.072, 16000, 0,     4.015,
 950, 29, 954, 954, 956.179, 2.179, 16000, 0, 956.179, 959.621, 3.442, 1636, 959.621, 961.18, 1.559, 16000, 0,     3.442,
 951, 29, 955, 955, 956.969, 1.969, 11000, 0, 956.969, 960.67, 3.701, 1141, 960.67, 961.913, 1.243, 11000, 0,     3.701,
 952, 29, 956, 956, 957.969, 1.969, 14000, 0, 957.969, 961.753, 3.784, 1485, 961.753, 962.846, 1.093, 14000, 0,     3.784,
 953, 29, 957, 957, 958.761, 1.761, 11000, 0, 958.761, 962.294, 3.533, 1135, 962.294, 963.58, 1.286, 11000, 0,     3.533,
 954, 29, 958, 958, 959.833, 1.833, 15000, 0, 959.833, 963.991, 4.159, 1559, 963.991, 964.993, 1.002, 15000, 0,     4.159,
 955, 29, 959, 959, 960.836, 1.836, 14000, 0, 960.836, 964.337, 3.501, 1431, 964.337, 965.927, 1.59, 14000, 0,     3.501,
 957, 29, 961, 961, 962.693, 1.693, 11000, 0, 962.693, 965.969, 3.276, 1138, 965.969, 966.715, 0.746, 11000, 0,     3.276,
 956, 29, 960, 960, 961.907, 1.907, 15000, 0, 961.907, 966.255, 4.348, 1585, 966.255, 967.715, 1.46, 15000, 0,     4.348,
 959, 29, 963, 963, 964.622, 1.622, 11000, 0, 964.622, 967.959, 3.338, 1189, 967.959, 968.695, 0.736, 11000, 0,     3.338,
 958, 29, 962, 962, 963.836, 1.836, 16000, 0, 963.836, 968.323, 4.487, 1642, 968.323, 969.762, 1.439, 16000, 0,     4.487,
 961, 29, 965, 965, 966.479, 1.479, 11000, 0, 966.479, 970.016, 3.537, 1185, 970.016, 970.751, 0.735, 11000, 0,     3.537,
 960, 29, 964, 964, 965.693, 1.693, 15000, 0, 965.693, 970.172, 4.479, 1537, 970.172, 971.756, 1.585, 15000, 0,     4.479,
 963, 29, 967, 967, 968.479, 1.479, 12000, 0, 968.479, 971.953, 3.474, 1248, 971.953, 972.758, 0.805, 12000, 0,     3.474,
 962, 29, 966, 966, 967.622, 1.622, 16000, 0, 967.622, 972.351, 4.729, 1631, 972.351, 973.825, 1.475, 16000, 0,     4.729,
 964, 29, 968, 968, 969.479, 1.479, 14000, 0, 969.479, 973.959, 4.48, 1405, 973.959, 974.894, 0.935, 14000, 0,     4.480,
 965, 29, 969, 969, 970.551, 1.551, 15000, 0, 970.551, 974.599, 4.048, 1569, 974.599, 975.894, 1.295, 15000, 0,     4.048,
 966, 29, 970, 970, 971.337, 1.337, 11000, 0, 971.337, 975.566, 4.229, 1126, 975.566, 976.628, 1.061, 11000, 0,     4.229,
 967, 29, 971, 971, 972.482, 1.482, 16000, 0, 972.482, 976.922, 4.441, 1614, 976.922, 977.991, 1.069, 16000, 0,     4.441,
 968, 29, 972, 972, 973.341, 1.341, 12000, 0, 973.341, 977.363, 4.022, 1250, 977.363, 978.791, 1.428, 12000, 0,     4.022,
 969, 29, 973, 973, 974.269, 1.269, 13000, 0, 974.269, 978.883, 4.614, 1370, 978.883, 979.76, 0.877, 13000, 0,     4.614,
 970, 29, 974, 974, 975.055, 1.055, 11000, 0, 975.055, 978.989, 3.934, 1139, 978.989, 980.499, 1.511, 11000, 0,     3.934,
 971, 29, 975, 975, 975.912, 0.912, 12000, 0, 975.912, 980.746, 4.834, 1291, 980.746, 981.548, 0.802, 12000, 0,     4.834,
 972, 29, 976, 976, 976.863, 0.863, 12000, 0, 976.863, 980.832, 3.969, 1290, 980.832, 982.348, 1.516, 12000, 0,     3.969,
 973, 29, 977, 977, 978.149, 1.149, 16000, 0, 978.149, 983.113, 4.964, 1654, 983.113, 984.188, 1.075, 16000, 0,     4.964,
 974, 29, 978, 978, 979.292, 1.292, 16000, 0, 979.292, 983.132, 3.84, 1611, 983.132, 985.255, 2.123, 16000, 0,     3.840,
 975, 29, 979, 979, 980.22, 1.22, 13000, 0, 980.22, 985.016, 4.795, 1326, 985.016, 986.128, 1.112, 13000, 0,     4.795,
 976, 29, 980, 980, 981.22, 1.22, 14000, 0, 981.22, 985.256, 4.036, 1481, 985.256, 987.061, 1.805, 14000, 0,     4.036,
 977, 29, 981, 981, 982.149, 1.149, 13000, 0, 982.149, 987.002, 4.853, 1388, 987.002, 987.928, 0.925, 13000, 0,     4.853,
 978, 29, 982, 982, 983.221, 1.221, 15000, 0, 983.221, 987.472, 4.251, 1552, 987.472, 988.936, 1.465, 15000, 0,     4.251,
 979, 29, 983, 983, 984.292, 1.292, 15000, 0, 984.292, 989.193, 4.901, 1530, 989.193, 990.197, 1.004, 15000, 0,     4.901,
 980, 29, 984, 984, 985.302, 1.302, 14000, 0, 985.302, 989.511, 4.209, 1423, 989.511, 991.131, 1.62, 14000, 0,     4.209,
 981, 29, 985, 985, 986.159, 1.159, 12000, 0, 986.159, 991, 4.841, 1265, 991, 991.931, 0.931, 12000, 0,     4.841,
 982, 29, 986, 986, 987.231, 1.231, 15000, 0, 987.231, 991.691, 4.46, 1523, 991.691, 992.931, 1.24, 15000, 0,     4.460,
 983, 29, 987, 987, 988.231, 1.231, 14000, 0, 988.231, 993.02, 4.79, 1415, 993.02, 993.956, 0.936, 14000, 0,     4.790,
 984, 29, 988, 988, 989.302, 1.302, 15000, 0, 989.302, 993.873, 4.57, 1524, 993.873, 994.956, 1.083, 15000, 0,     4.570,
 985, 29, 989, 989, 990.159, 1.159, 12000, 0, 990.159, 994.816, 4.657, 1256, 994.816, 995.756, 0.94, 12000, 0,     4.657,
 986, 29, 990, 990, 991.231, 1.231, 15000, 0, 991.231, 996.038, 4.807, 1504, 996.038, 997.039, 1.002, 15000, 0,     4.807,
 987, 29, 991, 991, 992.381, 1.381, 16000, 0, 992.381, 997.129, 4.748, 1617, 997.129, 998.198, 1.069, 16000, 0,     4.748,
 988, 29, 992, 992, 993.524, 1.524, 16000, 0, 993.524, 998.397, 4.872, 1648, 998.397, 999.466, 1.069, 16000, 0,     4.872,
 989, 29, 993, 993, 994.453, 1.453, 13000, 0, 994.453, 999.036, 4.583, 1330, 999.036, 1000.332, 1.296, 13000, 0,     4.583,
 990, 29, 994, 994, 995.524, 1.524, 15000, 0, 995.524, 1000.641, 5.117, 1566, 1000.641, 1001.65, 1.009, 15000, 0,     5.117,
 991, 29, 995, 995, 996.31, 1.31, 11000, 0, 996.31, 1000.748, 4.438, 1199, 1000.748, 1002.383, 1.635, 11000, 0,     4.438,
 993, 29, 997, 997, 998.17, 1.17, 12000, 0, 998.17, 1002.544, 4.374, 1258, 1002.544, 1003.346, 0.802, 12000, 0,     4.374,
 992, 29, 996, 996, 997.31, 1.31, 14000, 0, 997.31, 1002.696, 5.386, 1439, 1002.696, 1004.279, 1.583, 14000, 0,     5.386,
 994, 29, 998, 998, 999.098, 1.098, 13000, 0, 999.098, 1004.439, 5.34, 1327, 1004.439, 1005.31, 0.871, 13000, 0,     5.340,
 995, 29, 999, 999, 1000.17, 1.17, 15000, 0, 1000.17, 1004.955, 4.785, 1571, 1004.955, 1006.31, 1.355, 15000, 0,     4.785,
 996, 29, 1000, 1000, 1001.036, 1.036, 12000, 0, 1001.036, 1006.242, 5.206, 1263, 1006.242, 1007.11, 0.868, 12000, 0,     5.206,
#======================================
#Number of workloads:997
#Timeout workloads:0
#Timeout workloads per cent:0.0
#Over workloads:0
#Over workloads per cent:0.0
#Number of Cloudlets:997
#Over Cloudlets:0
#Over Cloudlets per cent:0.0
#Number of transmissions:1994
#Over transmissions:0
#Over transmissions per cent:0.0
#======================================
#Total serve time:4847.184025394238
#CPU serve time:4847.184025394238
#Network serve time:2317.4164173825006
#Average total serve time:4.861769333394421
#Average CPU serve time per workload:4.861769333394421
#Average network serve time per workload:2.3243895861409234
#Average CPU serve time per Cloudlet:4.861769333394421
#Average network serve time per transmission:1.1621947930704617
