#======================================
Workload_ID,    App_ID,SubmitTime,Tr:StartTime,Tr:EndTime,Tr:NetworkTime,   Tr:Size,Tr:Channel,Pr:StartTime,Pr:EndTime,Pr:CPUTime,   Pr:Size,Tr:StartTime,Tr:EndTime,Tr:NetworkTime,   Tr:Size,Tr:Channel,Pr:StartTime,Pr:EndTime,Pr:CPUTime,   Pr:Size,Tr:StartTime,Tr:EndTime,Tr:NetworkTime,   Tr:Size,Tr:Channel,Pr:StartTime,Pr:EndTime,Pr:CPUTime,   Pr:Size,Tr:StartTime,Tr:EndTime,Tr:NetworkTime,   Tr:Size,Tr:Channel,ResponseTime,
 3, 777, 3, 3, 5.268, 2.268, 10000, 0, 5.268, 6.812, 1.543, 1036, 6.812, 8.873, 2.062, 10000, 0, 8.873, 8.873, 0, 1500,TimeOut
 0, 777, 0, 0, 1.341, 1.341, 11000, 0, 1.341, 4.345, 3.003, 1167, 4.345, 5.598, 1.253, 11000, 0, 5.598, 9.724, 4.126, 1650, 9.724, 10.937, 1.212, 8000, 0, 10.937, 12.682, 1.745, 1200, 12.682, 13.845, 1.163, 10000, 0,    11.341,
 1, 777, 1, 1, 2.783, 1.783, 10000, 0, 2.783, 4.58, 1.797, 1092, 4.58, 6.707, 2.127, 10000, 0, 6.707, 10.772, 4.065, 1500, 10.772, 12.128, 1.356, 7000, 0, 12.128, 13.8, 1.671, 1050, 13.8, 14.814, 1.014, 9000, 0,    11.017,
 2, 777, 2, 2, 3.906, 1.906, 9000, 0, 3.906, 5.846, 1.94, 921, 5.846, 7.675, 1.829, 9000, 0, 7.675, 11.782, 4.107, 1350, 11.782, 13.045, 1.263, 6000, 0, 13.045, 14.262, 1.218, 900, 14.262, 15.758, 1.495, 8000, 0,    10.356,
 4, 777, 4, 4, 6.565, 2.565, 10000, 0, 6.565, 8.167, 1.602, 1069, 8.167, 9.943, 1.775, 10000, 0, 9.943, 12.885, 2.942, 1500, 12.885, 14.184, 1.299, 7000, 0, 14.184, 17.987, 3.803, 1050, 17.987, 18.945, 0.958, 9000, 0,    11.422,
 5, 777, 5, 5, 7.606, 2.606, 9000, 0, 7.606, 10.764, 3.158, 987, 10.764, 11.858, 1.094, 9000, 0, 11.858, 13.78, 1.922, 1350, 13.78, 15.179, 1.4, 6000, 0, 15.179, 18.919, 3.74, 900, 18.919, 19.926, 1.007, 8000, 0,    11.313,
 6, 777, 6, 6, 8.643, 2.643, 9000, 0, 8.643, 11.964, 3.321, 919, 11.964, 12.949, 0.985, 9000, 0, 12.949, 14.91, 1.961, 1350, 14.91, 16.19, 1.28, 6000, 0, 16.19, 19.554, 3.365, 900, 19.554, 20.853, 1.298, 8000, 0,    10.911,
 7, 777, 7, 7, 9.643, 2.643, 8000, 0, 9.643, 12.787, 3.144, 886, 12.787, 13.823, 1.036, 8000, 0, 13.823, 16.02, 2.197, 1200, 16.02, 17.149, 1.129, 6000, 0, 17.149, 20.134, 2.985, 900, 20.134, 21.7, 1.566, 8000, 0,    10.491,
 8, 777, 8, 8, 10.752, 2.752, 8000, 0, 10.752, 14.549, 3.797, 861, 14.549, 15.506, 0.957, 8000, 0, 15.506, 18.111, 2.604, 1200, 18.111, 18.965, 0.854, 6000, 0, 18.965, 20.981, 2.016, 900, 20.981, 22.664, 1.683, 8000, 0,    10.229,
 9, 777, 9, 9, 11.919, 2.919, 9000, 0, 11.919, 15.434, 3.515, 903, 15.434, 16.535, 1.101, 9000, 0, 16.535, 18.775, 2.24, 1350, 18.775, 19.884, 1.109, 6000, 0, 19.884, 21.704, 1.82, 900, 21.704, 23.597, 1.894, 8000, 0,     9.785,
 10, 777, 10, 10, 13.021, 3.021, 9000, 0, 13.021, 16.618, 3.597, 984, 16.618, 17.65, 1.032, 9000, 0, 17.65, 19.524, 1.875, 1350, 19.524, 20.833, 1.308, 6000, 0, 20.833, 22.358, 1.525, 900, 22.358, 24.549, 2.191, 8000, 0,     9.337,
 11, 777, 11, 11, 14.116, 3.116, 9000, 0, 14.116, 17.342, 3.226, 962, 17.342, 18.594, 1.252, 9000, 0, 18.594, 20.055, 1.461, 1350, 20.055, 21.901, 1.846, 6000, 0, 21.901, 23.437, 1.535, 900, 23.437, 25.456, 2.019, 8000, 0,     9.321,
 12, 777, 12, 12, 15.071, 3.071, 8000, 0, 15.071, 18.098, 3.027, 869, 18.098, 19.555, 1.457, 8000, 0, 19.555, 20.841, 1.286, 1200, 20.841, 22.928, 2.088, 6000, 0, 22.928, 25.403, 2.475, 900, 25.403, 26.407, 1.004, 8000, 0,    10.332,
 13, 777, 13, 13, 16.557, 3.557, 10000, 0, 16.557, 19.742, 3.185, 1070, 19.742, 21.011, 1.27, 10000, 0, 21.011, 24.492, 3.481, 1500, 24.492, 25.672, 1.18, 7000, 0, 25.672, 27.877, 2.205, 1050, 27.877, 28.922, 1.045, 9000, 0,    11.320,
 14, 777, 14, 14, 17.689, 3.689, 8000, 0, 17.689, 20.573, 2.884, 855, 20.573, 21.889, 1.316, 8000, 0, 21.889, 24.8, 2.91, 1200, 24.8, 26.573, 1.773, 6000, 0, 26.573, 28.327, 1.754, 900, 28.327, 29.878, 1.551, 8000, 0,    10.638,
 15, 777, 15, 15, 18.849, 3.849, 9000, 0, 18.849, 23.315, 4.466, 917, 23.315, 24.354, 1.039, 9000, 0, 24.354, 26.871, 2.517, 1350, 26.871, 27.733, 0.862, 6000, 0, 27.733, 29.817, 2.084, 900, 29.817, 30.969, 1.152, 8000, 0,    10.968,
 16, 777, 16, 16, 20.157, 4.157, 9000, 0, 20.157, 24.324, 4.166, 902, 24.324, 25.337, 1.013, 9000, 0, 25.337, 27.192, 1.855, 1350, 27.192, 28.595, 1.404, 6000, 0, 28.595, 30.704, 2.109, 900, 30.704, 31.961, 1.257, 8000, 0,    10.547,
 26, 777, 26, 26, 32.674, 6.674, 10000, 0, 32.674, 32.674, 0, 1003,TimeOut
 17, 777, 17, 17, 21.449, 4.449, 10000, 0, 21.449, 25.748, 4.299, 1002, 25.748, 26.962, 1.214, 10000, 0, 26.962, 28.414, 1.452, 1500, 28.414, 29.571, 1.157, 7000, 0, 29.571, 32.9, 3.329, 1050, 32.9, 33.928, 1.028, 9000, 0,    11.451,
 27, 777, 27, 27, 34.052, 7.052, 11000, 0, 34.052, 34.052, 0, 1188,TimeOut
 19, 777, 19, 19, 23.956, 4.956, 8000, 0, 23.956, 27.768, 3.813, 809, 27.768, 29.107, 1.339, 8000, 0, 29.107, 31.607, 2.5, 1200, 31.607, 32.999, 1.392, 6000, 0, 32.999, 35.495, 2.495, 900, 35.495, 36.403, 0.908, 8000, 0,    11.539,
 30, 777, 30, 30, 37.197, 7.197, 9000, 0, 37.197, 37.197, 0, 962,TimeOut
 18, 777, 18, 18, 22.851, 4.851, 11000, 0, 22.851, 26.478, 3.627, 1147, 26.478, 28.154, 1.676, 11000, 0, 28.154, 30.892, 2.738, 1650, 30.892, 32.118, 1.226, 8000, 0, 32.118, 35.525, 3.406, 1200, 35.525, 37.661, 2.136, 10000, 0,    12.674,
 21, 777, 21, 21, 26.498, 5.498, 10000, 0, 26.498, 31.067, 4.569, 1078, 31.067, 32.338, 1.271, 10000, 0, 32.338, 34.163, 1.825, 1500, 34.163, 35.514, 1.351, 7000, 0, 35.514, 37.843, 2.329, 1050, 37.843, 38.982, 1.139, 9000, 0,    11.345,
 20, 777, 20, 20, 25.271, 5.271, 11000, 0, 25.271, 29.463, 4.192, 1181, 29.463, 30.73, 1.266, 11000, 0, 30.73, 33.119, 2.389, 1650, 33.119, 34.463, 1.344, 8000, 0, 34.463, 37.996, 3.532, 1200, 37.996, 40.143, 2.147, 10000, 0,    12.725,
 23, 777, 23, 23, 28.685, 5.685, 8000, 0, 28.685, 34.57, 5.885, 840, 34.57, 35.488, 0.918, 8000, 0, 35.488, 36.771, 1.283, 1200, 36.771, 37.597, 0.827, 6000, 0, 37.597, 39.878, 2.28, 900, 39.878, 41.026, 1.149, 8000, 0,    11.193,
 35, 777, 35, 35, 42.906, 7.906, 9000, 0, 42.906, 42.906, 0, 924,TimeOut
 22, 777, 22, 22, 27.701, 5.701, 11000, 0, 27.701, 34.774, 7.073, 1188, 34.774, 36.771, 1.997, 11000, 0, 36.771, 39.413, 2.643, 1650, 39.413, 40.677, 1.264, 8000, 0, 40.677, 43.497, 2.819, 1200, 43.497, 44.616, 1.12, 10000, 0,    15.796,
 24, 777, 24, 24, 29.963, 5.963, 10000, 0, 29.963, 37.475, 7.513, 1064, 37.475, 38.644, 1.169, 10000, 0, 38.644, 40.472, 1.828, 1500, 40.472, 41.758, 1.286, 7000, 0, 41.758, 44.363, 2.605, 1050, 44.363, 45.631, 1.268, 9000, 0,    14.400,
 38, 777, 38, 38, 46.477, 8.477, 11000, 0, 46.477, 46.477, 0, 1167,TimeOut
 25, 777, 25, 25, 31.581, 6.581, 11000, 0, 31.581, 37.773, 6.192, 1152, 37.773, 39.914, 2.141, 11000, 0, 39.914, 41.835, 1.921, 1650, 41.835, 43.066, 1.231, 8000, 0, 43.066, 47.598, 4.531, 1200, 47.598, 48.761, 1.163, 10000, 0,    16.016,
 28, 777, 28, 28, 35.181, 7.181, 8000, 0, 35.181, 40.426, 5.245, 862, 40.426, 41.309, 0.883, 8000, 0, 41.309, 42.798, 1.489, 1200, 42.798, 43.963, 1.164, 6000, 0, 43.963, 47.625, 3.662, 900, 47.625, 49.676, 2.051, 8000, 0,    12.444,
 29, 777, 29, 29, 36.255, 7.255, 9000, 0, 36.255, 40.761, 4.505, 933, 40.761, 42.275, 1.515, 9000, 0, 42.275, 43.697, 1.422, 1350, 43.697, 44.881, 1.184, 6000, 0, 44.881, 49.382, 4.501, 900, 49.382, 50.657, 1.275, 8000, 0,    13.127,
 31, 777, 31, 31, 38.308, 7.308, 9000, 0, 38.308, 43.038, 4.73, 918, 43.038, 44.01, 0.972, 9000, 0, 44.01, 45.926, 1.916, 1350, 45.926, 46.922, 0.996, 6000, 0, 46.922, 49.406, 2.484, 900, 49.406, 51.616, 2.21, 8000, 0,    11.098,
 32, 777, 32, 32, 39.415, 7.415, 8000, 0, 39.415, 43.777, 4.362, 892, 43.777, 44.955, 1.178, 8000, 0, 44.955, 46.571, 1.615, 1200, 46.571, 47.869, 1.299, 6000, 0, 47.869, 51.2, 3.331, 900, 51.2, 52.508, 1.308, 8000, 0,    11.785,
 34, 777, 34, 34, 41.768, 7.768, 8000, 0, 41.768, 46.551, 4.783, 889, 46.551, 47.576, 1.026, 8000, 0, 47.576, 49.932, 2.356, 1200, 49.932, 50.837, 0.905, 6000, 0, 50.837, 53.478, 2.64, 900, 53.478, 54.521, 1.043, 8000, 0,    11.710,
 33, 777, 33, 33, 40.785, 7.785, 11000, 0, 40.785, 46.716, 5.93, 1155, 46.716, 48.942, 2.226, 11000, 0, 48.942, 51.522, 2.581, 1650, 51.522, 52.866, 1.344, 8000, 0, 52.866, 55.016, 2.15, 1200, 55.016, 56.206, 1.19, 10000, 0,    14.231,
 37, 777, 37, 37, 44.981, 7.981, 8000, 0, 44.981, 48.501, 3.52, 804, 48.501, 49.857, 1.356, 8000, 0, 49.857, 51.759, 1.901, 1200, 51.759, 53.709, 1.95, 6000, 0, 53.709, 55.177, 1.468, 900, 55.177, 57.239, 2.062, 8000, 0,    10.196,
 36, 777, 36, 36, 44.002, 8.002, 9000, 0, 44.002, 48.568, 4.566, 945, 48.568, 51.006, 2.438, 9000, 0, 51.006, 53.789, 2.783, 1350, 53.789, 54.829, 1.04, 6000, 0, 54.829, 56.635, 1.807, 900, 56.635, 58.237, 1.601, 8000, 0,    12.633,
 39, 777, 39, 39, 47.685, 8.685, 9000, 0, 47.685, 50.267, 2.582, 973, 50.267, 51.986, 1.719, 9000, 0, 51.986, 54.988, 3.002, 1350, 54.988, 55.871, 0.883, 6000, 0, 55.871, 58.067, 2.196, 900, 58.067, 59.283, 1.216, 8000, 0,    10.382,
 49, 777, 49, 49, 59.74, 10.74, 10000, 0, 59.74, 59.74, 0, 1095,TimeOut
 40, 777, 40, 40, 48.676, 8.676, 8000, 0, 48.676, 50.297, 1.621, 893, 50.297, 52.888, 2.591, 8000, 0, 52.888, 56.078, 3.189, 1200, 56.078, 57.09, 1.013, 6000, 0, 57.09, 58.76, 1.669, 900, 58.76, 60.175, 1.415, 8000, 0,    10.084,
 41, 777, 41, 41, 49.847, 8.847, 10000, 0, 49.847, 53.208, 3.361, 1083, 53.208, 54.24, 1.032, 10000, 0, 54.24, 56.894, 2.653, 1500, 56.894, 58.385, 1.492, 7000, 0, 58.385, 60.231, 1.846, 1050, 60.231, 61.292, 1.061, 9000, 0,    10.384,
 42, 777, 42, 42, 51.006, 9.006, 10000, 0, 51.006, 54.606, 3.6, 1000, 54.606, 55.631, 1.024, 10000, 0, 55.631, 57.738, 2.107, 1500, 57.738, 59.522, 1.784, 7000, 0, 59.522, 62.181, 2.659, 1050, 62.181, 63.224, 1.044, 9000, 0,    11.175,
 43, 777, 43, 43, 52.333, 9.333, 11000, 0, 52.333, 57.06, 4.727, 1197, 57.06, 58.383, 1.324, 11000, 0, 58.383, 61.015, 2.632, 1650, 61.015, 62.46, 1.445, 8000, 0, 62.46, 64.384, 1.924, 1200, 64.384, 65.493, 1.109, 10000, 0,    12.051,
 44, 777, 44, 44, 53.491, 9.491, 10000, 0, 53.491, 57.827, 4.336, 1078, 57.827, 59.601, 1.774, 10000, 0, 59.601, 61.243, 1.642, 1500, 61.243, 63.538, 2.296, 7000, 0, 63.538, 65.716, 2.177, 1050, 65.716, 66.74, 1.024, 9000, 0,    12.225,
 45, 777, 45, 45, 54.816, 9.816, 11000, 0, 54.816, 60.328, 5.512, 1105, 60.328, 61.587, 1.26, 11000, 0, 61.587, 64.499, 2.912, 1650, 64.499, 65.87, 1.371, 8000, 0, 65.87, 69.777, 3.907, 1200, 69.777, 71.07, 1.293, 10000, 0,    14.961,
 46, 777, 46, 46, 56.307, 10.307, 10000, 0, 56.307, 60.87, 4.563, 1078, 60.87, 62.923, 2.053, 10000, 0, 62.923, 65.759, 2.836, 1500, 65.759, 66.979, 1.219, 7000, 0, 66.979, 70.498, 3.519, 1050, 70.498, 72.127, 1.63, 9000, 0,    14.191,
 47, 777, 47, 47, 57.42, 10.42, 9000, 0, 57.42, 62.973, 5.553, 985, 62.973, 63.949, 0.976, 9000, 0, 63.949, 66.449, 2.5, 1350, 66.449, 67.836, 1.387, 6000, 0, 67.836, 71.497, 3.661, 900, 71.497, 72.99, 1.492, 8000, 0,    14.077,
 54, 777, 54, 54, 65.58, 11.58, 9000, 0, 65.58, 67.004, 1.423, 970, 67.004, 69.755, 2.751, 9000, 0, 69.755, 71.517, 1.762, 1350, 71.517, 73.782, 2.265, 6000, 0, 73.782, 73.782, 0, 900,TimeOut
 48, 777, 48, 48, 58.41, 10.41, 8000, 0, 58.41, 63.202, 4.792, 865, 63.202, 64.863, 1.66, 8000, 0, 64.863, 66.993, 2.13, 1200, 66.993, 68.849, 1.857, 6000, 0, 68.849, 71.98, 3.131, 900, 71.98, 73.872, 1.892, 8000, 0,    13.570,
 50, 777, 50, 50, 60.893, 10.893, 9000, 0, 60.893, 64.427, 3.533, 965, 64.427, 65.878, 1.452, 9000, 0, 65.878, 67.751, 1.873, 1350, 67.751, 69.808, 2.056, 6000, 0, 69.808, 73.827, 4.019, 900, 73.827, 74.812, 0.985, 8000, 0,    12.933,
 51, 777, 51, 51, 62.023, 11.023, 8000, 0, 62.023, 64.445, 2.422, 849, 64.445, 66.677, 2.232, 8000, 0, 66.677, 68.111, 1.434, 1200, 68.111, 70.787, 2.676, 6000, 0, 70.787, 74.401, 3.614, 900, 74.401, 75.792, 1.391, 8000, 0,    12.378,
 53, 777, 53, 53, 64.458, 11.458, 8000, 0, 64.458, 65.647, 1.189, 839, 65.647, 67.599, 1.952, 8000, 0, 67.599, 69.342, 1.743, 1200, 69.342, 71.707, 2.365, 6000, 0, 71.707, 77.003, 5.296, 900, 77.003, 77.92, 0.917, 8000, 0,    12.545,
 52, 777, 52, 52, 63.402, 11.402, 10000, 0, 63.402, 65.94, 2.537, 1067, 65.94, 68.694, 2.754, 10000, 0, 68.694, 71.312, 2.619, 1500, 71.312, 72.868, 1.556, 7000, 0, 72.868, 77.639, 4.771, 1050, 77.639, 78.947, 1.308, 9000, 0,    14.237,
 55, 777, 55, 55, 66.911, 11.911, 10000, 0, 66.911, 70.076, 3.166, 1027, 70.076, 71.262, 1.186, 10000, 0, 71.262, 73.925, 2.663, 1500, 73.925, 75.002, 1.077, 7000, 0, 75.002, 78.544, 3.542, 1050, 78.544, 79.963, 1.419, 9000, 0,    11.634,
 56, 777, 56, 56, 68.304, 12.304, 11000, 0, 68.304, 71.63, 3.327, 1172, 71.63, 72.918, 1.287, 11000, 0, 72.918, 75.258, 2.34, 1650, 75.258, 76.454, 1.197, 8000, 0, 76.454, 79.811, 3.357, 1200, 79.811, 81.179, 1.368, 10000, 0,    11.507,
 66, 777, 66, 66, 81.263, 15.263, 8000, 0, 81.263, 81.263, 0, 837,TimeOut
 57, 777, 57, 57, 69.562, 12.562, 9000, 0, 69.562, 71.996, 2.434, 925, 71.996, 73.874, 1.879, 9000, 0, 73.874, 75.458, 1.584, 1350, 75.458, 77.431, 1.973, 6000, 0, 77.431, 80.623, 3.192, 900, 80.623, 82.094, 1.472, 8000, 0,    11.061,
 58, 777, 58, 58, 70.809, 12.809, 10000, 0, 70.809, 74.421, 3.612, 1096, 74.421, 75.43, 1.009, 10000, 0, 75.43, 78.085, 2.655, 1500, 78.085, 79.258, 1.173, 7000, 0, 79.258, 82.008, 2.75, 1050, 82.008, 83.185, 1.176, 9000, 0,    11.199,
 59, 777, 59, 59, 72.149, 13.149, 11000, 0, 72.149, 75.505, 3.356, 1171, 75.505, 76.918, 1.413, 11000, 0, 76.918, 78.835, 1.917, 1650, 78.835, 80.552, 1.717, 8000, 0, 80.552, 82.961, 2.409, 1200, 82.961, 84.39, 1.429, 10000, 0,    10.812,
 65, 777, 65, 65, 80.332, 15.332, 11000, 0, 80.332, 84.974, 4.642, 1172, 84.974, 86.245, 1.271, 11000, 0, 86.245, 86.245, 0, 1650,TimeOut
 60, 777, 60, 60, 73.71, 13.71, 11000, 0, 73.71, 78.299, 4.589, 1133, 78.299, 79.497, 1.198, 11000, 0, 79.497, 81.267, 1.771, 1650, 81.267, 82.478, 1.211, 8000, 0, 82.478, 85.097, 2.619, 1200, 85.097, 86.294, 1.196, 10000, 0,    11.387,
 71, 777, 71, 71, 87.875, 16.875, 11000, 0, 87.875, 87.875, 0, 1169,TimeOut
 61, 777, 61, 61, 75.125, 14.125, 11000, 0, 75.125, 79.649, 4.524, 1152, 79.649, 80.915, 1.266, 11000, 0, 80.915, 83.429, 2.514, 1650, 83.429, 84.77, 1.341, 8000, 0, 84.77, 86.936, 2.166, 1200, 86.936, 88.018, 1.082, 10000, 0,    11.812,
 62, 777, 62, 62, 76.616, 14.616, 11000, 0, 76.616, 81.519, 4.903, 1155, 81.519, 82.814, 1.296, 11000, 0, 82.814, 86.643, 3.828, 1650, 86.643, 87.934, 1.291, 8000, 0, 87.934, 90.4, 2.466, 1200, 90.4, 91.672, 1.272, 10000, 0,    13.785,
 63, 777, 63, 63, 77.776, 14.776, 9000, 0, 77.776, 81.816, 4.04, 925, 81.816, 83.769, 1.953, 9000, 0, 83.769, 87.047, 3.278, 1350, 87.047, 88.954, 1.906, 6000, 0, 88.954, 90.661, 1.708, 900, 90.661, 92.592, 1.931, 8000, 0,    12.885,
 64, 777, 64, 64, 78.89, 14.89, 9000, 0, 78.89, 83.528, 4.638, 980, 83.528, 84.845, 1.316, 9000, 0, 84.845, 88.181, 3.336, 1350, 88.181, 90.038, 1.858, 6000, 0, 90.038, 91.641, 1.602, 900, 91.641, 93.574, 1.933, 8000, 0,    12.750,
 67, 777, 67, 67, 82.597, 15.597, 11000, 0, 82.597, 88.056, 5.46, 1119, 88.056, 89.337, 1.281, 11000, 0, 89.337, 91.605, 2.267, 1650, 91.605, 92.83, 1.226, 8000, 0, 92.83, 95.515, 2.685, 1200, 95.515, 96.639, 1.124, 10000, 0,    12.918,
 79, 777, 79, 79, 97.36, 18.36, 10000, 0, 97.36, 97.36, 0, 1024,TimeOut
 68, 777, 68, 68, 83.828, 15.828, 9000, 0, 83.828, 88.318, 4.49, 983, 88.318, 90.323, 2.005, 9000, 0, 90.323, 92.785, 2.462, 1350, 92.785, 93.76, 0.976, 6000, 0, 93.76, 96.027, 2.267, 900, 96.027, 97.575, 1.548, 8000, 0,    12.199,
 69, 777, 69, 69, 85.171, 16.171, 11000, 0, 85.171, 90.128, 4.957, 1136, 90.128, 91.549, 1.421, 11000, 0, 91.549, 94.452, 2.903, 1650, 94.452, 95.68, 1.228, 8000, 0, 95.68, 97.95, 2.27, 1200, 97.95, 98.981, 1.032, 10000, 0,    12.778,
 70, 777, 70, 70, 86.468, 16.468, 11000, 0, 86.468, 90.42, 3.952, 1132, 90.42, 92.775, 2.354, 11000, 0, 92.775, 95.001, 2.226, 1650, 95.001, 96.988, 1.988, 8000, 0, 96.988, 99.824, 2.835, 1200, 99.824, 101.103, 1.279, 10000, 0,    13.356,
 72, 777, 72, 72, 89.032, 17.032, 9000, 0, 89.032, 92.506, 3.474, 990, 92.506, 93.793, 1.287, 9000, 0, 93.793, 96.231, 2.438, 1350, 96.231, 97.908, 1.677, 6000, 0, 97.908, 100.041, 2.133, 900, 100.041, 102.028, 1.987, 8000, 0,    11.009,
 73, 777, 73, 73, 90.276, 17.276, 11000, 0, 90.276, 93, 2.724, 1106, 93, 95.118, 2.118, 11000, 0, 95.118, 98.342, 3.224, 1650, 98.342, 99.722, 1.38, 8000, 0, 99.722, 101.753, 2.031, 1200, 101.753, 103.056, 1.304, 10000, 0,    11.476,
 74, 777, 74, 74, 91.342, 17.342, 8000, 0, 91.342, 95.268, 3.926, 831, 95.268, 96.173, 0.905, 8000, 0, 96.173, 98.945, 2.772, 1200, 98.945, 100.69, 1.745, 6000, 0, 100.69, 103.358, 2.669, 900, 103.358, 104.338, 0.98, 8000, 0,    12.016,
 75, 777, 75, 75, 92.666, 17.666, 11000, 0, 92.666, 97.37, 4.704, 1101, 97.37, 98.684, 1.314, 11000, 0, 98.684, 101.625, 2.941, 1650, 101.625, 102.854, 1.229, 8000, 0, 102.854, 104.87, 2.016, 1200, 104.87, 106.065, 1.195, 10000, 0,    12.204,
 76, 777, 76, 76, 93.874, 17.874, 9000, 0, 93.874, 98.342, 4.468, 931, 98.342, 99.645, 1.303, 9000, 0, 99.645, 102.431, 2.786, 1350, 102.431, 103.904, 1.473, 6000, 0, 103.904, 105.199, 1.295, 900, 105.199, 107.002, 1.803, 8000, 0,    11.325,
 77, 777, 77, 77, 95.025, 18.025, 9000, 0, 95.025, 100.26, 5.236, 912, 100.26, 101.353, 1.093, 9000, 0, 101.353, 103.429, 2.076, 1350, 103.429, 104.86, 1.431, 6000, 0, 104.86, 107.974, 3.114, 900, 107.974, 108.938, 0.964, 8000, 0,    12.949,
 78, 777, 78, 78, 96.201, 18.201, 9000, 0, 96.201, 101.24, 5.039, 977, 101.24, 102.33, 1.091, 9000, 0, 102.33, 103.911, 1.581, 1350, 103.911, 105.792, 1.88, 6000, 0, 105.792, 108.39, 2.598, 900, 108.39, 109.825, 1.435, 8000, 0,    12.189,
 80, 777, 80, 80, 98.395, 18.395, 8000, 0, 98.395, 102.141, 3.746, 860, 102.141, 103.251, 1.111, 8000, 0, 103.251, 105.649, 2.398, 1200, 105.649, 106.754, 1.104, 6000, 0, 106.754, 110.065, 3.311, 900, 110.065, 111.096, 1.031, 8000, 0,    11.670,
 81, 777, 81, 81, 99.766, 18.766, 11000, 0, 99.766, 104.319, 4.553, 1147, 104.319, 105.553, 1.233, 11000, 0, 105.553, 107.913, 2.36, 1650, 107.913, 109.107, 1.194, 8000, 0, 109.107, 112.538, 3.431, 1200, 112.538, 113.656, 1.118, 10000, 0,    12.772,
 82, 777, 82, 82, 100.995, 18.995, 11000, 0, 100.995, 104.94, 3.945, 1143, 104.94, 106.84, 1.901, 11000, 0, 106.84, 109.632, 2.791, 1650, 109.632, 110.963, 1.332, 8000, 0, 110.963, 113.234, 2.271, 1200, 113.234, 114.809, 1.575, 10000, 0,    12.239,
 83, 777, 83, 83, 101.997, 18.997, 8000, 0, 101.997, 106.07, 4.073, 865, 106.07, 107.783, 1.713, 8000, 0, 107.783, 109.812, 2.029, 1200, 109.812, 112.045, 2.233, 6000, 0, 112.045, 113.68, 1.635, 900, 113.68, 115.725, 2.045, 8000, 0,    11.683,
 95, 777, 95, 95, 116.339, 21.339, 9000, 0, 116.339, 116.339, 0, 943,TimeOut
 84, 777, 84, 84, 103.146, 19.146, 9000, 0, 103.146, 107.149, 4.002, 968, 107.149, 108.788, 1.639, 9000, 0, 108.788, 111.08, 2.293, 1350, 111.08, 112.908, 1.828, 6000, 0, 112.908, 114.374, 1.466, 900, 114.374, 116.649, 2.275, 8000, 0,    11.228,
 89, 777, 89, 89, 109.24, 20.24, 9000, 0, 109.24, 113.131, 3.891, 998, 113.131, 114.504, 1.374, 9000, 0, 114.504, 116.628, 2.123, 1350, 116.628, 118.262, 1.635, 6000, 0, 118.262, 118.262, 0, 900,TimeOut
 85, 777, 85, 85, 104.505, 19.505, 11000, 0, 104.505, 108.84, 4.335, 1168, 108.84, 110.065, 1.224, 11000, 0, 110.065, 111.862, 1.797, 1650, 111.862, 114.135, 2.273, 8000, 0, 114.135, 119.125, 4.99, 1200, 119.125, 120.336, 1.211, 10000, 0,    14.620,
 86, 777, 86, 86, 105.698, 19.698, 9000, 0, 105.698, 109.355, 3.657, 950, 109.355, 111.13, 1.775, 9000, 0, 111.13, 112.767, 1.637, 1350, 112.767, 115.105, 2.338, 6000, 0, 115.105, 119.785, 4.68, 900, 119.785, 121.308, 1.523, 8000, 0,    14.087,
 100, 777, 100, 100, 121.951, 21.951, 8000, 0, 121.951, 121.951, 0, 875,TimeOut
 87, 777, 87, 87, 106.668, 19.668, 8000, 0, 106.668, 110.432, 3.764, 860, 110.432, 112.095, 1.664, 8000, 0, 112.095, 113.719, 1.624, 1200, 113.719, 116.006, 2.287, 6000, 0, 116.006, 120.478, 4.472, 900, 120.478, 122.261, 1.783, 8000, 0,    13.810,
 88, 777, 88, 88, 108.052, 20.052, 11000, 0, 108.052, 111.636, 3.585, 1128, 111.636, 113.414, 1.778, 11000, 0, 113.414, 115.263, 1.849, 1650, 115.263, 117.256, 1.993, 8000, 0, 117.256, 122.232, 4.977, 1200, 122.232, 123.579, 1.346, 10000, 0,    14.181,
 90, 777, 90, 90, 110.189, 20.189, 8000, 0, 110.189, 113.915, 3.726, 829, 113.915, 115.469, 1.554, 8000, 0, 115.469, 117.781, 2.313, 1200, 117.781, 119.164, 1.382, 6000, 0, 119.164, 122.574, 3.41, 900, 122.574, 124.57, 1.996, 8000, 0,    12.385,
 91, 777, 91, 91, 111.475, 20.475, 11000, 0, 111.475, 116.415, 4.94, 1194, 116.415, 117.646, 1.232, 11000, 0, 117.646, 120.488, 2.842, 1650, 120.488, 121.741, 1.253, 8000, 0, 121.741, 124.462, 2.721, 1200, 124.462, 125.797, 1.335, 10000, 0,    12.987,
 92, 777, 92, 92, 113.026, 21.026, 11000, 0, 113.026, 118.628, 5.603, 1178, 118.628, 119.905, 1.277, 11000, 0, 119.905, 122.826, 2.921, 1650, 122.826, 123.954, 1.128, 8000, 0, 123.954, 127.652, 3.698, 1200, 127.652, 128.829, 1.177, 10000, 0,    14.626,
 93, 777, 93, 93, 114.076, 21.076, 9000, 0, 114.076, 119.611, 5.535, 915, 119.611, 120.947, 1.335, 9000, 0, 120.947, 123.446, 2.5, 1350, 123.446, 124.883, 1.437, 6000, 0, 124.883, 127.935, 3.052, 900, 127.935, 129.789, 1.854, 8000, 0,    13.859,
 94, 777, 94, 94, 115.195, 21.195, 9000, 0, 115.195, 120.839, 5.644, 974, 120.839, 121.998, 1.159, 9000, 0, 121.998, 124.369, 2.372, 1350, 124.369, 125.743, 1.373, 6000, 0, 125.743, 130.071, 4.328, 900, 130.071, 130.972, 0.901, 8000, 0,    14.876,
 104, 777, 104, 104, 126.882, 22.882, 8000, 0, 126.882, 129.666, 2.783, 889, 129.666, 132.207, 2.541, 8000, 0, 132.207, 132.207, 0, 1200,TimeOut
 96, 777, 96, 96, 117.619, 21.619, 10000, 0, 117.619, 122.176, 4.557, 1053, 122.176, 123.501, 1.325, 10000, 0, 123.501, 125.165, 1.663, 1500, 125.165, 126.825, 1.66, 7000, 0, 126.825, 131.337, 4.512, 1050, 131.337, 132.443, 1.106, 9000, 0,    13.718,
 97, 777, 97, 97, 118.661, 21.661, 9000, 0, 118.661, 122.776, 4.115, 901, 122.776, 124.558, 1.783, 9000, 0, 124.558, 126.78, 2.222, 1350, 126.78, 127.912, 1.131, 6000, 0, 127.912, 132.186, 4.275, 900, 132.186, 133.308, 1.122, 8000, 0,    13.526,
 98, 777, 98, 98, 119.897, 21.897, 10000, 0, 119.897, 125.484, 5.587, 1017, 125.484, 126.639, 1.155, 10000, 0, 126.639, 129.229, 2.59, 1500, 129.229, 130.314, 1.085, 7000, 0, 130.314, 132.753, 2.44, 1050, 132.753, 134.417, 1.663, 9000, 0,    12.856,
 99, 777, 99, 99, 120.914, 21.914, 9000, 0, 120.914, 125.89, 4.976, 992, 125.89, 127.652, 1.762, 9000, 0, 127.652, 130.374, 2.722, 1350, 130.374, 131.327, 0.952, 6000, 0, 131.327, 133.768, 2.441, 900, 133.768, 135.395, 1.627, 8000, 0,    12.854,
 101, 777, 101, 101, 123.046, 22.046, 9000, 0, 123.046, 127.207, 4.162, 966, 127.207, 128.738, 1.53, 9000, 0, 128.738, 132.564, 3.826, 1350, 132.564, 133.534, 0.97, 6000, 0, 133.534, 135.74, 2.206, 900, 135.74, 136.74, 1, 8000, 0,    12.694,
 102, 777, 102, 102, 124.528, 22.528, 11000, 0, 124.528, 128.189, 3.66, 1160, 128.189, 130.106, 1.917, 11000, 0, 130.106, 134.311, 4.206, 1650, 134.311, 135.649, 1.338, 8000, 0, 135.649, 137.724, 2.074, 1200, 137.724, 138.837, 1.114, 10000, 0,    13.195,
 103, 777, 103, 103, 125.899, 22.899, 10000, 0, 125.899, 129.03, 3.131, 1018, 129.03, 131.155, 2.125, 10000, 0, 131.155, 135.222, 4.067, 1500, 135.222, 136.834, 1.613, 7000, 0, 136.834, 138.725, 1.891, 1050, 138.725, 139.836, 1.11, 9000, 0,    12.826,
 116, 777, 116, 116, 140.753, 24.753, 8000, 0, 140.753, 140.753, 0, 881,TimeOut
 105, 777, 105, 105, 128.256, 23.256, 10000, 0, 128.256, 130.81, 2.554, 1016, 130.81, 133.343, 2.533, 10000, 0, 133.343, 135.905, 2.562, 1500, 135.905, 137.907, 2.002, 7000, 0, 137.907, 139.761, 1.854, 1050, 139.761, 140.961, 1.2, 9000, 0,    11.505,
 106, 777, 106, 106, 129.581, 23.581, 11000, 0, 129.581, 131.497, 1.915, 1113, 131.497, 134.589, 3.092, 11000, 0, 134.589, 137.168, 2.579, 1650, 137.168, 139.256, 2.088, 8000, 0, 139.256, 142.197, 2.941, 1200, 142.197, 143.414, 1.217, 10000, 0,    12.616,
 107, 777, 107, 107, 130.982, 23.982, 11000, 0, 130.982, 133.643, 2.661, 1177, 133.643, 135.844, 2.201, 11000, 0, 135.844, 138.301, 2.457, 1650, 138.301, 140.474, 2.173, 8000, 0, 140.474, 143.779, 3.305, 1200, 143.779, 144.886, 1.108, 10000, 0,    12.796,
 108, 777, 108, 108, 131.84, 23.84, 8000, 0, 131.84, 134.02, 2.18, 884, 134.02, 136.699, 2.68, 8000, 0, 136.699, 139, 2.301, 1200, 139, 141.375, 2.375, 6000, 0, 141.375, 144.109, 2.734, 900, 144.109, 145.774, 1.664, 8000, 0,    12.270,
 113, 777, 113, 113, 137.81, 24.81, 8000, 0, 137.81, 142.803, 4.994, 840, 142.803, 143.913, 1.109, 8000, 0, 143.913, 145.77, 1.857, 1200, 145.77, 146.626, 0.856, 6000, 0, 146.626, 146.626, 0, 900,TimeOut
 109, 777, 109, 109, 132.939, 23.939, 10000, 0, 132.939, 137.178, 4.239, 1096, 137.178, 138.372, 1.194, 10000, 0, 138.372, 139.944, 1.572, 1500, 139.944, 142.446, 2.502, 7000, 0, 142.446, 146.715, 4.268, 1050, 146.715, 147.688, 0.974, 9000, 0,    13.775,
 110, 777, 110, 110, 134.181, 24.181, 10000, 0, 134.181, 138.17, 3.988, 1093, 138.17, 139.583, 1.413, 10000, 0, 139.583, 141.433, 1.85, 1500, 141.433, 143.467, 2.034, 7000, 0, 143.467, 147.158, 3.692, 1050, 147.158, 148.67, 1.512, 9000, 0,    12.977,
 112, 777, 112, 112, 136.716, 24.716, 9000, 0, 136.716, 140.827, 4.111, 996, 140.827, 142.913, 2.087, 9000, 0, 142.913, 144.624, 1.71, 1350, 144.624, 145.657, 1.033, 6000, 0, 145.657, 148.923, 3.267, 900, 148.923, 149.904, 0.981, 8000, 0,    12.208,
 111, 777, 111, 111, 135.619, 24.619, 11000, 0, 135.619, 140.536, 4.917, 1144, 140.536, 141.794, 1.258, 11000, 0, 141.794, 143.34, 1.546, 1650, 143.34, 144.724, 1.384, 8000, 0, 144.724, 148.941, 4.217, 1200, 148.941, 151.062, 2.12, 10000, 0,    13.322,
 114, 777, 114, 114, 138.801, 24.801, 8000, 0, 138.801, 143.017, 4.215, 825, 143.017, 144.814, 1.797, 8000, 0, 144.814, 146.977, 2.163, 1200, 146.977, 147.875, 0.898, 6000, 0, 147.875, 150.109, 2.234, 900, 150.109, 152.033, 1.925, 8000, 0,    11.307,
 115, 777, 115, 115, 139.84, 24.84, 8000, 0, 139.84, 144.754, 4.914, 855, 144.754, 145.633, 0.879, 8000, 0, 145.633, 148.278, 2.645, 1200, 148.278, 149.216, 0.938, 6000, 0, 149.216, 151.578, 2.362, 900, 151.578, 152.959, 1.382, 8000, 0,    11.738,
 117, 777, 117, 117, 141.918, 24.918, 9000, 0, 141.918, 145.277, 3.359, 933, 145.277, 146.673, 1.396, 9000, 0, 146.673, 149.326, 2.653, 1350, 149.326, 150.283, 0.957, 6000, 0, 150.283, 153.4, 3.117, 900, 153.4, 154.47, 1.07, 8000, 0,    11.483,
 128, 777, 128, 128, 154.893, 26.893, 8000, 0, 154.893, 154.893, 0, 805,TimeOut
 118, 777, 118, 118, 143.33, 25.33, 11000, 0, 143.33, 148.578, 5.248, 1199, 148.578, 149.942, 1.364, 11000, 0, 149.942, 151.69, 1.747, 1650, 151.69, 153.002, 1.312, 8000, 0, 153.002, 154.739, 1.737, 1200, 154.739, 155.777, 1.038, 10000, 0,    11.409,
 129, 777, 129, 129, 156.067, 27.067, 9000, 0, 156.067, 156.067, 0, 907,TimeOut
 119, 777, 119, 119, 144.698, 25.698, 10000, 0, 144.698, 148.688, 3.99, 1096, 148.688, 151.115, 2.427, 10000, 0, 151.115, 152.855, 1.739, 1500, 152.855, 154.167, 1.313, 7000, 0, 154.167, 155.903, 1.736, 1050, 155.903, 156.866, 0.963, 9000, 0,    11.205,
 120, 777, 120, 120, 145.71, 25.71, 8000, 0, 145.71, 150.005, 4.296, 829, 150.005, 152.113, 2.108, 8000, 0, 152.113, 153.955, 1.842, 1200, 153.955, 155.233, 1.278, 6000, 0, 155.233, 156.374, 1.141, 900, 156.374, 157.801, 1.427, 8000, 0,    10.664,
 121, 777, 121, 121, 146.751, 25.751, 8000, 0, 146.751, 150.089, 3.337, 806, 150.089, 153.05, 2.961, 8000, 0, 153.05, 154.729, 1.679, 1200, 154.729, 156.149, 1.42, 6000, 0, 156.149, 158.405, 2.256, 900, 158.405, 159.315, 0.911, 8000, 0,    11.653,
 122, 777, 122, 122, 147.736, 25.736, 9000, 0, 147.736, 151.506, 3.77, 916, 151.506, 154.049, 2.543, 9000, 0, 154.049, 155.479, 1.43, 1350, 155.479, 157.042, 1.563, 6000, 0, 157.042, 159.702, 2.66, 900, 159.702, 160.573, 0.871, 8000, 0,    11.966,
 123, 777, 123, 123, 148.795, 25.795, 9000, 0, 148.795, 151.93, 3.135, 966, 151.93, 155.116, 3.186, 9000, 0, 155.116, 156.345, 1.229, 1350, 156.345, 157.877, 1.532, 6000, 0, 157.877, 160.213, 2.335, 900, 160.213, 161.481, 1.269, 8000, 0,    11.417,
 125, 777, 125, 125, 151.445, 26.445, 9000, 0, 151.445, 157.134, 5.689, 994, 157.134, 158.279, 1.145, 9000, 0, 158.279, 160.138, 1.859, 1350, 160.138, 161.128, 0.99, 6000, 0, 161.128, 162.545, 1.418, 900, 162.545, 163.553, 1.008, 8000, 0,    11.100,
 124, 777, 124, 124, 150.261, 26.261, 11000, 0, 150.261, 157.482, 7.221, 1197, 157.482, 159.587, 2.105, 11000, 0, 159.587, 161.451, 1.863, 1650, 161.451, 162.667, 1.217, 8000, 0, 162.667, 165.974, 3.307, 1200, 165.974, 167.032, 1.058, 10000, 0,    15.713,
 126, 777, 126, 126, 152.606, 26.606, 9000, 0, 152.606, 159.627, 7.021, 909, 159.627, 160.68, 1.053, 9000, 0, 160.68, 162.333, 1.654, 1350, 162.333, 163.667, 1.334, 6000, 0, 163.667, 166.642, 2.975, 900, 166.642, 167.892, 1.25, 8000, 0,    14.036,
 127, 777, 127, 127, 153.751, 26.751, 9000, 0, 153.751, 159.814, 6.062, 910, 159.814, 161.713, 1.899, 9000, 0, 161.713, 163.616, 1.903, 1350, 163.616, 164.586, 0.97, 6000, 0, 164.586, 168.02, 3.434, 900, 168.02, 168.891, 0.871, 8000, 0,    14.269,
 131, 777, 131, 131, 158.448, 27.448, 8000, 0, 158.448, 161.203, 2.755, 853, 161.203, 162.63, 1.427, 8000, 0, 162.63, 164.134, 1.504, 1200, 164.134, 165.672, 1.539, 6000, 0, 165.672, 168.463, 2.79, 900, 168.463, 169.787, 1.324, 8000, 0,    10.015,
 130, 777, 130, 130, 157.331, 27.331, 10000, 0, 157.331, 161.355, 4.024, 1070, 161.355, 163.699, 2.344, 10000, 0, 163.699, 165.131, 1.432, 1500, 165.131, 166.714, 1.583, 7000, 0, 166.714, 170.545, 3.832, 1050, 170.545, 171.676, 1.131, 9000, 0,    13.214,
 133, 777, 133, 133, 160.939, 27.939, 9000, 0, 160.939, 164.188, 3.249, 939, 164.188, 165.121, 0.933, 9000, 0, 165.121, 166.555, 1.434, 1350, 166.555, 167.684, 1.129, 6000, 0, 167.684, 170.779, 3.095, 900, 170.779, 172.597, 1.818, 8000, 0,     9.840,
 132, 777, 132, 132, 159.742, 27.742, 10000, 0, 159.742, 164.213, 4.471, 1054, 164.213, 166.358, 2.145, 10000, 0, 166.358, 169.173, 2.816, 1500, 169.173, 170.329, 1.156, 7000, 0, 170.329, 172.531, 2.202, 1050, 172.531, 173.491, 0.96, 9000, 0,    12.789,
 134, 777, 134, 134, 162.1, 28.1, 10000, 0, 162.1, 165.953, 3.854, 1029, 165.953, 167.502, 1.549, 10000, 0, 167.502, 170.497, 2.995, 1500, 170.497, 171.557, 1.06, 7000, 0, 171.557, 173.563, 2.006, 1050, 173.563, 174.472, 0.909, 9000, 0,    11.463,
 135, 777, 135, 135, 163.398, 28.398, 11000, 0, 163.398, 166.429, 3.031, 1181, 166.429, 168.781, 2.352, 11000, 0, 168.781, 171.72, 2.939, 1650, 171.72, 172.939, 1.219, 8000, 0, 172.939, 174.754, 1.815, 1200, 174.754, 175.92, 1.166, 10000, 0,    11.356,
 136, 777, 136, 136, 164.378, 28.378, 8000, 0, 164.378, 168.095, 3.717, 817, 168.095, 169.753, 1.658, 8000, 0, 169.753, 172.531, 2.777, 1200, 172.531, 173.871, 1.34, 6000, 0, 173.871, 175.512, 1.641, 900, 175.512, 176.75, 1.238, 8000, 0,    11.134,
 138, 777, 138, 138, 166.459, 28.459, 8000, 0, 166.459, 169.569, 3.11, 831, 169.569, 171.843, 2.273, 8000, 0, 171.843, 173.851, 2.009, 1200, 173.851, 174.772, 0.921, 6000, 0, 174.772, 177.574, 2.802, 900, 177.574, 178.407, 0.833, 8000, 0,    11.115,
 137, 777, 137, 137, 165.558, 28.558, 10000, 0, 165.558, 168.777, 3.219, 1037, 168.777, 170.89, 2.113, 10000, 0, 170.89, 173.861, 2.972, 1500, 173.861, 175.972, 2.11, 7000, 0, 175.972, 178.744, 2.772, 1050, 178.744, 179.697, 0.953, 9000, 0,    13.186,
 139, 777, 139, 139, 167.739, 28.739, 10000, 0, 167.739, 170.438, 2.7, 1035, 170.438, 172.938, 2.5, 10000, 0, 172.938, 175.625, 2.687, 1500, 175.625, 177.248, 1.623, 7000, 0, 177.248, 179.399, 2.151, 1050, 179.399, 180.648, 1.249, 9000, 0,    11.660,
 140, 777, 140, 140, 169.163, 29.163, 10000, 0, 169.163, 171.45, 2.287, 1098, 171.45, 174.101, 2.651, 10000, 0, 174.101, 175.821, 1.72, 1500, 175.821, 178.407, 2.586, 7000, 0, 178.407, 180.669, 2.261, 1050, 180.669, 181.653, 0.984, 9000, 0,    11.505,
 141, 777, 141, 141, 170.615, 29.615, 11000, 0, 170.615, 173.042, 2.427, 1174, 173.042, 175.344, 2.302, 11000, 0, 175.344, 177.533, 2.189, 1650, 177.533, 179.611, 2.078, 8000, 0, 179.611, 181.651, 2.041, 1200, 181.651, 182.761, 1.11, 10000, 0,    11.036,
 142, 777, 142, 142, 171.74, 29.74, 9000, 0, 171.74, 174.047, 2.307, 984, 174.047, 176.416, 2.369, 9000, 0, 176.416, 178.447, 2.031, 1350, 178.447, 180.671, 2.223, 6000, 0, 180.671, 181.874, 1.204, 900, 181.874, 183.665, 1.79, 8000, 0,    10.134,
 143, 777, 143, 143, 172.958, 29.958, 9000, 0, 172.958, 176.348, 3.389, 903, 176.348, 177.396, 1.048, 9000, 0, 177.396, 180.103, 2.707, 1350, 180.103, 181.713, 1.61, 6000, 0, 181.713, 183.236, 1.523, 900, 183.236, 184.548, 1.312, 8000, 0,    10.277,
 144, 777, 144, 144, 174.342, 30.342, 11000, 0, 174.342, 178.184, 3.842, 1182, 178.184, 179.339, 1.155, 11000, 0, 179.339, 181.399, 2.059, 1650, 181.399, 183.002, 1.603, 8000, 0, 183.002, 184.742, 1.74, 1200, 184.742, 185.895, 1.153, 10000, 0,    10.400,
 145, 777, 145, 145, 175.261, 30.261, 8000, 0, 175.261, 178.305, 3.043, 862, 178.305, 180.22, 1.915, 8000, 0, 180.22, 181.459, 1.24, 1200, 181.459, 184, 2.54, 6000, 0, 184, 185.292, 1.292, 900, 185.292, 186.905, 1.613, 8000, 0,    10.031,
 146, 777, 146, 146, 176.378, 30.378, 9000, 0, 176.378, 179.924, 3.547, 927, 179.924, 181.218, 1.294, 9000, 0, 181.218, 183.769, 2.551, 1350, 183.769, 184.907, 1.137, 6000, 0, 184.907, 186.306, 1.399, 900, 186.306, 187.834, 1.529, 8000, 0,     9.928,
 157, 777, 157, 157, 189.95, 32.95, 10000, 0, 189.95, 189.95, 0, 1027,TimeOut
 148, 777, 148, 148, 178.968, 30.968, 8000, 0, 178.968, 182.221, 3.254, 863, 182.221, 183.48, 1.259, 8000, 0, 183.48, 185.603, 2.123, 1200, 185.603, 186.558, 0.955, 6000, 0, 186.558, 189.351, 2.793, 900, 189.351, 190.266, 0.915, 8000, 0,    10.384,
 158, 777, 158, 158, 190.954, 32.954, 8000, 0, 190.954, 190.954, 0, 809,TimeOut
 147, 777, 147, 147, 177.931, 30.931, 11000, 0, 177.931, 180.387, 2.456, 1172, 180.387, 182.624, 2.236, 11000, 0, 182.624, 185.992, 3.368, 1650, 185.992, 187.755, 1.763, 8000, 0, 187.755, 190.245, 2.49, 1200, 190.245, 191.341, 1.097, 10000, 0,    12.313,
 149, 777, 149, 149, 180.258, 31.258, 11000, 0, 180.258, 184.732, 4.474, 1156, 184.732, 186.022, 1.29, 11000, 0, 186.022, 188.703, 2.681, 1650, 188.703, 190.033, 1.331, 8000, 0, 190.033, 191.655, 1.622, 1200, 191.655, 192.817, 1.162, 10000, 0,    11.397,
 150, 777, 150, 150, 181.269, 31.269, 8000, 0, 181.269, 185.338, 4.069, 801, 185.338, 186.984, 1.646, 8000, 0, 186.984, 188.789, 1.805, 1200, 188.789, 191.019, 2.23, 6000, 0, 191.019, 192.227, 1.208, 900, 192.227, 193.73, 1.503, 8000, 0,    10.958,
 151, 777, 151, 151, 182.52, 31.52, 9000, 0, 182.52, 187.634, 5.114, 979, 187.634, 188.779, 1.145, 9000, 0, 188.779, 190.21, 1.431, 1350, 190.21, 191.941, 1.73, 6000, 0, 191.941, 193.677, 1.736, 900, 193.677, 194.577, 0.9, 8000, 0,    11.157,
 155, 777, 155, 155, 187.634, 32.634, 10000, 0, 187.634, 193.168, 5.534, 1073, 193.168, 195.407, 2.239, 10000, 0, 195.407, 195.407, 0, 1500,TimeOut
 152, 777, 152, 152, 183.717, 31.717, 10000, 0, 183.717, 188.15, 4.433, 1030, 188.15, 189.851, 1.701, 10000, 0, 189.851, 192.119, 2.268, 1500, 192.119, 193.282, 1.164, 7000, 0, 193.282, 195.249, 1.967, 1050, 195.249, 196.207, 0.958, 9000, 0,    11.532,
 153, 777, 153, 153, 185.108, 32.108, 11000, 0, 185.108, 191.047, 5.939, 1135, 191.047, 192.225, 1.178, 11000, 0, 192.225, 196.161, 3.936, 1650, 196.161, 197.269, 1.107, 8000, 0, 197.269, 201.008, 3.74, 1200, 201.008, 202.138, 1.129, 10000, 0,    15.901,
 154, 777, 154, 154, 186.302, 32.302, 10000, 0, 186.302, 191.245, 4.944, 1014, 191.245, 193.374, 2.129, 10000, 0, 193.374, 196.816, 3.442, 1500, 196.816, 198.409, 1.593, 7000, 0, 198.409, 201.112, 2.703, 1050, 201.112, 203.124, 2.011, 9000, 0,    14.811,
 169, 777, 169, 169, 204.183, 35.183, 9000, 0, 204.183, 204.183, 0, 949,TimeOut
 156, 777, 156, 156, 188.611, 32.611, 8000, 0, 188.611, 192.835, 4.224, 835, 192.835, 194.315, 1.48, 8000, 0, 194.315, 198.631, 4.317, 1200, 198.631, 199.604, 0.972, 6000, 0, 199.604, 203.36, 3.756, 900, 203.36, 204.306, 0.946, 8000, 0,    14.749,
 159, 777, 159, 159, 192.016, 33.016, 9000, 0, 192.016, 195.088, 3.072, 965, 195.088, 196.414, 1.326, 9000, 0, 196.414, 199.316, 2.902, 1350, 199.316, 200.53, 1.214, 6000, 0, 200.53, 203.77, 3.24, 900, 203.77, 205.203, 1.433, 8000, 0,    11.754,
 160, 777, 160, 160, 193.146, 33.146, 9000, 0, 193.146, 195.209, 2.063, 931, 195.209, 197.457, 2.248, 9000, 0, 197.457, 200.54, 3.083, 1350, 200.54, 201.511, 0.971, 6000, 0, 201.511, 206.034, 4.523, 900, 206.034, 207.021, 0.987, 8000, 0,    12.888,
 161, 777, 161, 161, 194.386, 33.386, 9000, 0, 194.386, 198.608, 4.222, 966, 198.608, 199.612, 1.004, 9000, 0, 199.612, 201.614, 2.002, 1350, 201.614, 202.585, 0.972, 6000, 0, 202.585, 206.122, 3.537, 900, 206.122, 208.022, 1.9, 8000, 0,    11.736,
 162, 777, 162, 162, 195.877, 33.877, 11000, 0, 195.877, 199.283, 3.406, 1117, 199.283, 200.835, 1.551, 11000, 0, 200.835, 202.847, 2.012, 1650, 202.847, 204.078, 1.231, 8000, 0, 204.078, 207.792, 3.714, 1200, 207.792, 209.062, 1.27, 10000, 0,    11.915,
 174, 777, 174, 174, 209.606, 35.606, 9000, 0, 209.606, 209.606, 0, 954,TimeOut
 163, 777, 163, 163, 197.237, 34.237, 11000, 0, 197.237, 201.853, 4.617, 1137, 201.853, 203.078, 1.225, 11000, 0, 203.078, 205.731, 2.653, 1650, 205.731, 207.042, 1.31, 8000, 0, 207.042, 209.564, 2.522, 1200, 209.564, 210.753, 1.189, 10000, 0,    12.327,
 164, 777, 164, 164, 198.408, 34.408, 9000, 0, 198.408, 202.786, 4.378, 997, 202.786, 204.066, 1.28, 9000, 0, 204.066, 206.244, 2.178, 1350, 206.244, 208.012, 1.768, 6000, 0, 208.012, 209.935, 1.923, 900, 209.935, 211.577, 1.642, 8000, 0,    11.527,
 165, 777, 165, 165, 199.41, 34.41, 9000, 0, 199.41, 204.986, 5.576, 911, 204.986, 205.934, 0.948, 9000, 0, 205.934, 208.552, 2.617, 1350, 208.552, 209.419, 0.868, 6000, 0, 209.419, 211.333, 1.914, 900, 211.333, 212.559, 1.226, 8000, 0,    11.923,
 166, 777, 166, 166, 200.968, 34.968, 11000, 0, 200.968, 206.222, 5.254, 1148, 206.222, 207.43, 1.208, 11000, 0, 207.43, 210.355, 2.925, 1650, 210.355, 211.664, 1.309, 8000, 0, 211.664, 213.837, 2.173, 1200, 213.837, 214.895, 1.059, 10000, 0,    12.868,
 167, 777, 167, 167, 201.942, 34.942, 8000, 0, 201.942, 206.767, 4.825, 822, 206.767, 208.331, 1.564, 8000, 0, 208.331, 210.841, 2.511, 1200, 210.841, 212.695, 1.853, 6000, 0, 212.695, 214.353, 1.658, 900, 214.353, 215.8, 1.447, 8000, 0,    12.411,
 168, 777, 168, 168, 203.098, 35.098, 9000, 0, 203.098, 208.301, 5.202, 989, 208.301, 209.365, 1.064, 9000, 0, 209.365, 211.966, 2.601, 1350, 211.966, 213.709, 1.744, 6000, 0, 213.709, 215.108, 1.399, 900, 215.108, 216.825, 1.717, 8000, 0,    12.010,
 170, 777, 170, 170, 205.258, 35.258, 9000, 0, 205.258, 209.818, 4.56, 927, 209.818, 210.801, 0.984, 9000, 0, 210.801, 212.394, 1.593, 1350, 212.394, 214.625, 2.231, 6000, 0, 214.625, 216.612, 1.988, 900, 216.612, 217.845, 1.233, 8000, 0,    11.354,
 171, 777, 171, 171, 206.272, 35.272, 8000, 0, 206.272, 210.887, 4.614, 806, 210.887, 211.774, 0.888, 8000, 0, 211.774, 213.58, 1.806, 1200, 213.58, 215.615, 2.035, 6000, 0, 215.615, 217.175, 1.56, 900, 217.175, 218.882, 1.707, 8000, 0,    10.903,
 172, 777, 172, 172, 207.43, 35.43, 10000, 0, 207.43, 211.991, 4.561, 1027, 211.991, 213.081, 1.09, 10000, 0, 213.081, 215.235, 2.153, 1500, 215.235, 216.706, 1.471, 7000, 0, 216.706, 218.065, 1.359, 1050, 218.065, 219.896, 1.831, 9000, 0,    10.635,
 173, 777, 173, 173, 208.556, 35.556, 9000, 0, 208.556, 213.267, 4.711, 907, 213.267, 214.416, 1.149, 9000, 0, 214.416, 216.542, 2.126, 1350, 216.542, 217.681, 1.139, 6000, 0, 217.681, 218.833, 1.152, 900, 218.833, 220.927, 2.094, 8000, 0,    10.277,
 175, 777, 175, 175, 210.958, 35.958, 11000, 0, 210.958, 214.426, 3.468, 1144, 214.426, 215.669, 1.243, 11000, 0, 215.669, 217.623, 1.954, 1650, 217.623, 218.966, 1.343, 8000, 0, 218.966, 222.389, 3.423, 1200, 222.389, 223.531, 1.142, 10000, 0,    11.431,
 176, 777, 176, 176, 211.848, 35.848, 8000, 0, 211.848, 214.741, 2.893, 852, 214.741, 216.552, 1.811, 8000, 0, 216.552, 218.186, 1.633, 1200, 218.186, 220.039, 1.854, 6000, 0, 220.039, 222.772, 2.733, 900, 222.772, 224.46, 1.688, 8000, 0,    10.924,
 183, 777, 183, 183, 220.746, 37.746, 9000, 0, 220.746, 223.867, 3.121, 918, 223.867, 225.363, 1.495, 9000, 0, 225.363, 225.363, 0, 1350,TimeOut
 177, 777, 177, 177, 212.751, 35.751, 8000, 0, 212.751, 217.403, 4.653, 800, 217.403, 218.327, 0.923, 8000, 0, 218.327, 220.137, 1.811, 1200, 220.137, 221.126, 0.989, 6000, 0, 221.126, 225.156, 4.03, 900, 225.156, 226.103, 0.947, 8000, 0,    12.406,
 189, 777, 189, 189, 227.535, 38.535, 10000, 0, 227.535, 227.535, 0, 1039,TimeOut
 178, 777, 178, 178, 214.228, 36.228, 11000, 0, 214.228, 218.299, 4.071, 1109, 218.299, 219.648, 1.349, 11000, 0, 219.648, 222.648, 2.999, 1650, 222.648, 224.041, 1.393, 8000, 0, 224.041, 227.392, 3.351, 1200, 227.392, 228.45, 1.058, 10000, 0,    13.163,
 179, 777, 179, 179, 215.465, 36.465, 10000, 0, 215.465, 219.078, 3.613, 1015, 219.078, 220.698, 1.62, 10000, 0, 220.698, 224.087, 3.389, 1500, 224.087, 225.125, 1.038, 7000, 0, 225.125, 227.676, 2.551, 1050, 227.676, 229.462, 1.786, 9000, 0,    12.211,
 180, 777, 180, 180, 216.926, 36.926, 11000, 0, 216.926, 220.649, 3.723, 1144, 220.649, 221.93, 1.281, 11000, 0, 221.93, 225.608, 3.678, 1650, 225.608, 226.875, 1.267, 8000, 0, 226.875, 228.896, 2.021, 1200, 228.896, 230.538, 1.642, 10000, 0,    11.970,
 181, 777, 181, 181, 218.317, 37.317, 10000, 0, 218.317, 221.658, 3.342, 1072, 221.658, 223.106, 1.447, 10000, 0, 223.106, 225.903, 2.797, 1500, 225.903, 227.948, 2.045, 7000, 0, 227.948, 229.286, 1.338, 1050, 229.286, 231.568, 2.282, 9000, 0,    10.969,
 182, 777, 182, 182, 219.58, 37.58, 10000, 0, 219.58, 222.967, 3.387, 1027, 222.967, 224.31, 1.343, 10000, 0, 224.31, 227.206, 2.895, 1500, 227.206, 229.038, 1.833, 7000, 0, 229.038, 230.526, 1.488, 1050, 230.526, 232.685, 2.158, 9000, 0,    10.946,
 184, 777, 184, 184, 221.762, 37.762, 8000, 0, 221.762, 225.618, 3.856, 811, 225.618, 226.546, 0.928, 8000, 0, 226.546, 227.81, 1.264, 1200, 227.81, 229.975, 2.166, 6000, 0, 229.975, 231.443, 1.468, 900, 231.443, 233.646, 2.202, 8000, 0,     9.681,
 185, 777, 185, 185, 222.991, 37.991, 11000, 0, 222.991, 227.694, 4.703, 1168, 227.694, 229.025, 1.33, 11000, 0, 229.025, 230.643, 1.619, 1650, 230.643, 231.927, 1.284, 8000, 0, 231.927, 234.109, 2.181, 1200, 234.109, 235.264, 1.155, 10000, 0,    11.118,
 186, 777, 186, 186, 224.115, 38.115, 8000, 0, 224.115, 228.047, 3.932, 808, 228.047, 230.012, 1.965, 8000, 0, 230.012, 231.089, 1.077, 1200, 231.089, 232.978, 1.889, 6000, 0, 232.978, 234.29, 1.312, 900, 234.29, 236.182, 1.892, 8000, 0,    10.175,
 188, 777, 188, 188, 226.285, 38.285, 8000, 0, 226.285, 229.74, 3.455, 809, 229.74, 230.893, 1.153, 8000, 0, 230.893, 232.264, 1.372, 1200, 232.264, 233.926, 1.662, 6000, 0, 233.926, 235.663, 1.737, 900, 235.663, 236.973, 1.31, 8000, 0,     9.378,
 197, 777, 197, 197, 236.986, 39.986, 9000, 0, 236.986, 236.986, 0, 903,TimeOut
 200, 777, 201, 201, 240.374, 39.374, 8000, 0, 240.374, 240.374, 0, 824,TimeOut
 187, 777, 187, 187, 225.228, 38.228, 9000, 0, 225.228, 229.827, 4.599, 981, 229.827, 231.944, 2.117, 9000, 0, 231.944, 236.342, 4.398, 1350, 236.342, 237.319, 0.976, 6000, 0, 237.319, 240.288, 2.969, 900, 240.288, 241.162, 0.875, 8000, 0,    15.060,
 191, 777, 191, 191, 229.751, 38.751, 8000, 0, 229.751, 232.244, 2.493, 827, 232.244, 233.221, 0.976, 8000, 0, 233.221, 236.8, 3.579, 1200, 236.8, 238.34, 1.54, 6000, 0, 238.34, 241, 2.66, 900, 241, 242.114, 1.114, 8000, 0,    11.249,
 190, 777, 190, 190, 228.709, 38.709, 10000, 0, 228.709, 232.989, 4.28, 1093, 232.989, 234.37, 1.381, 10000, 0, 234.37, 238.655, 4.285, 1500, 238.655, 239.783, 1.128, 7000, 0, 239.783, 242.236, 2.453, 1050, 242.236, 243.235, 0.999, 9000, 0,    13.527,
 192, 777, 192, 192, 230.946, 38.946, 10000, 0, 230.946, 235.621, 4.675, 1048, 235.621, 236.79, 1.17, 10000, 0, 236.79, 239.058, 2.268, 1500, 239.058, 240.828, 1.77, 7000, 0, 240.828, 243.28, 2.451, 1050, 243.28, 244.317, 1.037, 9000, 0,    12.334,
 193, 777, 193, 193, 232.38, 39.38, 11000, 0, 232.38, 237.113, 4.733, 1175, 237.113, 238.4, 1.287, 11000, 0, 238.4, 240.671, 2.271, 1650, 240.671, 242.019, 1.349, 8000, 0, 242.019, 244.275, 2.256, 1200, 244.275, 245.437, 1.162, 10000, 0,    11.895,
 194, 777, 194, 194, 233.534, 39.534, 8000, 0, 233.534, 239.078, 5.544, 814, 239.078, 240.014, 0.937, 8000, 0, 240.014, 241.341, 1.327, 1200, 241.341, 242.95, 1.609, 6000, 0, 242.95, 244.906, 1.957, 900, 244.906, 246.431, 1.525, 8000, 0,    11.372,
 195, 777, 195, 195, 234.601, 39.601, 8000, 0, 234.601, 240.793, 6.192, 821, 240.793, 241.721, 0.927, 8000, 0, 241.721, 242.958, 1.237, 1200, 242.958, 244.008, 1.05, 6000, 0, 244.008, 247.48, 3.473, 900, 247.48, 248.393, 0.913, 8000, 0,    12.879,
 196, 777, 196, 196, 235.956, 39.956, 11000, 0, 235.956, 242.259, 6.303, 1120, 242.259, 243.481, 1.222, 11000, 0, 243.481, 245.591, 2.109, 1650, 245.591, 246.826, 1.235, 8000, 0, 246.826, 250.069, 3.243, 1200, 250.069, 251.306, 1.237, 10000, 0,    14.112,
 198, 777, 198, 198, 238.159, 40.159, 10000, 0, 238.159, 242.784, 4.626, 1039, 242.784, 244.643, 1.858, 10000, 0, 244.643, 246.312, 1.67, 1500, 246.312, 248.038, 1.725, 7000, 0, 248.038, 250.807, 2.77, 1050, 250.807, 252.35, 1.542, 9000, 0,    12.648,
 199, 777, 199, 199, 239.418, 40.418, 10000, 0, 239.418, 244.295, 4.877, 1046, 244.295, 245.794, 1.499, 10000, 0, 245.794, 247.593, 1.8, 1500, 247.593, 249.122, 1.529, 7000, 0, 249.122, 252.268, 3.146, 1050, 252.268, 253.334, 1.066, 9000, 0,    12.850,
 201, 777, 202, 202, 241.744, 39.744, 10000, 0, 241.744, 244.832, 3.088, 1087, 244.832, 246.918, 2.086, 10000, 0, 246.918, 249.286, 2.368, 1500, 249.286, 250.351, 1.065, 7000, 0, 250.351, 252.574, 2.223, 1050, 252.574, 254.388, 1.814, 9000, 0,    10.830,
 202, 777, 203, 203, 242.87, 39.87, 9000, 0, 242.87, 245.868, 2.999, 904, 245.868, 247.995, 2.127, 9000, 0, 247.995, 250.059, 2.063, 1350, 250.059, 251.296, 1.237, 6000, 0, 251.296, 253.831, 2.536, 900, 253.831, 255.419, 1.587, 8000, 0,    10.962,
 203, 777, 204, 204, 243.828, 39.828, 8000, 0, 243.828, 246.491, 2.663, 895, 246.491, 248.938, 2.447, 8000, 0, 248.938, 251.387, 2.448, 1200, 251.387, 252.333, 0.946, 6000, 0, 252.333, 254.308, 1.976, 900, 254.308, 256.458, 2.15, 8000, 0,    10.481,
 204, 777, 205, 205, 244.833, 39.833, 8000, 0, 244.833, 247.633, 2.8, 888, 247.633, 249.924, 2.291, 8000, 0, 249.924, 252.833, 2.909, 1200, 252.833, 253.881, 1.048, 6000, 0, 253.881, 255.148, 1.267, 900, 255.148, 257.372, 2.224, 8000, 0,    10.315,
 205, 777, 206, 206, 245.787, 39.787, 8000, 0, 245.787, 248.006, 2.218, 825, 248.006, 250.911, 2.905, 8000, 0, 250.911, 253.714, 2.803, 1200, 253.714, 254.908, 1.194, 6000, 0, 254.908, 256.135, 1.227, 900, 256.135, 258.311, 2.176, 8000, 0,    10.348,
 206, 777, 207, 207, 246.671, 39.671, 8000, 0, 246.671, 250.678, 4.007, 849, 250.678, 251.863, 1.185, 8000, 0, 251.863, 254.716, 2.853, 1200, 254.716, 255.869, 1.153, 6000, 0, 255.869, 257.498, 1.63, 900, 257.498, 259.27, 1.771, 8000, 0,    10.827,
 207, 777, 208, 208, 248.131, 40.131, 11000, 0, 248.131, 251.873, 3.741, 1154, 251.873, 253.168, 1.295, 11000, 0, 253.168, 255.868, 2.7, 1650, 255.868, 257.155, 1.287, 8000, 0, 257.155, 259.341, 2.187, 1200, 259.341, 260.541, 1.2, 10000, 0,    11.210,
 208, 777, 209, 209, 249.127, 40.127, 8000, 0, 249.127, 252.281, 3.154, 820, 252.281, 254.114, 1.833, 8000, 0, 254.114, 256.165, 2.051, 1200, 256.165, 258.102, 1.937, 6000, 0, 258.102, 259.623, 1.52, 900, 259.623, 261.541, 1.918, 8000, 0,    10.496,
 209, 777, 210, 210, 250.42, 40.42, 10000, 0, 250.42, 253.656, 3.235, 1016, 253.656, 255.361, 1.705, 10000, 0, 255.361, 258.355, 2.994, 1500, 258.355, 259.466, 1.112, 7000, 0, 259.466, 260.813, 1.347, 1050, 260.813, 262.6, 1.787, 9000, 0,    10.393,
 210, 777, 211, 211, 251.931, 40.931, 11000, 0, 251.931, 254.239, 2.308, 1182, 254.239, 256.679, 2.441, 11000, 0, 256.679, 259.466, 2.787, 1650, 259.466, 260.742, 1.276, 8000, 0, 260.742, 262.728, 1.986, 1200, 262.728, 263.842, 1.114, 10000, 0,    10.797,
 211, 777, 212, 212, 253.28, 41.28, 11000, 0, 253.28, 256.132, 2.852, 1117, 256.132, 257.846, 1.714, 11000, 0, 257.846, 260.597, 2.75, 1650, 260.597, 262.028, 1.431, 8000, 0, 262.028, 263.69, 1.662, 1200, 263.69, 265.142, 1.452, 10000, 0,    10.410,
 212, 777, 213, 213, 254.525, 41.525, 10000, 0, 254.525, 257.484, 2.959, 1062, 257.484, 258.942, 1.458, 10000, 0, 258.942, 261.193, 2.25, 1500, 261.193, 263.17, 1.978, 7000, 0, 263.17, 264.597, 1.427, 1050, 264.597, 266.138, 1.54, 9000, 0,    10.073,
 213, 777, 214, 214, 255.567, 41.567, 8000, 0, 255.567, 258.161, 2.594, 852, 258.161, 259.86, 1.699, 8000, 0, 259.86, 261.878, 2.019, 1200, 261.878, 264.171, 2.293, 6000, 0, 264.171, 266.253, 2.082, 900, 266.253, 267.142, 0.889, 8000, 0,    10.687,
 214, 777, 215, 215, 256.632, 41.632, 9000, 0, 256.632, 258.902, 2.271, 974, 258.902, 260.833, 1.931, 9000, 0, 260.833, 262.934, 2.101, 1350, 262.934, 265.07, 2.136, 6000, 0, 265.07, 267.647, 2.577, 900, 267.647, 268.67, 1.023, 8000, 0,    11.016,
 221, 777, 222, 222, 265.035, 43.035, 10000, 0, 265.035, 267.941, 2.906, 1059, 267.941, 269.714, 1.772, 10000, 0, 269.714, 269.714, 0, 1500,TimeOut
 215, 777, 216, 216, 257.991, 41.991, 11000, 0, 257.991, 259.895, 1.904, 1151, 259.895, 262.148, 2.253, 11000, 0, 262.148, 264.117, 1.969, 1650, 264.117, 266.492, 2.376, 8000, 0, 266.492, 268.725, 2.233, 1200, 268.725, 269.896, 1.171, 10000, 0,    10.734,
 216, 777, 217, 217, 259.206, 42.206, 10000, 0, 259.206, 260.898, 1.692, 1030, 260.898, 263.261, 2.363, 10000, 0, 263.261, 265.2, 1.939, 1500, 265.2, 267.649, 2.449, 7000, 0, 267.649, 269.168, 1.519, 1050, 269.168, 270.892, 1.724, 9000, 0,     9.962,
 217, 777, 218, 218, 260.346, 42.346, 9000, 0, 260.346, 262.108, 1.762, 966, 262.108, 264.383, 2.276, 9000, 0, 264.383, 266.646, 2.263, 1350, 266.646, 268.67, 2.024, 6000, 0, 268.67, 270.75, 2.08, 900, 270.75, 271.768, 1.018, 8000, 0,    10.404,
 218, 777, 219, 219, 261.466, 42.466, 8000, 0, 261.466, 262.9, 1.434, 866, 262.9, 265.386, 2.486, 8000, 0, 265.386, 267.716, 2.329, 1200, 267.716, 269.705, 1.99, 6000, 0, 269.705, 271.275, 1.57, 900, 271.275, 272.721, 1.446, 8000, 0,     9.809,
 219, 777, 220, 220, 262.672, 42.672, 9000, 0, 262.672, 264.577, 1.906, 992, 264.577, 266.48, 1.903, 9000, 0, 266.48, 269.748, 3.267, 1350, 269.748, 270.686, 0.938, 6000, 0, 270.686, 272.828, 2.142, 900, 272.828, 273.742, 0.913, 8000, 0,    10.157,
 220, 777, 221, 221, 263.63, 42.63, 8000, 0, 263.63, 265.2, 1.57, 880, 265.2, 267.366, 2.166, 8000, 0, 267.366, 270.235, 2.869, 1200, 270.235, 271.683, 1.447, 6000, 0, 271.683, 273.938, 2.256, 900, 273.938, 274.83, 0.892, 8000, 0,    10.308,
 222, 777, 223, 223, 266.071, 43.071, 8000, 0, 266.071, 267.706, 1.634, 814, 267.706, 268.56, 0.854, 8000, 0, 268.56, 271.418, 2.858, 1200, 271.418, 272.626, 1.208, 6000, 0, 272.626, 274.419, 1.793, 900, 274.419, 275.8, 1.38, 8000, 0,     8.348,
 223, 777, 224, 224, 267.168, 43.168, 9000, 0, 267.168, 270.474, 3.306, 948, 270.474, 271.528, 1.053, 9000, 0, 271.528, 274.74, 3.213, 1350, 274.74, 275.703, 0.963, 6000, 0, 275.703, 277.211, 1.508, 900, 277.211, 278.17, 0.959, 8000, 0,    10.043,
 224, 777, 225, 225, 268.24, 43.24, 9000, 0, 268.24, 270.818, 2.577, 954, 270.818, 272.654, 1.836, 9000, 0, 272.654, 275.432, 2.778, 1350, 275.432, 276.701, 1.269, 6000, 0, 276.701, 278.277, 1.577, 900, 278.277, 279.28, 1.003, 8000, 0,    10.037,
 225, 777, 226, 226, 269.666, 43.666, 10000, 0, 269.666, 272.363, 2.697, 1029, 272.363, 273.795, 1.432, 10000, 0, 273.795, 276.559, 2.764, 1500, 276.559, 277.8, 1.242, 7000, 0, 277.8, 280.454, 2.654, 1050, 280.454, 281.627, 1.173, 9000, 0,    10.788,
 226, 777, 227, 227, 271.121, 44.121, 11000, 0, 271.121, 274.24, 3.119, 1196, 274.24, 275.509, 1.269, 11000, 0, 275.509, 277.451, 1.942, 1650, 277.451, 279.099, 1.648, 8000, 0, 279.099, 282.317, 3.218, 1200, 282.317, 283.606, 1.288, 10000, 0,    11.197,
 235, 777, 236, 236, 281.146, 45.146, 10000, 0, 281.146, 283.323, 2.178, 1034, 283.323, 284.563, 1.24, 10000, 0, 284.563, 284.563, 0, 1500,TimeOut
 227, 777, 228, 228, 272.354, 44.354, 10000, 0, 272.354, 275.345, 2.991, 1043, 275.345, 276.579, 1.234, 10000, 0, 276.579, 278.599, 2.02, 1500, 278.599, 280.22, 1.621, 7000, 0, 280.22, 282.575, 2.356, 1050, 282.575, 284.607, 2.032, 9000, 0,    10.222,
 228, 777, 229, 229, 273.485, 44.485, 8000, 0, 273.485, 276.076, 2.591, 866, 276.076, 277.451, 1.376, 8000, 0, 277.451, 279.315, 1.864, 1200, 279.315, 281.216, 1.901, 6000, 0, 281.216, 283.425, 2.208, 900, 283.425, 285.495, 2.07, 8000, 0,     9.940,
 229, 777, 230, 230, 274.675, 44.675, 9000, 0, 274.675, 276.969, 2.294, 909, 276.969, 278.529, 1.56, 9000, 0, 278.529, 280.322, 1.793, 1350, 280.322, 282.135, 1.813, 6000, 0, 282.135, 283.667, 1.532, 900, 283.667, 286.383, 2.716, 8000, 0,     8.992,
 230, 777, 231, 231, 275.983, 44.983, 9000, 0, 275.983, 277.551, 1.568, 907, 277.551, 279.567, 2.016, 9000, 0, 279.567, 281.316, 1.749, 1350, 281.316, 283.132, 1.815, 6000, 0, 283.132, 284.52, 1.388, 900, 284.52, 287.23, 2.71, 8000, 0,     8.537,
 231, 777, 232, 232, 276.877, 44.877, 8000, 0, 276.877, 278.642, 1.765, 893, 278.642, 280.481, 1.839, 8000, 0, 280.481, 284.493, 4.012, 1200, 284.493, 285.505, 1.012, 6000, 0, 285.505, 288.098, 2.593, 900, 288.098, 289.008, 0.91, 8000, 0,    11.221,
 232, 777, 233, 233, 277.918, 44.918, 8000, 0, 277.918, 280.008, 2.09, 865, 280.008, 281.341, 1.333, 8000, 0, 281.341, 285.311, 3.97, 1200, 285.311, 286.499, 1.189, 6000, 0, 286.499, 288.846, 2.347, 900, 288.846, 289.971, 1.124, 8000, 0,    10.929,
 233, 777, 234, 234, 278.789, 44.789, 8000, 0, 278.789, 280.893, 2.104, 808, 280.893, 282.3, 1.407, 8000, 0, 282.3, 286.084, 3.784, 1200, 286.084, 287.433, 1.349, 6000, 0, 287.433, 289.392, 1.959, 900, 289.392, 290.912, 1.519, 8000, 0,    10.604,
 234, 777, 235, 235, 279.825, 44.825, 8000, 0, 279.825, 282.657, 2.832, 896, 282.657, 283.513, 0.856, 8000, 0, 283.513, 287.173, 3.66, 1200, 287.173, 288.344, 1.171, 6000, 0, 288.344, 290.093, 1.749, 900, 290.093, 291.789, 1.696, 8000, 0,    10.268,
 236, 777, 237, 237, 282.172, 45.172, 8000, 0, 282.172, 284.051, 1.878, 804, 284.051, 285.557, 1.507, 8000, 0, 285.557, 288, 2.443, 1200, 288, 289.36, 1.36, 6000, 0, 289.36, 290.714, 1.354, 900, 290.714, 292.717, 2.003, 8000, 0,     8.542,
 246, 777, 247, 247, 293.241, 46.241, 8000, 0, 293.241, 293.241, 0, 835,TimeOut
 237, 777, 238, 238, 283.156, 45.156, 8000, 0, 283.156, 285.594, 2.438, 844, 285.594, 286.478, 0.883, 8000, 0, 286.478, 288.685, 2.207, 1200, 288.685, 290.318, 1.633, 6000, 0, 290.318, 292.6, 2.282, 900, 292.6, 293.75, 1.15, 8000, 0,     9.444,
 238, 777, 239, 239, 284.302, 45.302, 8000, 0, 284.302, 286.244, 1.942, 818, 286.244, 287.385, 1.141, 8000, 0, 287.385, 289.519, 2.133, 1200, 289.519, 291.282, 1.763, 6000, 0, 291.282, 293.561, 2.28, 900, 293.561, 294.538, 0.976, 8000, 0,     9.260,
 239, 777, 240, 240, 285.56, 45.56, 11000, 0, 285.56, 287.421, 1.861, 1189, 287.421, 288.806, 1.385, 11000, 0, 288.806, 291.014, 2.207, 1650, 291.014, 292.363, 1.349, 8000, 0, 292.363, 294.831, 2.469, 1200, 294.831, 296.069, 1.237, 10000, 0,     9.271,
 240, 777, 241, 241, 286.599, 45.599, 8000, 0, 286.599, 287.81, 1.211, 823, 287.81, 289.72, 1.909, 8000, 0, 289.72, 292.098, 2.378, 1200, 292.098, 293.379, 1.281, 6000, 0, 293.379, 295.384, 2.005, 900, 295.384, 296.979, 1.595, 8000, 0,     8.785,
 250, 777, 251, 251, 298.205, 47.205, 11000, 0, 298.205, 298.205, 0, 1199,TimeOut
 241, 777, 242, 242, 287.859, 45.859, 10000, 0, 287.859, 291.655, 3.796, 1055, 291.655, 292.798, 1.143, 10000, 0, 292.798, 295.123, 2.325, 1500, 295.123, 296.206, 1.083, 7000, 0, 296.206, 298.404, 2.198, 1050, 298.404, 299.484, 1.079, 9000, 0,    10.545,
 242, 777, 243, 243, 288.951, 45.951, 9000, 0, 288.951, 294.218, 5.267, 997, 294.218, 295.224, 1.006, 9000, 0, 295.224, 297.086, 1.862, 1350, 297.086, 298.049, 0.963, 6000, 0, 298.049, 299.461, 1.413, 900, 299.461, 300.419, 0.957, 8000, 0,    10.511,
 243, 777, 244, 244, 289.96, 45.96, 8000, 0, 289.96, 295.083, 5.123, 853, 295.083, 296.193, 1.11, 8000, 0, 296.193, 297.892, 1.7, 1200, 297.892, 299.058, 1.165, 6000, 0, 299.058, 300.378, 1.32, 900, 300.378, 301.409, 1.032, 8000, 0,    10.417,
 244, 777, 245, 245, 290.984, 45.984, 9000, 0, 290.984, 296.245, 5.262, 908, 296.245, 297.306, 1.06, 9000, 0, 297.306, 298.947, 1.641, 1350, 298.947, 300.002, 1.055, 6000, 0, 300.002, 301.914, 1.912, 900, 301.914, 302.847, 0.933, 8000, 0,    10.930,
 245, 777, 246, 246, 292.232, 46.232, 10000, 0, 292.232, 298.74, 6.508, 1085, 298.74, 299.959, 1.219, 10000, 0, 299.959, 302.11, 2.15, 1500, 302.11, 303.422, 1.313, 7000, 0, 303.422, 304.872, 1.449, 1050, 304.872, 305.972, 1.1, 9000, 0,    12.639,
 253, 777, 254, 254, 301.432, 47.432, 8000, 0, 301.432, 304.841, 3.409, 856, 304.841, 306.779, 1.938, 8000, 0, 306.779, 306.779, 0, 1200,TimeOut
 247, 777, 248, 248, 294.595, 46.595, 11000, 0, 294.595, 300.219, 5.624, 1180, 300.219, 301.529, 1.31, 11000, 0, 301.529, 304.694, 3.165, 1650, 304.694, 305.879, 1.185, 8000, 0, 305.879, 307.445, 1.566, 1200, 307.445, 308.503, 1.058, 10000, 0,    12.850,
 248, 777, 249, 249, 295.796, 46.796, 9000, 0, 295.796, 300.838, 5.042, 987, 300.838, 302.656, 1.818, 9000, 0, 302.656, 305.768, 3.112, 1350, 305.768, 306.809, 1.041, 6000, 0, 306.809, 308.828, 2.019, 900, 308.828, 309.783, 0.955, 8000, 0,    13.032,
 249, 777, 250, 250, 296.856, 46.856, 8000, 0, 296.856, 301.934, 5.078, 849, 301.934, 303.591, 1.657, 8000, 0, 303.591, 306.902, 3.312, 1200, 306.902, 307.886, 0.984, 6000, 0, 307.886, 309.596, 1.709, 900, 309.596, 310.653, 1.057, 8000, 0,    12.740,
 251, 777, 252, 252, 299.276, 47.276, 8000, 0, 299.276, 302.269, 2.993, 843, 302.269, 304.517, 2.248, 8000, 0, 304.517, 307.564, 3.047, 1200, 307.564, 308.821, 1.256, 6000, 0, 308.821, 309.949, 1.128, 900, 309.949, 311.539, 1.59, 8000, 0,    10.673,
 252, 777, 253, 253, 300.39, 47.39, 10000, 0, 300.39, 304.704, 4.313, 1027, 304.704, 305.867, 1.163, 10000, 0, 305.867, 308.526, 2.659, 1500, 308.526, 309.872, 1.345, 7000, 0, 309.872, 312.854, 2.983, 1050, 312.854, 313.978, 1.124, 9000, 0,    12.464,
 255, 777, 256, 256, 304.151, 48.151, 9000, 0, 304.151, 306.537, 2.386, 974, 306.537, 307.773, 1.236, 9000, 0, 307.773, 309.395, 1.622, 1350, 309.395, 310.789, 1.395, 6000, 0, 310.789, 313.614, 2.825, 900, 313.614, 314.801, 1.187, 8000, 0,     9.464,
 254, 777, 255, 255, 302.926, 47.926, 11000, 0, 302.926, 307.639, 4.713, 1114, 307.639, 309.009, 1.369, 11000, 0, 309.009, 311.02, 2.011, 1650, 311.02, 312.324, 1.304, 8000, 0, 312.324, 314.838, 2.514, 1200, 314.838, 315.999, 1.161, 10000, 0,    11.912,
 264, 777, 265, 265, 316.053, 51.053, 11000, 0, 316.053, 316.053, 0, 1196,TimeOut
 256, 777, 257, 257, 305.467, 48.467, 10000, 0, 305.467, 309.576, 4.109, 1037, 309.576, 310.696, 1.12, 10000, 0, 310.696, 312.58, 1.885, 1500, 312.58, 313.616, 1.036, 7000, 0, 313.616, 315.589, 1.973, 1050, 315.589, 316.996, 1.407, 9000, 0,    10.123,
 257, 777, 258, 258, 306.922, 48.922, 11000, 0, 306.922, 309.929, 3.007, 1137, 309.929, 312, 2.071, 11000, 0, 312, 314.455, 2.455, 1650, 314.455, 315.66, 1.205, 8000, 0, 315.66, 317.824, 2.164, 1200, 317.824, 319.09, 1.266, 10000, 0,    10.902,
 267, 777, 268, 268, 319.688, 51.688, 8000, 0, 319.688, 319.688, 0, 893,TimeOut
 259, 777, 260, 260, 309.442, 49.442, 8000, 0, 309.442, 312.65, 3.208, 898, 312.65, 313.553, 0.903, 8000, 0, 313.553, 315.156, 1.603, 1200, 315.156, 316.539, 1.383, 6000, 0, 316.539, 318.185, 1.646, 900, 318.185, 319.976, 1.791, 8000, 0,     8.742,
 258, 777, 259, 259, 308.382, 49.382, 10000, 0, 308.382, 312.67, 4.288, 1061, 312.67, 314.783, 2.114, 10000, 0, 314.783, 316.221, 1.438, 1500, 316.221, 317.676, 1.455, 7000, 0, 317.676, 319.89, 2.214, 1050, 319.89, 320.994, 1.104, 9000, 0,    11.509,
 261, 777, 262, 262, 312.063, 50.063, 10000, 0, 312.063, 317.318, 5.255, 1004, 317.318, 318.488, 1.17, 10000, 0, 318.488, 320.994, 2.506, 1500, 320.994, 322.07, 1.076, 7000, 0, 322.07, 324.127, 2.057, 1050, 324.127, 325.213, 1.087, 9000, 0,    12.064,
 260, 777, 261, 261, 310.802, 49.802, 11000, 0, 310.802, 317.922, 7.12, 1155, 317.922, 319.737, 1.815, 11000, 0, 319.737, 322.508, 2.771, 1650, 322.508, 323.625, 1.117, 8000, 0, 323.625, 325.985, 2.36, 1200, 325.985, 327.058, 1.073, 10000, 0,    15.184,
 262, 777, 263, 263, 313.361, 50.361, 10000, 0, 313.361, 320.532, 7.171, 1022, 320.532, 321.676, 1.144, 10000, 0, 321.676, 324.073, 2.397, 1500, 324.073, 325.173, 1.101, 7000, 0, 325.173, 327.262, 2.088, 1050, 327.262, 328.343, 1.081, 9000, 0,    13.901,
 275, 777, 276, 276, 328.717, 52.717, 9000, 0, 328.717, 328.717, 0, 936,TimeOut
 263, 777, 264, 264, 314.689, 50.689, 11000, 0, 314.689, 321.139, 6.451, 1188, 321.139, 323.062, 1.922, 11000, 0, 323.062, 325.377, 2.316, 1650, 325.377, 326.719, 1.342, 8000, 0, 326.719, 328.592, 1.873, 1200, 328.592, 329.804, 1.213, 10000, 0,    13.903,
 265, 777, 266, 266, 317.402, 51.402, 10000, 0, 317.402, 322.478, 5.076, 1041, 322.478, 324.215, 1.737, 10000, 0, 324.215, 326.039, 1.825, 1500, 326.039, 327.816, 1.777, 7000, 0, 327.816, 329.503, 1.687, 1050, 329.503, 330.789, 1.287, 9000, 0,    12.100,
 266, 777, 267, 267, 318.59, 51.59, 9000, 0, 318.59, 322.898, 4.308, 971, 322.898, 325.249, 2.352, 9000, 0, 325.249, 326.948, 1.698, 1350, 326.948, 328.784, 1.836, 6000, 0, 328.784, 329.875, 1.091, 900, 329.875, 331.733, 1.859, 8000, 0,    11.285,
 278, 777, 279, 279, 332.015, 53.015, 8000, 0, 332.015, 332.015, 0, 806,TimeOut
 268, 777, 269, 269, 320.765, 51.765, 8000, 0, 320.765, 323.934, 3.169, 863, 323.934, 326.205, 2.271, 8000, 0, 326.205, 327.496, 1.292, 1200, 327.496, 329.804, 2.308, 6000, 0, 329.804, 331.214, 1.41, 900, 331.214, 332.646, 1.432, 8000, 0,    10.449,
 269, 777, 270, 270, 321.798, 51.798, 9000, 0, 321.798, 324.442, 2.644, 993, 324.442, 327.245, 2.804, 9000, 0, 327.245, 329.699, 2.453, 1350, 329.699, 330.715, 1.016, 6000, 0, 330.715, 332.749, 2.034, 900, 332.749, 333.584, 0.835, 8000, 0,    10.951,
 270, 777, 271, 271, 322.933, 51.933, 9000, 0, 322.933, 326.452, 3.519, 953, 326.452, 328.351, 1.899, 9000, 0, 328.351, 330.294, 1.943, 1350, 330.294, 331.676, 1.382, 6000, 0, 331.676, 334, 2.324, 900, 334, 334.991, 0.991, 8000, 0,    11.067,
 271, 777, 272, 272, 324.291, 52.291, 11000, 0, 324.291, 328.813, 4.522, 1118, 328.813, 330.155, 1.342, 11000, 0, 330.155, 332.053, 1.898, 1650, 332.053, 333.354, 1.302, 8000, 0, 333.354, 335.632, 2.278, 1200, 335.632, 336.741, 1.109, 10000, 0,    11.341,
 272, 777, 273, 273, 325.232, 52.232, 8000, 0, 325.232, 330.56, 5.328, 886, 330.56, 331.472, 0.911, 8000, 0, 331.472, 333.173, 1.701, 1200, 333.173, 334.369, 1.197, 6000, 0, 334.369, 335.712, 1.343, 900, 335.712, 337.64, 1.928, 8000, 0,    10.480,
 279, 777, 280, 280, 333, 53, 8000, 0, 333, 336.78, 3.781, 898, 336.78, 338.104, 1.323, 8000, 0, 338.104, 338.104, 0, 1200,TimeOut
 273, 777, 274, 274, 326.355, 52.355, 9000, 0, 326.355, 332.499, 6.144, 969, 332.499, 333.592, 1.093, 9000, 0, 333.592, 336.383, 2.791, 1350, 336.383, 337.382, 0.998, 6000, 0, 337.382, 338.763, 1.381, 900, 338.763, 339.721, 0.958, 8000, 0,    12.407,
 286, 777, 287, 287, 340.869, 53.869, 8000, 0, 340.869, 340.869, 0, 899,TimeOut
 274, 777, 275, 275, 327.599, 52.599, 10000, 0, 327.599, 333.34, 5.741, 1091, 333.34, 334.85, 1.51, 10000, 0, 334.85, 338.558, 3.708, 1500, 338.558, 339.551, 0.993, 7000, 0, 339.551, 342.231, 2.679, 1050, 342.231, 343.228, 0.997, 9000, 0,    14.632,
 276, 777, 277, 277, 329.907, 52.907, 10000, 0, 329.907, 334.358, 4.451, 1046, 334.358, 335.998, 1.64, 10000, 0, 335.998, 340.255, 4.257, 1500, 340.255, 341.337, 1.082, 7000, 0, 341.337, 344.323, 2.987, 1050, 344.323, 345.367, 1.044, 9000, 0,    14.417,
 277, 777, 278, 278, 331.113, 53.113, 10000, 0, 331.113, 335.141, 4.028, 1014, 335.141, 337.198, 2.057, 10000, 0, 337.198, 342.058, 4.86, 1500, 342.058, 343.164, 1.106, 7000, 0, 343.164, 346.375, 3.21, 1050, 346.375, 347.489, 1.115, 9000, 0,    15.262,
 287, 777, 288, 288, 342.058, 54.058, 10000, 0, 342.058, 345.517, 3.458, 1080, 345.517, 348.409, 2.893, 10000, 0, 348.409, 348.409, 0, 1500,TimeOut
 280, 777, 281, 281, 334.066, 53.066, 8000, 0, 334.066, 338.701, 4.636, 866, 338.701, 339.594, 0.893, 8000, 0, 339.594, 342.299, 2.705, 1200, 342.299, 344.121, 1.822, 6000, 0, 344.121, 346.534, 2.413, 900, 346.534, 348.433, 1.899, 8000, 0,    12.468,
 281, 777, 282, 282, 335.006, 53.006, 8000, 0, 335.006, 339.785, 4.779, 871, 339.785, 340.686, 0.902, 8000, 0, 340.686, 343.349, 2.663, 1200, 343.349, 345.046, 1.697, 6000, 0, 345.046, 347.924, 2.878, 900, 347.924, 349.295, 1.37, 8000, 0,    12.918,
 282, 777, 283, 283, 336.321, 53.321, 10000, 0, 336.321, 341.864, 5.543, 1070, 341.864, 343.014, 1.149, 10000, 0, 343.014, 344.974, 1.96, 1500, 344.974, 346.162, 1.188, 7000, 0, 346.162, 348.262, 2.101, 1050, 348.262, 350.39, 2.128, 9000, 0,    11.942,
 283, 777, 284, 284, 337.594, 53.594, 10000, 0, 337.594, 342.882, 5.288, 1074, 342.882, 344.169, 1.287, 10000, 0, 344.169, 345.951, 1.782, 1500, 345.951, 347.218, 1.267, 7000, 0, 347.218, 350.644, 3.426, 1050, 350.644, 351.808, 1.164, 9000, 0,    13.050,
 284, 777, 285, 285, 338.917, 53.917, 10000, 0, 338.917, 343.705, 4.788, 1018, 343.705, 345.334, 1.628, 10000, 0, 345.334, 348.568, 3.234, 1500, 348.568, 349.621, 1.053, 7000, 0, 349.621, 352.209, 2.588, 1050, 352.209, 353.33, 1.121, 9000, 0,    13.292,
 285, 777, 286, 286, 339.975, 53.975, 8000, 0, 339.975, 344.109, 4.133, 803, 344.109, 346.191, 2.082, 8000, 0, 346.191, 349.353, 3.162, 1200, 349.353, 350.624, 1.271, 6000, 0, 350.624, 352.749, 2.125, 900, 352.749, 354.284, 1.536, 8000, 0,    12.773,
 288, 777, 289, 289, 343.053, 54.053, 8000, 0, 343.053, 345.506, 2.453, 832, 345.506, 347.196, 1.69, 8000, 0, 347.196, 350.861, 3.665, 1200, 350.861, 351.788, 0.927, 6000, 0, 351.788, 354.623, 2.835, 900, 354.623, 355.557, 0.934, 8000, 0,    11.570,
 290, 777, 291, 291, 345.344, 54.344, 9000, 0, 345.344, 347.549, 2.205, 952, 347.549, 349.478, 1.929, 9000, 0, 349.478, 352.55, 3.072, 1350, 352.55, 353.459, 0.909, 6000, 0, 353.459, 355.977, 2.518, 900, 355.977, 356.86, 0.883, 8000, 0,    10.633,
 289, 777, 290, 290, 344.132, 54.132, 9000, 0, 344.132, 347.612, 3.481, 977, 347.612, 350.515, 2.903, 9000, 0, 350.515, 353.714, 3.198, 1350, 353.714, 354.695, 0.982, 6000, 0, 354.695, 356.98, 2.285, 900, 356.98, 358.13, 1.15, 8000, 0,    12.848,
 292, 777, 293, 293, 347.914, 54.914, 9000, 0, 347.914, 350.676, 2.761, 946, 350.676, 351.642, 0.966, 9000, 0, 351.642, 354.492, 2.851, 1350, 354.492, 355.633, 1.14, 6000, 0, 355.633, 357.477, 1.844, 900, 357.477, 359.053, 1.576, 8000, 0,     9.562,
 301, 777, 302, 302, 359.623, 57.623, 10000, 0, 359.623, 359.623, 0, 1043,TimeOut
 291, 777, 292, 292, 346.788, 54.788, 11000, 0, 346.788, 350.914, 4.126, 1175, 350.914, 352.907, 1.993, 11000, 0, 352.907, 355.572, 2.666, 1650, 355.572, 356.885, 1.313, 8000, 0, 356.885, 358.828, 1.943, 1200, 358.828, 360.282, 1.454, 10000, 0,    12.040,
 293, 777, 294, 294, 349.323, 55.323, 11000, 0, 349.323, 353.537, 4.215, 1116, 353.537, 354.786, 1.249, 11000, 0, 354.786, 357, 2.214, 1650, 357, 358.442, 1.442, 8000, 0, 358.442, 360.954, 2.512, 1200, 360.954, 362.048, 1.095, 10000, 0,    11.631,
 294, 777, 295, 295, 350.512, 55.512, 10000, 0, 350.512, 353.607, 3.095, 1009, 353.607, 355.942, 2.335, 10000, 0, 355.942, 357.863, 1.921, 1500, 357.863, 359.543, 1.68, 7000, 0, 359.543, 361.647, 2.104, 1050, 361.647, 363.105, 1.458, 9000, 0,    11.135,
 295, 777, 296, 296, 351.549, 55.549, 9000, 0, 351.549, 356.37, 4.82, 968, 356.37, 357.364, 0.994, 9000, 0, 357.364, 358.798, 1.435, 1350, 358.798, 360.54, 1.742, 6000, 0, 360.54, 362.46, 1.921, 900, 362.46, 364.024, 1.563, 8000, 0,    10.911,
 296, 777, 297, 297, 352.91, 55.91, 11000, 0, 352.91, 356.78, 3.87, 1179, 356.78, 358.541, 1.762, 11000, 0, 358.541, 360.635, 2.093, 1650, 360.635, 361.887, 1.253, 8000, 0, 361.887, 364.042, 2.154, 1200, 364.042, 365.256, 1.214, 10000, 0,    11.132,
 306, 777, 307, 307, 365.276, 58.276, 9000, 0, 365.276, 365.276, 0, 988,TimeOut
 297, 777, 298, 298, 354.25, 56.25, 10000, 0, 354.25, 360.625, 6.374, 1071, 360.625, 361.827, 1.202, 10000, 0, 361.827, 364.324, 2.498, 1500, 364.324, 365.507, 1.183, 7000, 0, 365.507, 368.709, 3.202, 1050, 368.709, 369.646, 0.937, 9000, 0,    14.459,
 298, 777, 299, 299, 355.679, 56.679, 11000, 0, 355.679, 361.239, 5.56, 1178, 361.239, 363.123, 1.885, 11000, 0, 363.123, 365.866, 2.743, 1650, 365.866, 367.126, 1.259, 8000, 0, 367.126, 370.783, 3.658, 1200, 370.783, 371.88, 1.097, 10000, 0,    15.104,
 299, 777, 300, 300, 356.82, 56.82, 10000, 0, 356.82, 362.43, 5.611, 1080, 362.43, 364.275, 1.845, 10000, 0, 364.275, 366.57, 2.294, 1500, 366.57, 368.211, 1.642, 7000, 0, 368.211, 371.658, 3.446, 1050, 371.658, 372.859, 1.202, 9000, 0,    14.838,
 309, 777, 310, 310, 368.82, 58.82, 11000, 0, 368.82, 371.586, 2.766, 1102, 371.586, 373.079, 1.492, 11000, 0, 373.079, 373.079, 0, 1650,TimeOut
 310, 777, 311, 311, 369.851, 58.851, 8000, 0, 369.851, 371.629, 1.779, 866, 371.629, 374.035, 2.405, 8000, 0, 374.035, 374.035, 0, 1200,TimeOut
 300, 777, 301, 301, 358.263, 57.263, 10000, 0, 358.263, 362.924, 4.661, 1055, 362.924, 365.425, 2.501, 10000, 0, 365.425, 368.328, 2.903, 1500, 368.328, 369.33, 1.001, 7000, 0, 369.33, 373.483, 4.153, 1050, 373.483, 374.493, 1.01, 9000, 0,    15.220,
 303, 777, 304, 304, 361.918, 57.918, 8000, 0, 361.918, 365.445, 3.528, 895, 365.445, 366.409, 0.964, 8000, 0, 366.409, 368.581, 2.172, 1200, 368.581, 370.297, 1.716, 6000, 0, 370.297, 374.351, 4.054, 900, 374.351, 375.474, 1.123, 8000, 0,    12.433,
 304, 777, 305, 305, 362.874, 57.874, 8000, 0, 362.874, 367.442, 4.568, 873, 367.442, 368.571, 1.129, 8000, 0, 368.571, 370.445, 1.874, 1200, 370.445, 371.417, 0.972, 6000, 0, 371.417, 375.727, 4.31, 900, 375.727, 376.583, 0.856, 8000, 0,    12.853,
 302, 777, 303, 303, 360.961, 57.961, 11000, 0, 360.961, 365.465, 4.504, 1192, 365.465, 367.569, 2.103, 11000, 0, 367.569, 370.837, 3.268, 1650, 370.837, 372.683, 1.846, 8000, 0, 372.683, 377.253, 4.57, 1200, 377.253, 378.423, 1.17, 10000, 0,    16.292,
 305, 777, 306, 306, 364.109, 58.109, 9000, 0, 364.109, 367.599, 3.49, 968, 367.599, 369.644, 2.045, 9000, 0, 369.644, 374.381, 4.737, 1350, 374.381, 375.336, 0.956, 6000, 0, 375.336, 377.888, 2.552, 900, 377.888, 379.409, 1.52, 8000, 0,    13.779,
 307, 777, 308, 308, 366.182, 58.182, 8000, 0, 366.182, 369.33, 3.147, 886, 369.33, 370.529, 1.2, 8000, 0, 370.529, 374.715, 4.185, 1200, 374.715, 376.311, 1.596, 6000, 0, 376.311, 379.965, 3.654, 900, 379.965, 380.968, 1.004, 8000, 0,    13.782,
 308, 777, 309, 309, 367.466, 58.466, 10000, 0, 367.466, 369.849, 2.383, 1032, 369.849, 371.744, 1.895, 10000, 0, 371.744, 377.537, 5.794, 1500, 377.537, 378.627, 1.09, 7000, 0, 378.627, 380.976, 2.349, 1050, 380.976, 381.938, 0.962, 9000, 0,    13.510,
 311, 777, 312, 312, 371.144, 59.144, 10000, 0, 371.144, 374.429, 3.285, 1075, 374.429, 375.633, 1.204, 10000, 0, 375.633, 377.985, 2.352, 1500, 377.985, 379.711, 1.725, 7000, 0, 379.711, 381.614, 1.903, 1050, 381.614, 382.966, 1.352, 9000, 0,    10.470,
 321, 777, 322, 322, 384.292, 62.292, 10000, 0, 384.292, 384.292, 0, 1011,TimeOut
 312, 777, 313, 313, 372.545, 59.545, 11000, 0, 372.545, 375.901, 3.355, 1137, 375.901, 377.182, 1.281, 11000, 0, 377.182, 380.116, 2.934, 1650, 380.116, 381.383, 1.268, 8000, 0, 381.383, 384.527, 3.143, 1200, 384.527, 385.7, 1.173, 10000, 0,    11.981,
 313, 777, 314, 314, 373.956, 59.956, 10000, 0, 373.956, 377.61, 3.654, 1068, 377.61, 378.746, 1.137, 10000, 0, 378.746, 382.097, 3.351, 1500, 382.097, 383.205, 1.108, 7000, 0, 383.205, 386.08, 2.875, 1050, 386.08, 387.181, 1.101, 9000, 0,    12.125,
 314, 777, 315, 315, 375.317, 60.317, 11000, 0, 375.317, 379.883, 4.565, 1118, 379.883, 381.125, 1.242, 11000, 0, 381.125, 383.731, 2.606, 1650, 383.731, 384.975, 1.244, 8000, 0, 384.975, 388.081, 3.105, 1200, 388.081, 389.239, 1.159, 10000, 0,    12.763,
 320, 777, 321, 321, 383.124, 62.124, 10000, 0, 383.124, 388.111, 4.987, 1056, 388.111, 389.543, 1.432, 10000, 0, 389.543, 389.543, 0, 1500,TimeOut
 315, 777, 316, 316, 376.684, 60.684, 11000, 0, 376.684, 381.193, 4.509, 1195, 381.193, 382.459, 1.266, 11000, 0, 382.459, 384.594, 2.136, 1650, 384.594, 386.151, 1.557, 8000, 0, 386.151, 389.122, 2.971, 1200, 389.122, 390.457, 1.335, 10000, 0,    12.438,
 316, 777, 317, 317, 377.965, 60.965, 11000, 0, 377.965, 382.168, 4.203, 1167, 382.168, 383.764, 1.596, 11000, 0, 383.764, 386.08, 2.316, 1650, 386.08, 387.527, 1.447, 8000, 0, 387.527, 389.748, 2.22, 1200, 389.748, 391.708, 1.96, 10000, 0,    11.783,
 317, 777, 318, 318, 379.27, 61.27, 10000, 0, 379.27, 384.772, 5.501, 1019, 384.772, 385.856, 1.084, 10000, 0, 385.856, 389.854, 3.998, 1500, 389.854, 390.974, 1.12, 7000, 0, 390.974, 392.949, 1.975, 1050, 392.949, 393.916, 0.967, 9000, 0,    13.679,
 318, 777, 319, 319, 380.598, 61.598, 9000, 0, 380.598, 386.277, 5.68, 979, 386.277, 387.426, 1.149, 9000, 0, 387.426, 390.545, 3.119, 1350, 390.545, 392.039, 1.494, 6000, 0, 392.039, 393.29, 1.251, 900, 393.29, 394.834, 1.544, 8000, 0,    12.692,
 319, 777, 320, 320, 381.889, 61.889, 9000, 0, 381.889, 387.281, 5.391, 936, 387.281, 388.414, 1.134, 9000, 0, 388.414, 391.843, 3.428, 1350, 391.843, 392.936, 1.094, 6000, 0, 392.936, 394.714, 1.778, 900, 394.714, 395.763, 1.049, 8000, 0,    12.825,
 328, 777, 329, 329, 393.432, 64.432, 9000, 0, 393.432, 396.538, 3.106, 933, 396.538, 397.57, 1.033, 9000, 0, 397.57, 397.57, 0, 1350,TimeOut
 322, 777, 323, 323, 385.39, 62.39, 9000, 0, 385.39, 388.687, 3.297, 913, 388.687, 390.535, 1.849, 9000, 0, 390.535, 393.823, 3.288, 1350, 393.823, 394.712, 0.889, 6000, 0, 394.712, 397.815, 3.103, 900, 397.815, 398.718, 0.903, 8000, 0,    12.425,
 323, 777, 324, 324, 386.621, 62.621, 10000, 0, 386.621, 390.555, 3.935, 1096, 390.555, 391.651, 1.095, 10000, 0, 391.651, 395.044, 3.393, 1500, 395.044, 396.278, 1.234, 7000, 0, 396.278, 399.44, 3.162, 1050, 399.44, 400.49, 1.05, 9000, 0,    12.819,
 324, 777, 325, 325, 388.111, 63.111, 10000, 0, 388.111, 391.027, 2.917, 1046, 391.027, 392.8, 1.772, 10000, 0, 392.8, 395.611, 2.811, 1500, 395.611, 397.292, 1.681, 7000, 0, 397.292, 399.863, 2.572, 1050, 399.863, 401.41, 1.547, 9000, 0,    11.753,
 325, 777, 326, 326, 389.561, 63.561, 11000, 0, 389.561, 392.939, 3.379, 1172, 392.939, 394.102, 1.163, 11000, 0, 394.102, 397.775, 3.673, 1650, 397.775, 399.088, 1.313, 8000, 0, 399.088, 401.148, 2.06, 1200, 401.148, 402.563, 1.415, 10000, 0,    11.587,
 326, 777, 327, 327, 390.789, 63.789, 10000, 0, 390.789, 393.162, 2.373, 1006, 393.162, 395.168, 2.006, 10000, 0, 395.168, 398.513, 3.346, 1500, 398.513, 400.233, 1.719, 7000, 0, 400.233, 402.29, 2.057, 1050, 402.29, 403.661, 1.371, 9000, 0,    11.501,
 337, 777, 338, 338, 404.282, 66.282, 11000, 0, 404.282, 404.282, 0, 1128,TimeOut
 327, 777, 328, 328, 392.037, 64.037, 9000, 0, 392.037, 394.551, 2.513, 909, 394.551, 396.267, 1.716, 9000, 0, 396.267, 399.486, 3.22, 1350, 399.486, 401.114, 1.628, 6000, 0, 401.114, 402.943, 1.829, 900, 402.943, 404.552, 1.609, 8000, 0,    10.906,
 338, 777, 339, 339, 405.393, 66.393, 9000, 0, 405.393, 405.393, 0, 912,TimeOut
 329, 777, 330, 330, 394.674, 64.674, 10000, 0, 394.674, 398.87, 4.196, 1011, 398.87, 400.12, 1.25, 10000, 0, 400.12, 401.691, 1.57, 1500, 401.691, 402.813, 1.122, 7000, 0, 402.813, 405.206, 2.394, 1050, 405.206, 406.147, 0.941, 9000, 0,    10.532,
 331, 777, 332, 332, 397.41, 65.41, 10000, 0, 397.41, 401.613, 4.203, 1018, 401.613, 402.782, 1.169, 10000, 0, 402.782, 405.079, 2.296, 1500, 405.079, 406.227, 1.148, 7000, 0, 406.227, 408.249, 2.022, 1050, 408.249, 409.318, 1.069, 9000, 0,    10.839,
 330, 777, 331, 331, 396.018, 65.018, 11000, 0, 396.018, 399.974, 3.956, 1145, 399.974, 401.392, 1.418, 11000, 0, 401.392, 403.849, 2.457, 1650, 403.849, 405.165, 1.316, 8000, 0, 405.165, 408.369, 3.204, 1200, 408.369, 410.48, 2.111, 10000, 0,    12.351,
 332, 777, 333, 333, 398.46, 65.46, 9000, 0, 398.46, 402.595, 4.135, 936, 402.595, 403.849, 1.253, 9000, 0, 403.849, 405.656, 1.807, 1350, 405.656, 407.16, 1.504, 6000, 0, 407.16, 410.425, 3.264, 900, 410.425, 411.379, 0.955, 8000, 0,    11.964,
 333, 777, 334, 334, 399.732, 65.732, 11000, 0, 399.732, 406.338, 6.605, 1188, 406.338, 407.665, 1.328, 11000, 0, 407.665, 410.635, 2.97, 1650, 410.635, 411.823, 1.188, 8000, 0, 411.823, 414.872, 3.049, 1200, 414.872, 416.08, 1.208, 10000, 0,    15.140,
 334, 777, 335, 335, 400.93, 65.93, 9000, 0, 400.93, 406.603, 5.672, 964, 406.603, 408.685, 2.082, 9000, 0, 408.685, 410.986, 2.301, 1350, 410.986, 412.769, 1.783, 6000, 0, 412.769, 415.051, 2.282, 900, 415.051, 417.015, 1.964, 8000, 0,    14.120,
 335, 777, 336, 336, 401.865, 65.865, 8000, 0, 401.865, 408.108, 6.243, 874, 408.108, 409.655, 1.547, 8000, 0, 409.655, 412.092, 2.437, 1200, 412.092, 413.7, 1.608, 6000, 0, 413.7, 416.419, 2.719, 900, 416.419, 417.825, 1.406, 8000, 0,    14.554,
 336, 777, 337, 337, 402.958, 65.958, 9000, 0, 402.958, 408.685, 5.726, 980, 408.685, 410.592, 1.908, 9000, 0, 410.592, 412.485, 1.893, 1350, 412.485, 414.637, 2.152, 6000, 0, 414.637, 416.618, 1.98, 900, 416.618, 418.83, 2.212, 8000, 0,    13.659,
 339, 777, 340, 340, 406.618, 66.618, 9000, 0, 406.618, 410.874, 4.257, 987, 410.874, 411.986, 1.112, 9000, 0, 411.986, 413.767, 1.78, 1350, 413.767, 415.571, 1.804, 6000, 0, 415.571, 417.828, 2.257, 900, 417.828, 419.737, 1.909, 8000, 0,    11.210,
 340, 777, 341, 341, 407.678, 66.678, 8000, 0, 407.678, 411.04, 3.362, 842, 411.04, 412.896, 1.856, 8000, 0, 412.896, 414.205, 1.309, 1200, 414.205, 416.533, 2.328, 6000, 0, 416.533, 418.01, 1.477, 900, 418.01, 420.642, 2.632, 8000, 0,    10.332,
 341, 777, 342, 342, 408.714, 66.714, 9000, 0, 408.714, 412.906, 4.192, 970, 412.906, 414.046, 1.139, 9000, 0, 414.046, 415.704, 1.658, 1350, 415.704, 417.376, 1.672, 6000, 0, 417.376, 419.983, 2.606, 900, 419.983, 421.548, 1.565, 8000, 0,    11.269,
 342, 777, 343, 343, 410.07, 67.07, 10000, 0, 410.07, 413.188, 3.118, 1025, 413.188, 415.373, 2.185, 10000, 0, 415.373, 417.796, 2.424, 1500, 417.796, 418.925, 1.128, 7000, 0, 418.925, 421, 2.075, 1050, 421, 422.584, 1.584, 9000, 0,    10.930,
 343, 777, 344, 344, 411.043, 67.043, 8000, 0, 411.043, 414.586, 3.542, 807, 414.586, 416.313, 1.727, 8000, 0, 416.313, 418.301, 1.988, 1200, 418.301, 419.831, 1.53, 6000, 0, 419.831, 421.489, 1.658, 900, 421.489, 423.467, 1.978, 8000, 0,    10.445,
 344, 777, 345, 345, 412.152, 67.152, 9000, 0, 412.152, 415.061, 2.909, 996, 415.061, 417.384, 2.324, 9000, 0, 417.384, 419.265, 1.881, 1350, 419.265, 420.734, 1.468, 6000, 0, 420.734, 422.542, 1.808, 900, 422.542, 424.378, 1.836, 8000, 0,    10.390,
 345, 777, 346, 346, 413.256, 67.256, 9000, 0, 413.256, 416.078, 2.823, 941, 416.078, 418.474, 2.396, 9000, 0, 418.474, 420.102, 1.628, 1350, 420.102, 421.687, 1.584, 6000, 0, 421.687, 423.633, 1.947, 900, 423.633, 425.293, 1.66, 8000, 0,    10.378,
 346, 777, 347, 347, 414.438, 67.438, 9000, 0, 414.438, 416.491, 2.054, 907, 416.491, 419.48, 2.989, 9000, 0, 419.48, 421.284, 1.804, 1350, 421.284, 422.633, 1.348, 6000, 0, 422.633, 425.329, 2.696, 900, 425.329, 426.283, 0.954, 8000, 0,    10.891,
 347, 777, 348, 348, 415.623, 67.623, 10000, 0, 415.623, 417.763, 2.14, 1095, 417.763, 420.68, 2.918, 10000, 0, 420.68, 422.508, 1.828, 1500, 422.508, 423.706, 1.198, 7000, 0, 423.706, 426.391, 2.685, 1050, 426.391, 427.418, 1.026, 9000, 0,    10.768,
 348, 777, 349, 349, 416.971, 67.971, 10000, 0, 416.971, 418.859, 1.888, 1053, 418.859, 421.864, 3.005, 10000, 0, 421.864, 424.019, 2.155, 1500, 424.019, 425.276, 1.257, 7000, 0, 425.276, 427.196, 1.92, 1050, 427.196, 428.385, 1.19, 9000, 0,    10.225,
 349, 777, 350, 350, 418.129, 68.129, 8000, 0, 418.129, 420.509, 2.379, 827, 420.509, 422.783, 2.275, 8000, 0, 422.783, 425.148, 2.365, 1200, 425.148, 426.128, 0.98, 6000, 0, 426.128, 428.023, 1.895, 900, 428.023, 429.307, 1.284, 8000, 0,     9.894,
 350, 777, 351, 351, 419.204, 68.204, 8000, 0, 419.204, 421.81, 2.606, 802, 421.81, 423.714, 1.904, 8000, 0, 423.714, 426.056, 2.342, 1200, 426.056, 427.082, 1.025, 6000, 0, 427.082, 429.949, 2.867, 900, 429.949, 430.849, 0.901, 8000, 0,    10.744,
 351, 777, 352, 352, 420.36, 68.36, 8000, 0, 420.36, 422.773, 2.413, 837, 422.773, 424.725, 1.951, 8000, 0, 424.725, 426.423, 1.698, 1200, 426.423, 427.982, 1.559, 6000, 0, 427.982, 430.638, 2.656, 900, 430.638, 431.767, 1.13, 8000, 0,    10.278,
 352, 777, 353, 353, 421.284, 68.284, 8000, 0, 421.284, 424.667, 3.383, 866, 424.667, 425.566, 0.899, 8000, 0, 425.566, 427.287, 1.721, 1200, 427.287, 429.031, 1.744, 6000, 0, 429.031, 431.615, 2.585, 900, 431.615, 432.721, 1.106, 8000, 0,    10.331,
 353, 777, 354, 354, 422.294, 68.294, 8000, 0, 422.294, 425.028, 2.734, 869, 425.028, 426.527, 1.499, 8000, 0, 426.527, 427.96, 1.433, 1200, 427.96, 430.049, 2.089, 6000, 0, 430.049, 432.342, 2.293, 900, 432.342, 433.629, 1.286, 8000, 0,    10.048,
 354, 777, 355, 355, 423.623, 68.623, 10000, 0, 423.623, 426.688, 3.064, 1074, 426.688, 427.91, 1.223, 10000, 0, 427.91, 429.949, 2.038, 1500, 429.949, 431.05, 1.102, 7000, 0, 431.05, 433.673, 2.622, 1050, 433.673, 434.673, 1.001, 9000, 0,    10.049,
 355, 777, 356, 356, 425.07, 69.07, 10000, 0, 425.07, 427.477, 2.407, 1043, 427.477, 429.272, 1.794, 10000, 0, 429.272, 431.636, 2.364, 1500, 431.636, 432.816, 1.18, 7000, 0, 432.816, 434.585, 1.77, 1050, 434.585, 435.683, 1.098, 9000, 0,     9.515,
 364, 777, 365, 365, 436.283, 71.283, 9000, 0, 436.283, 436.283, 0, 904,TimeOut
 356, 777, 357, 357, 426.402, 69.402, 10000, 0, 426.402, 429.406, 3.005, 1046, 429.406, 430.55, 1.144, 10000, 0, 430.55, 432.439, 1.888, 1500, 432.439, 433.844, 1.405, 7000, 0, 433.844, 435.427, 1.583, 1050, 435.427, 436.756, 1.329, 9000, 0,     9.025,
 357, 777, 358, 358, 427.85, 69.85, 10000, 0, 427.85, 430.539, 2.689, 1023, 430.539, 431.626, 1.087, 10000, 0, 431.626, 433.512, 1.887, 1500, 433.512, 435.02, 1.508, 7000, 0, 435.02, 437.291, 2.271, 1050, 437.291, 438.296, 1.005, 9000, 0,     9.441,
 358, 777, 359, 359, 428.852, 69.852, 8000, 0, 428.852, 433.119, 4.268, 835, 433.119, 433.96, 0.841, 8000, 0, 433.96, 436.369, 2.408, 1200, 436.369, 437.349, 0.98, 6000, 0, 437.349, 438.716, 1.367, 900, 438.716, 439.617, 0.901, 8000, 0,     9.864,
 359, 777, 360, 360, 430.224, 70.224, 10000, 0, 430.224, 434.386, 4.162, 1036, 434.386, 435.553, 1.166, 10000, 0, 435.553, 438.221, 2.669, 1500, 438.221, 439.276, 1.054, 7000, 0, 439.276, 441.876, 2.6, 1050, 441.876, 442.958, 1.082, 9000, 0,    11.652,
 360, 777, 361, 361, 431.462, 70.462, 10000, 0, 431.462, 436.894, 5.432, 1072, 436.894, 438.106, 1.211, 10000, 0, 438.106, 439.676, 1.571, 1500, 439.676, 440.714, 1.038, 7000, 0, 440.714, 443.652, 2.938, 1050, 443.652, 444.666, 1.014, 9000, 0,    12.190,
 361, 777, 362, 362, 432.709, 70.709, 10000, 0, 432.709, 438.169, 5.46, 1042, 438.169, 439.306, 1.137, 10000, 0, 439.306, 440.797, 1.491, 1500, 440.797, 441.88, 1.084, 7000, 0, 441.88, 444.412, 2.531, 1050, 444.412, 445.718, 1.306, 9000, 0,    11.703,
 362, 777, 363, 363, 434.046, 71.046, 11000, 0, 434.046, 438.999, 4.953, 1128, 438.999, 440.557, 1.559, 11000, 0, 440.557, 443.228, 2.671, 1650, 443.228, 444.558, 1.329, 8000, 0, 444.558, 447.775, 3.217, 1200, 447.775, 448.934, 1.16, 10000, 0,    13.729,
 371, 777, 372, 372, 444.569, 72.569, 8000, 0, 444.569, 447.487, 2.917, 874, 447.487, 449.475, 1.988, 8000, 0, 449.475, 449.475, 0, 1200,TimeOut
 363, 777, 364, 364, 435.224, 71.224, 10000, 0, 435.224, 439.779, 4.555, 1092, 439.779, 441.688, 1.909, 10000, 0, 441.688, 444.509, 2.821, 1500, 444.509, 445.623, 1.114, 7000, 0, 445.623, 448.063, 2.44, 1050, 448.063, 449.91, 1.847, 9000, 0,    12.840,
 366, 777, 367, 367, 438.979, 71.979, 9000, 0, 438.979, 441.364, 2.385, 956, 441.364, 444.109, 2.746, 9000, 0, 444.109, 446.366, 2.257, 1350, 446.366, 447.965, 1.6, 6000, 0, 447.965, 449.277, 1.312, 900, 449.277, 450.849, 1.572, 8000, 0,    10.299,
 365, 777, 366, 366, 437.757, 71.757, 11000, 0, 437.757, 440.863, 3.106, 1116, 440.863, 443.096, 2.233, 11000, 0, 443.096, 445.799, 2.703, 1650, 445.799, 447.08, 1.28, 8000, 0, 447.08, 449.381, 2.302, 1200, 449.381, 452.037, 2.656, 10000, 0,    11.624,
 367, 777, 368, 368, 440.147, 72.147, 10000, 0, 440.147, 442.699, 2.552, 1044, 442.699, 445.265, 2.566, 10000, 0, 445.265, 447.923, 2.658, 1500, 447.923, 448.957, 1.034, 7000, 0, 448.957, 451.047, 2.09, 1050, 451.047, 453.028, 1.98, 9000, 0,    10.900,
 368, 777, 369, 369, 441.322, 72.322, 10000, 0, 441.322, 444.237, 2.914, 1020, 444.237, 446.366, 2.129, 10000, 0, 446.366, 449.505, 3.139, 1500, 449.505, 450.551, 1.046, 7000, 0, 450.551, 452.076, 1.525, 1050, 452.076, 454.047, 1.971, 9000, 0,    10.754,
 369, 777, 370, 370, 442.411, 72.411, 9000, 0, 442.411, 446.176, 3.765, 996, 446.176, 447.395, 1.219, 9000, 0, 447.395, 450.382, 2.987, 1350, 450.382, 451.451, 1.068, 6000, 0, 451.451, 452.72, 1.269, 900, 452.72, 454.919, 2.199, 8000, 0,    10.308,
 370, 777, 371, 371, 443.642, 72.642, 10000, 0, 443.642, 446.718, 3.076, 1003, 446.718, 448.514, 1.796, 10000, 0, 448.514, 451.371, 2.856, 1500, 451.371, 452.539, 1.169, 7000, 0, 452.539, 454.375, 1.836, 1050, 454.375, 455.949, 1.573, 9000, 0,    10.733,
 372, 777, 373, 373, 445.591, 72.591, 8000, 0, 445.591, 448.233, 2.642, 855, 448.233, 450.372, 2.139, 8000, 0, 450.372, 452.873, 2.5, 1200, 452.873, 453.802, 0.929, 6000, 0, 453.802, 455.167, 1.365, 900, 455.167, 456.827, 1.66, 8000, 0,     9.576,
 373, 777, 374, 374, 446.649, 72.649, 8000, 0, 446.649, 449.485, 2.836, 887, 449.485, 451.309, 1.825, 8000, 0, 451.309, 453.564, 2.254, 1200, 453.564, 454.781, 1.217, 6000, 0, 454.781, 456.992, 2.211, 900, 456.992, 457.89, 0.898, 8000, 0,    10.344,
 374, 777, 375, 375, 447.713, 72.713, 8000, 0, 447.713, 450.097, 2.384, 853, 450.097, 452.237, 2.14, 8000, 0, 452.237, 454.669, 2.432, 1200, 454.669, 455.692, 1.023, 6000, 0, 455.692, 457.944, 2.252, 900, 457.944, 458.781, 0.838, 8000, 0,    10.230,
 375, 777, 376, 376, 449.08, 73.08, 11000, 0, 449.08, 452.391, 3.311, 1140, 452.391, 453.78, 1.389, 11000, 0, 453.78, 456.58, 2.8, 1650, 456.58, 457.89, 1.31, 8000, 0, 457.89, 460.045, 2.155, 1200, 460.045, 461.274, 1.229, 10000, 0,    10.965,
 376, 777, 377, 377, 450.285, 73.285, 11000, 0, 450.285, 453.036, 2.75, 1181, 453.036, 454.985, 1.95, 11000, 0, 454.985, 457.272, 2.287, 1650, 457.272, 459.173, 1.901, 8000, 0, 459.173, 461.064, 1.891, 1200, 461.064, 462.456, 1.392, 10000, 0,    10.778,
 377, 777, 378, 378, 451.65, 73.65, 11000, 0, 451.65, 454.749, 3.099, 1151, 454.749, 456.175, 1.426, 11000, 0, 456.175, 459.461, 3.286, 1650, 459.461, 460.711, 1.25, 8000, 0, 460.711, 462.381, 1.67, 1200, 462.381, 463.602, 1.221, 10000, 0,    10.731,
 378, 777, 379, 379, 452.853, 73.853, 10000, 0, 452.853, 455.604, 2.752, 1054, 455.604, 457.308, 1.703, 10000, 0, 457.308, 459.722, 2.414, 1500, 459.722, 461.748, 2.026, 7000, 0, 461.748, 463.308, 1.56, 1050, 463.308, 464.619, 1.311, 9000, 0,    10.456,
 379, 777, 380, 380, 453.936, 73.936, 9000, 0, 453.936, 457.217, 3.281, 964, 457.217, 458.269, 1.053, 9000, 0, 458.269, 461.478, 3.209, 1350, 461.478, 462.696, 1.217, 6000, 0, 462.696, 464.071, 1.376, 900, 464.071, 465.529, 1.458, 8000, 0,    10.135,
 380, 777, 381, 381, 455.097, 74.097, 8000, 0, 455.097, 457.475, 2.378, 829, 457.475, 459.161, 1.686, 8000, 0, 459.161, 461.543, 2.381, 1200, 461.543, 463.662, 2.12, 6000, 0, 463.662, 465.26, 1.598, 900, 465.26, 466.373, 1.113, 8000, 0,    10.163,
 381, 777, 382, 382, 456.391, 74.391, 10000, 0, 456.391, 458.887, 2.496, 1055, 458.887, 460.365, 1.478, 10000, 0, 460.365, 463.348, 2.984, 1500, 463.348, 464.786, 1.437, 7000, 0, 464.786, 467.183, 2.397, 1050, 467.183, 468.208, 1.025, 9000, 0,    10.792,
 382, 777, 383, 383, 457.934, 74.934, 11000, 0, 457.934, 459.953, 2.019, 1189, 459.953, 461.664, 1.711, 11000, 0, 461.664, 463.704, 2.041, 1650, 463.704, 466.066, 2.361, 8000, 0, 466.066, 469.41, 3.344, 1200, 469.41, 470.63, 1.22, 10000, 0,    11.476,
 383, 777, 384, 384, 459.322, 75.322, 10000, 0, 459.322, 461.797, 2.475, 1010, 461.797, 463.03, 1.233, 10000, 0, 463.03, 466.034, 3.004, 1500, 466.034, 467.153, 1.119, 7000, 0, 467.153, 470.017, 2.864, 1050, 470.017, 471.688, 1.671, 9000, 0,    10.694,
 384, 777, 385, 385, 460.292, 75.292, 8000, 0, 460.292, 462.424, 2.131, 825, 462.424, 464.019, 1.595, 8000, 0, 464.019, 466.438, 2.419, 1200, 466.438, 468.069, 1.631, 6000, 0, 468.069, 471.113, 3.044, 900, 471.113, 472.684, 1.571, 8000, 0,    10.821,
 385, 777, 386, 386, 461.711, 75.711, 11000, 0, 461.711, 465.974, 4.263, 1195, 465.974, 467.173, 1.199, 11000, 0, 467.173, 469.59, 2.417, 1650, 469.59, 470.805, 1.214, 8000, 0, 470.805, 472.991, 2.186, 1200, 472.991, 474.216, 1.226, 10000, 0,    11.280,
 386, 777, 387, 387, 462.821, 75.821, 9000, 0, 462.821, 466.612, 3.792, 925, 466.612, 468.272, 1.66, 9000, 0, 468.272, 470.496, 2.224, 1350, 470.496, 471.74, 1.244, 6000, 0, 471.74, 473.582, 1.842, 900, 473.582, 475.014, 1.431, 8000, 0,    10.762,
 387, 777, 388, 388, 464.043, 76.043, 10000, 0, 464.043, 468.27, 4.227, 1042, 468.27, 469.456, 1.186, 10000, 0, 469.456, 471.989, 2.533, 1500, 471.989, 473.04, 1.051, 7000, 0, 473.04, 475.015, 1.975, 1050, 475.015, 476.07, 1.055, 9000, 0,    10.972,
 388, 777, 389, 389, 465.136, 76.136, 9000, 0, 465.136, 468.782, 3.646, 953, 468.782, 470.444, 1.662, 9000, 0, 470.444, 472.372, 1.928, 1350, 472.372, 473.983, 1.611, 6000, 0, 473.983, 475.873, 1.89, 900, 475.873, 477.146, 1.273, 8000, 0,    10.738,
 389, 777, 390, 390, 466.336, 76.336, 10000, 0, 466.336, 469.902, 3.566, 1028, 469.902, 471.598, 1.696, 10000, 0, 471.598, 473.522, 1.925, 1500, 473.522, 475.12, 1.597, 7000, 0, 475.12, 476.739, 1.62, 1050, 476.739, 478.157, 1.417, 9000, 0,    10.403,
 390, 777, 391, 391, 467.416, 76.416, 8000, 0, 467.416, 470.269, 2.853, 874, 470.269, 472.517, 2.248, 8000, 0, 472.517, 473.723, 1.207, 1200, 473.723, 476.123, 2.4, 6000, 0, 476.123, 477.761, 1.638, 900, 477.761, 479.06, 1.299, 8000, 0,    10.345,
 391, 777, 392, 392, 468.492, 76.492, 9000, 0, 468.492, 472.387, 3.894, 989, 472.387, 473.61, 1.223, 9000, 0, 473.61, 475.429, 1.819, 1350, 475.429, 477.06, 1.632, 6000, 0, 477.06, 479.321, 2.261, 900, 479.321, 480.218, 0.897, 8000, 0,    10.829,
 392, 777, 393, 393, 469.55, 76.55, 9000, 0, 469.55, 472.627, 3.077, 985, 472.627, 474.535, 1.908, 9000, 0, 474.535, 476.068, 1.533, 1350, 476.068, 477.973, 1.905, 6000, 0, 477.973, 479.883, 1.91, 900, 479.883, 481.177, 1.293, 8000, 0,    10.333,
 394, 777, 395, 395, 472.08, 77.08, 8000, 0, 472.08, 473.867, 1.787, 871, 473.867, 475.321, 1.454, 8000, 0, 475.321, 476.567, 1.245, 1200, 476.567, 479.03, 2.464, 6000, 0, 479.03, 480.72, 1.689, 900, 480.72, 482.114, 1.395, 8000, 0,     8.639,
 393, 777, 394, 394, 471.064, 77.064, 11000, 0, 471.064, 474.113, 3.049, 1187, 474.113, 476.586, 2.472, 11000, 0, 476.586, 478.336, 1.751, 1650, 478.336, 480.289, 1.952, 8000, 0, 480.289, 482.202, 1.914, 1200, 482.202, 483.508, 1.306, 10000, 0,    11.138,
 395, 777, 396, 396, 473.318, 77.318, 10000, 0, 473.318, 475.74, 2.421, 1090, 475.74, 477.755, 2.015, 10000, 0, 477.755, 480.252, 2.497, 1500, 480.252, 481.415, 1.163, 7000, 0, 481.415, 483, 1.585, 1050, 483, 484.487, 1.487, 9000, 0,     9.682,
 396, 777, 397, 397, 474.493, 77.493, 9000, 0, 474.493, 476.261, 1.768, 927, 476.261, 478.924, 2.663, 9000, 0, 478.924, 481.585, 2.661, 1350, 481.585, 482.532, 0.947, 6000, 0, 482.532, 484.859, 2.327, 900, 484.859, 485.788, 0.93, 8000, 0,    10.366,
 397, 777, 398, 398, 475.661, 77.661, 9000, 0, 475.661, 478.069, 2.408, 945, 478.069, 479.883, 1.815, 9000, 0, 479.883, 482.071, 2.188, 1350, 482.071, 483.533, 1.461, 6000, 0, 483.533, 486.121, 2.588, 900, 486.121, 487.039, 0.918, 8000, 0,    10.460,
 398, 777, 399, 399, 476.734, 77.734, 9000, 0, 476.734, 479.901, 3.167, 924, 479.901, 480.894, 0.993, 9000, 0, 480.894, 483.615, 2.721, 1350, 483.615, 484.646, 1.031, 6000, 0, 484.646, 487.433, 2.788, 900, 487.433, 488.395, 0.962, 8000, 0,    10.700,
 409, 777, 411, 411, 489.784, 78.784, 8000, 0, 489.784, 489.784, 0, 846,TimeOut
 399, 777, 400, 400, 477.667, 77.667, 8000, 0, 477.667, 481.777, 4.11, 864, 481.777, 482.733, 0.956, 8000, 0, 482.733, 484.355, 1.622, 1200, 484.355, 485.46, 1.104, 6000, 0, 485.46, 488.903, 3.444, 900, 488.903, 489.945, 1.042, 8000, 0,    11.237,
 400, 777, 402, 402, 478.891, 76.891, 9000, 0, 478.891, 483.113, 4.222, 963, 483.113, 484.119, 1.006, 9000, 0, 484.119, 485.69, 1.571, 1350, 485.69, 486.619, 0.929, 6000, 0, 486.619, 490.758, 4.139, 900, 490.758, 491.646, 0.888, 8000, 0,    11.867,
 401, 777, 403, 403, 480.242, 77.242, 11000, 0, 480.242, 484.074, 3.831, 1144, 484.074, 485.327, 1.253, 11000, 0, 485.327, 487.41, 2.083, 1650, 487.41, 488.743, 1.333, 8000, 0, 488.743, 492.179, 3.436, 1200, 492.179, 493.351, 1.172, 10000, 0,    11.936,
 412, 777, 414, 414, 493.648, 79.648, 9000, 0, 493.648, 493.648, 0, 951,TimeOut
 402, 777, 404, 404, 481.443, 77.443, 9000, 0, 481.443, 484.786, 3.343, 983, 484.786, 486.297, 1.511, 9000, 0, 486.297, 487.91, 1.613, 1350, 487.91, 489.727, 1.817, 6000, 0, 489.727, 492.486, 2.759, 900, 492.486, 494.314, 1.828, 8000, 0,    11.043,
 403, 777, 405, 405, 482.498, 77.498, 9000, 0, 482.498, 485.69, 3.192, 977, 485.69, 487.395, 1.705, 9000, 0, 487.395, 488.719, 1.324, 1350, 488.719, 490.704, 1.985, 6000, 0, 490.704, 493.648, 2.944, 900, 493.648, 495.308, 1.66, 8000, 0,    11.149,
 404, 777, 406, 406, 483.623, 77.623, 9000, 0, 483.623, 487.443, 3.82, 927, 487.443, 488.454, 1.01, 9000, 0, 488.454, 490.148, 1.694, 1350, 490.148, 491.666, 1.518, 6000, 0, 491.666, 493.841, 2.175, 900, 493.841, 496.322, 2.481, 8000, 0,    10.218,
 406, 777, 408, 408, 486.226, 78.226, 8000, 0, 486.226, 491.357, 5.131, 855, 491.357, 492.259, 0.902, 8000, 0, 492.259, 493.851, 1.592, 1200, 493.851, 495.612, 1.761, 6000, 0, 495.612, 498.109, 2.497, 900, 498.109, 499.011, 0.901, 8000, 0,    11.883,
 405, 777, 407, 407, 485.195, 78.195, 11000, 0, 485.195, 490.022, 4.827, 1127, 490.022, 491.276, 1.254, 11000, 0, 491.276, 493.399, 2.123, 1650, 493.399, 494.685, 1.286, 8000, 0, 494.685, 498.885, 4.2, 1200, 498.885, 500.126, 1.241, 10000, 0,    13.690,
 407, 777, 409, 409, 487.407, 78.407, 9000, 0, 487.407, 493.841, 6.434, 959, 493.841, 494.918, 1.077, 9000, 0, 494.918, 497.213, 2.295, 1350, 497.213, 498.189, 0.976, 6000, 0, 498.189, 500.107, 1.919, 900, 500.107, 501.069, 0.961, 8000, 0,    12.701,
 408, 777, 410, 410, 488.674, 78.674, 10000, 0, 488.674, 494.112, 5.437, 1003, 494.112, 496.139, 2.027, 10000, 0, 496.139, 498.402, 2.263, 1500, 498.402, 499.472, 1.07, 7000, 0, 499.472, 500.859, 1.387, 1050, 500.859, 502.12, 1.261, 9000, 0,    12.185,
 410, 777, 412, 412, 491.096, 79.096, 11000, 0, 491.096, 495.795, 4.698, 1160, 495.795, 497.367, 1.572, 11000, 0, 497.367, 499.373, 2.006, 1650, 499.373, 500.68, 1.307, 8000, 0, 500.68, 503.159, 2.479, 1200, 503.159, 504.266, 1.107, 10000, 0,    12.063,
 411, 777, 413, 413, 492.476, 79.476, 10000, 0, 492.476, 495.862, 3.386, 1018, 495.862, 498.397, 2.536, 10000, 0, 498.397, 500.124, 1.727, 1500, 500.124, 501.808, 1.684, 7000, 0, 501.808, 504.78, 2.973, 1050, 504.78, 505.831, 1.051, 9000, 0,    12.304,
 414, 777, 416, 416, 495.785, 79.785, 8000, 0, 495.785, 497.213, 1.428, 865, 497.213, 499.36, 2.147, 8000, 0, 499.36, 500.534, 1.174, 1200, 500.534, 502.751, 2.217, 6000, 0, 502.751, 505.682, 2.931, 900, 505.682, 506.713, 1.031, 8000, 0,     9.898,
 413, 777, 415, 415, 494.793, 79.793, 9000, 0, 494.793, 497.315, 2.521, 986, 497.315, 500.343, 3.028, 9000, 0, 500.343, 501.647, 1.304, 1350, 501.647, 503.691, 2.044, 6000, 0, 503.691, 506.567, 2.875, 900, 506.567, 507.601, 1.034, 8000, 0,    11.773,
 415, 777, 417, 417, 496.672, 79.672, 8000, 0, 496.672, 499.157, 2.485, 878, 499.157, 501.337, 2.18, 8000, 0, 501.337, 502.563, 1.226, 1200, 502.563, 504.665, 2.103, 6000, 0, 504.665, 507.392, 2.726, 900, 507.392, 508.563, 1.172, 8000, 0,    10.720,
 416, 777, 418, 418, 497.96, 79.96, 11000, 0, 497.96, 501.265, 3.305, 1110, 501.265, 502.674, 1.408, 11000, 0, 502.674, 505.079, 2.405, 1650, 505.079, 506.454, 1.375, 8000, 0, 506.454, 508.364, 1.91, 1200, 508.364, 509.778, 1.414, 10000, 0,    10.404,
 417, 777, 419, 419, 499.378, 80.378, 11000, 0, 499.378, 501.934, 2.556, 1126, 501.934, 503.902, 1.968, 11000, 0, 503.902, 506.249, 2.347, 1650, 506.249, 507.753, 1.504, 8000, 0, 507.753, 509.499, 1.746, 1200, 509.499, 510.927, 1.428, 10000, 0,    10.121,
 418, 777, 420, 420, 500.484, 80.484, 9000, 0, 500.484, 504.096, 3.612, 999, 504.096, 505.198, 1.102, 9000, 0, 505.198, 507.11, 1.912, 1350, 507.11, 508.627, 1.517, 6000, 0, 508.627, 510.146, 1.519, 900, 510.146, 511.788, 1.641, 8000, 0,     9.663,
 419, 777, 421, 421, 501.763, 80.763, 10000, 0, 501.763, 505.463, 3.7, 1014, 505.463, 506.523, 1.06, 10000, 0, 506.523, 508.042, 1.519, 1500, 508.042, 509.755, 1.713, 7000, 0, 509.755, 511.786, 2.031, 1050, 511.786, 512.901, 1.115, 9000, 0,    10.023,
 420, 777, 422, 422, 502.881, 80.881, 9000, 0, 502.881, 506.109, 3.228, 920, 506.109, 507.527, 1.418, 9000, 0, 507.527, 508.956, 1.429, 1350, 508.956, 510.715, 1.759, 6000, 0, 510.715, 512.123, 1.408, 900, 512.123, 513.759, 1.636, 8000, 0,     9.242,
 421, 777, 423, 423, 504.256, 81.256, 11000, 0, 504.256, 507.482, 3.226, 1134, 507.482, 508.785, 1.304, 11000, 0, 508.785, 511.237, 2.451, 1650, 511.237, 512.532, 1.295, 8000, 0, 512.532, 515.521, 2.989, 1200, 515.521, 516.667, 1.146, 10000, 0,    11.266,
 422, 777, 424, 424, 505.173, 81.173, 8000, 0, 505.173, 507.781, 2.609, 869, 507.781, 509.776, 1.995, 8000, 0, 509.776, 512.486, 2.709, 1200, 512.486, 513.427, 0.941, 6000, 0, 513.427, 515.813, 2.386, 900, 515.813, 517.644, 1.832, 8000, 0,    10.640,
 423, 777, 425, 425, 506.422, 81.422, 10000, 0, 506.422, 509.326, 2.903, 1026, 509.326, 510.976, 1.65, 10000, 0, 510.976, 514.532, 3.556, 1500, 514.532, 515.626, 1.094, 7000, 0, 515.626, 517.1, 1.474, 1050, 517.1, 518.667, 1.567, 9000, 0,    10.677,
 424, 777, 426, 426, 507.482, 81.482, 9000, 0, 507.482, 509.538, 2.056, 944, 509.538, 511.968, 2.431, 9000, 0, 511.968, 514.707, 2.738, 1350, 514.707, 516.621, 1.914, 6000, 0, 516.621, 518.618, 1.997, 900, 518.618, 519.499, 0.881, 8000, 0,    11.136,
 425, 777, 427, 427, 508.406, 81.406, 8000, 0, 508.406, 511.755, 3.35, 890, 511.755, 512.799, 1.044, 8000, 0, 512.799, 515.77, 2.971, 1200, 515.77, 517.497, 1.727, 6000, 0, 517.497, 519.288, 1.791, 900, 519.288, 520.357, 1.069, 8000, 0,    10.882,
 426, 777, 428, 428, 509.5, 81.5, 9000, 0, 509.5, 512.61, 3.109, 968, 512.61, 513.767, 1.157, 9000, 0, 513.767, 516.029, 2.262, 1350, 516.029, 518.535, 2.506, 6000, 0, 518.535, 520.673, 2.138, 900, 520.673, 521.527, 0.855, 8000, 0,    11.172,
 427, 777, 429, 429, 510.954, 81.954, 11000, 0, 510.954, 515.181, 4.227, 1107, 515.181, 516.399, 1.219, 11000, 0, 516.399, 517.971, 1.572, 1650, 517.971, 519.879, 1.908, 8000, 0, 519.879, 522.713, 2.833, 1200, 522.713, 523.81, 1.098, 10000, 0,    11.759,
 428, 777, 430, 430, 512.178, 82.178, 10000, 0, 512.178, 515.397, 3.219, 1022, 515.397, 517.525, 2.127, 10000, 0, 517.525, 519.125, 1.601, 1500, 519.125, 520.905, 1.78, 7000, 0, 520.905, 522.869, 1.963, 1050, 522.869, 524.977, 2.109, 9000, 0,    10.691,
 429, 777, 431, 431, 513.591, 82.591, 11000, 0, 513.591, 517.006, 3.415, 1159, 517.006, 518.798, 1.792, 11000, 0, 518.798, 521.045, 2.248, 1650, 521.045, 522.207, 1.162, 8000, 0, 522.207, 524.318, 2.111, 1200, 524.318, 526.135, 1.817, 10000, 0,    10.727,
 430, 777, 432, 432, 514.796, 82.796, 10000, 0, 514.796, 517.08, 2.284, 1096, 517.08, 520, 2.92, 10000, 0, 520, 521.854, 1.854, 1500, 521.854, 523.28, 1.425, 7000, 0, 523.28, 525.678, 2.398, 1050, 525.678, 527.137, 1.459, 9000, 0,    10.882,
 431, 777, 433, 433, 515.866, 82.866, 8000, 0, 515.866, 518.618, 2.752, 857, 518.618, 520.895, 2.277, 8000, 0, 520.895, 522.247, 1.352, 1200, 522.247, 524.244, 1.997, 6000, 0, 524.244, 526.445, 2.202, 900, 526.445, 528.075, 1.63, 8000, 0,    10.580,
 432, 777, 434, 434, 516.87, 82.87, 8000, 0, 516.87, 518.65, 1.781, 829, 518.65, 521.939, 3.289, 8000, 0, 521.939, 523.571, 1.631, 1200, 523.571, 525.131, 1.56, 6000, 0, 525.131, 526.826, 1.695, 900, 526.826, 528.923, 2.097, 8000, 0,     9.956,
 439, 777, 441, 441, 525.286, 84.286, 10000, 0, 525.286, 527.712, 2.426, 1085, 527.712, 529.369, 1.657, 10000, 0, 529.369, 529.369, 0, 1500,TimeOut
 433, 777, 435, 435, 517.869, 82.869, 8000, 0, 517.869, 520.834, 2.965, 873, 520.834, 522.824, 1.99, 8000, 0, 522.824, 524.256, 1.432, 1200, 524.256, 525.987, 1.731, 6000, 0, 525.987, 527.776, 1.788, 900, 527.776, 529.884, 2.108, 8000, 0,     9.906,
 434, 777, 436, 436, 518.906, 82.906, 8000, 0, 518.906, 521.267, 2.361, 836, 521.267, 523.893, 2.626, 8000, 0, 523.893, 525.355, 1.462, 1200, 525.355, 526.976, 1.621, 6000, 0, 526.976, 528.512, 1.536, 900, 528.512, 530.801, 2.289, 8000, 0,     9.605,
 435, 777, 437, 437, 520.062, 83.062, 10000, 0, 520.062, 522.621, 2.56, 1091, 522.621, 525.065, 2.443, 10000, 0, 525.065, 527.776, 2.711, 1500, 527.776, 528.953, 1.178, 7000, 0, 528.953, 532.113, 3.16, 1050, 532.113, 533.109, 0.996, 9000, 0,    12.052,
 436, 777, 438, 438, 521.58, 83.58, 11000, 0, 521.58, 523.173, 1.593, 1142, 523.173, 526.279, 3.106, 11000, 0, 526.279, 529.593, 3.314, 1650, 529.593, 530.919, 1.326, 8000, 0, 530.919, 534.429, 3.51, 1200, 534.429, 535.57, 1.142, 10000, 0,    12.849,
 437, 777, 439, 439, 523.006, 84.006, 10000, 0, 523.006, 525.576, 2.57, 1066, 525.576, 527.381, 1.804, 10000, 0, 527.381, 530.474, 3.093, 1500, 530.474, 532.115, 1.642, 7000, 0, 532.115, 534.513, 2.398, 1050, 534.513, 536.693, 2.18, 9000, 0,    11.507,
 438, 777, 440, 440, 524.106, 84.106, 8000, 0, 524.106, 525.924, 1.818, 808, 525.924, 528.309, 2.384, 8000, 0, 528.309, 531.09, 2.781, 1200, 531.09, 533.045, 1.955, 6000, 0, 533.045, 536.175, 3.13, 900, 536.175, 537.679, 1.504, 8000, 0,    12.068,
 440, 777, 442, 442, 526.558, 84.558, 9000, 0, 526.558, 528.602, 2.043, 921, 528.602, 530.356, 1.754, 9000, 0, 530.356, 532.645, 2.289, 1350, 532.645, 533.929, 1.284, 6000, 0, 533.929, 536.326, 2.398, 900, 536.326, 538.627, 2.3, 8000, 0,     9.768,
 442, 777, 444, 444, 528.984, 84.984, 8000, 0, 528.984, 530.8, 1.816, 897, 530.8, 532.345, 1.545, 8000, 0, 532.345, 534.219, 1.874, 1200, 534.219, 535.953, 1.734, 6000, 0, 535.953, 538.378, 2.426, 900, 538.378, 539.615, 1.237, 8000, 0,     9.394,
 441, 777, 443, 443, 527.845, 84.845, 10000, 0, 527.845, 530.012, 2.167, 1094, 530.012, 531.427, 1.414, 10000, 0, 531.427, 533.907, 2.48, 1500, 533.907, 534.994, 1.087, 7000, 0, 534.994, 538.632, 3.638, 1050, 538.632, 540.626, 1.994, 9000, 0,    10.787,
 443, 777, 445, 445, 530.27, 85.27, 10000, 0, 530.27, 532.421, 2.15, 1051, 532.421, 533.605, 1.185, 10000, 0, 533.605, 536.001, 2.395, 1500, 536.001, 537.072, 1.071, 7000, 0, 537.072, 540.435, 3.363, 1050, 540.435, 541.641, 1.206, 9000, 0,    10.165,
 444, 777, 446, 446, 531.566, 85.566, 10000, 0, 531.566, 533.543, 1.976, 1071, 533.543, 534.657, 1.115, 10000, 0, 534.657, 536.824, 2.167, 1500, 536.824, 538.176, 1.352, 7000, 0, 538.176, 540.574, 2.398, 1050, 540.574, 542.659, 2.085, 9000, 0,     9.008,
 445, 777, 447, 447, 532.572, 85.572, 8000, 0, 532.572, 535.084, 2.512, 832, 535.084, 536.143, 1.058, 8000, 0, 536.143, 537.575, 1.432, 1200, 537.575, 539.166, 1.591, 6000, 0, 539.166, 542.081, 2.915, 900, 542.081, 543.618, 1.538, 8000, 0,     9.509,
 446, 777, 448, 448, 533.77, 85.77, 10000, 0, 533.77, 536.717, 2.947, 1004, 536.717, 537.907, 1.19, 10000, 0, 537.907, 539.59, 1.683, 1500, 539.59, 540.673, 1.083, 7000, 0, 540.673, 542.723, 2.05, 1050, 542.723, 544.613, 1.89, 9000, 0,     8.953,
 447, 777, 449, 449, 534.845, 85.845, 9000, 0, 534.845, 537.182, 2.337, 979, 537.182, 539.047, 1.864, 9000, 0, 539.047, 540.469, 1.422, 1350, 540.469, 541.621, 1.151, 6000, 0, 541.621, 543.97, 2.35, 900, 543.97, 545.585, 1.615, 8000, 0,     9.125,
 448, 777, 450, 450, 536.016, 86.016, 10000, 0, 536.016, 538.82, 2.804, 1096, 538.82, 540.19, 1.37, 10000, 0, 540.19, 543.21, 3.02, 1500, 543.21, 544.418, 1.208, 7000, 0, 544.418, 546.788, 2.37, 1050, 546.788, 547.903, 1.115, 9000, 0,    10.772,
 449, 777, 451, 451, 537.315, 86.315, 11000, 0, 537.315, 539.955, 2.64, 1173, 539.955, 541.409, 1.453, 11000, 0, 541.409, 544.393, 2.985, 1650, 544.393, 545.615, 1.222, 8000, 0, 545.615, 548.007, 2.391, 1200, 548.007, 549.27, 1.264, 10000, 0,    10.692,
 450, 777, 452, 452, 538.953, 86.953, 11000, 0, 538.953, 541.527, 2.574, 1137, 541.527, 542.797, 1.27, 11000, 0, 542.797, 545.229, 2.432, 1650, 545.229, 546.889, 1.66, 8000, 0, 546.889, 549.177, 2.287, 1200, 549.177, 550.342, 1.166, 10000, 0,    10.224,
 451, 777, 453, 453, 539.945, 86.945, 9000, 0, 539.945, 542.108, 2.163, 969, 542.108, 543.814, 1.705, 9000, 0, 543.814, 546.212, 2.398, 1350, 546.212, 547.787, 1.575, 6000, 0, 547.787, 550.901, 3.114, 900, 550.901, 551.844, 0.944, 8000, 0,    10.955,
 452, 777, 454, 454, 541.028, 87.028, 10000, 0, 541.028, 544.363, 3.335, 1059, 544.363, 545.573, 1.21, 10000, 0, 545.573, 547.879, 2.306, 1500, 547.879, 549.001, 1.122, 7000, 0, 549.001, 551.752, 2.751, 1050, 551.752, 552.868, 1.116, 9000, 0,    10.724,
 453, 777, 455, 455, 542.351, 87.351, 9000, 0, 542.351, 545.34, 2.989, 972, 545.34, 546.534, 1.194, 9000, 0, 546.534, 548.432, 1.898, 1350, 548.432, 550.027, 1.596, 6000, 0, 550.027, 552.051, 2.024, 900, 552.051, 553.736, 1.685, 8000, 0,     9.700,
 454, 777, 456, 456, 543.384, 87.384, 8000, 0, 543.384, 546.144, 2.759, 811, 546.144, 547.368, 1.224, 8000, 0, 547.368, 549.774, 2.406, 1200, 549.774, 551.026, 1.252, 6000, 0, 551.026, 553.165, 2.139, 900, 553.165, 554.571, 1.406, 8000, 0,     9.780,
 455, 777, 457, 457, 544.62, 87.62, 9000, 0, 544.62, 546.788, 2.167, 955, 546.788, 548.432, 1.644, 9000, 0, 548.432, 550.564, 2.132, 1350, 550.564, 551.99, 1.426, 6000, 0, 551.99, 553.89, 1.9, 900, 553.89, 555.416, 1.525, 8000, 0,     9.270,
 456, 777, 458, 458, 545.696, 87.696, 9000, 0, 545.696, 547.515, 1.819, 957, 547.515, 549.506, 1.992, 9000, 0, 549.506, 551.399, 1.893, 1350, 551.399, 552.993, 1.594, 6000, 0, 552.993, 555.75, 2.757, 900, 555.75, 556.682, 0.932, 8000, 0,    10.054,
 457, 777, 459, 459, 546.66, 87.66, 8000, 0, 546.66, 548.632, 1.972, 842, 548.632, 550.39, 1.758, 8000, 0, 550.39, 552.442, 2.052, 1200, 552.442, 553.949, 1.507, 6000, 0, 553.949, 556.074, 2.125, 900, 556.074, 557.537, 1.463, 8000, 0,     9.414,
 458, 777, 460, 460, 547.749, 87.749, 9000, 0, 547.749, 550.016, 2.267, 953, 550.016, 551.409, 1.393, 9000, 0, 551.409, 554.13, 2.721, 1350, 554.13, 555.051, 0.921, 6000, 0, 555.051, 557.601, 2.55, 900, 557.601, 558.598, 0.997, 8000, 0,     9.851,
 459, 777, 461, 461, 548.999, 87.999, 11000, 0, 548.999, 551.602, 2.603, 1110, 551.602, 552.866, 1.264, 11000, 0, 552.866, 555.526, 2.66, 1650, 555.526, 556.846, 1.319, 8000, 0, 556.846, 559.587, 2.741, 1200, 559.587, 560.724, 1.137, 10000, 0,    10.588,
 460, 777, 462, 462, 550.256, 88.256, 10000, 0, 550.256, 552.307, 2.051, 1040, 552.307, 553.924, 1.617, 10000, 0, 553.924, 556.084, 2.16, 1500, 556.084, 557.927, 1.843, 7000, 0, 557.927, 559.849, 1.922, 1050, 559.849, 561.777, 1.928, 9000, 0,     9.593,
 461, 777, 463, 463, 551.682, 88.682, 10000, 0, 551.682, 554.7, 3.018, 1011, 554.7, 555.937, 1.236, 10000, 0, 555.937, 557.568, 1.632, 1500, 557.568, 559.041, 1.472, 7000, 0, 559.041, 562.625, 3.584, 1050, 562.625, 563.785, 1.16, 9000, 0,    10.943,
 462, 777, 464, 464, 553.081, 89.081, 10000, 0, 553.081, 556.165, 3.084, 1072, 556.165, 557.332, 1.167, 10000, 0, 557.332, 559.129, 1.797, 1500, 559.129, 560.343, 1.214, 7000, 0, 560.343, 563.327, 2.984, 1050, 563.327, 564.765, 1.438, 9000, 0,    10.246,
 464, 777, 466, 466, 555.402, 89.402, 8000, 0, 555.402, 557.386, 1.985, 801, 557.386, 559.565, 2.179, 8000, 0, 559.565, 561.299, 1.734, 1200, 561.299, 563.317, 2.018, 6000, 0, 563.317, 565.563, 2.246, 900, 565.563, 566.489, 0.926, 8000, 0,    10.161,
 463, 777, 465, 465, 554.373, 89.373, 11000, 0, 554.373, 556.863, 2.49, 1199, 556.863, 558.747, 1.884, 11000, 0, 558.747, 561.024, 2.276, 1650, 561.024, 562.274, 1.25, 8000, 0, 562.274, 565.917, 3.644, 1200, 565.917, 567.673, 1.756, 10000, 0,    11.544,
 465, 777, 467, 467, 556.853, 89.853, 11000, 0, 556.853, 559.321, 2.468, 1130, 559.321, 560.785, 1.464, 11000, 0, 560.785, 562.739, 1.954, 1650, 562.739, 564.504, 1.764, 8000, 0, 564.504, 567.738, 3.234, 1200, 567.738, 568.868, 1.131, 10000, 0,    10.884,
 466, 777, 468, 468, 558.131, 90.131, 11000, 0, 558.131, 560.678, 2.547, 1123, 560.678, 562.139, 1.461, 11000, 0, 562.139, 563.747, 1.608, 1650, 563.747, 565.681, 1.934, 8000, 0, 565.681, 568.08, 2.399, 1200, 568.08, 569.976, 1.896, 10000, 0,     9.949,
 477, 777, 479, 479, 571.163, 92.163, 9000, 0, 571.163, 571.163, 0, 955,TimeOut
 467, 777, 469, 469, 559.37, 90.37, 11000, 0, 559.37, 561.58, 2.21, 1117, 561.58, 563.442, 1.863, 11000, 0, 563.442, 565.708, 2.266, 1650, 565.708, 566.992, 1.284, 8000, 0, 566.992, 570.954, 3.962, 1200, 570.954, 572.116, 1.163, 10000, 0,    11.584,
 468, 777, 470, 470, 560.724, 90.724, 11000, 0, 560.724, 563.553, 2.829, 1162, 563.553, 564.808, 1.255, 11000, 0, 564.808, 567.8, 2.993, 1650, 567.8, 569.16, 1.359, 8000, 0, 569.16, 571.791, 2.631, 1200, 571.791, 573.157, 1.367, 10000, 0,    11.067,
 473, 777, 475, 475, 566.797, 91.797, 10000, 0, 566.797, 571.428, 4.631, 1082, 571.428, 573.186, 1.758, 10000, 0, 573.186, 573.186, 0, 1500,TimeOut
 469, 777, 471, 471, 561.873, 90.873, 9000, 0, 561.873, 564.476, 2.603, 981, 564.476, 565.895, 1.419, 9000, 0, 565.895, 568.591, 2.696, 1350, 568.591, 570.136, 1.545, 6000, 0, 570.136, 572.279, 2.143, 900, 572.279, 573.979, 1.7, 8000, 0,    10.406,
 470, 777, 472, 472, 562.946, 90.946, 8000, 0, 562.946, 566.048, 3.102, 839, 566.048, 566.97, 0.922, 8000, 0, 566.97, 569.553, 2.584, 1200, 569.553, 571.038, 1.485, 6000, 0, 571.038, 574.553, 3.515, 900, 574.553, 575.493, 0.941, 8000, 0,    11.607,
 472, 777, 474, 474, 565.592, 91.592, 8000, 0, 565.592, 568.98, 3.389, 842, 568.98, 570.978, 1.998, 8000, 0, 570.978, 573.67, 2.692, 1200, 573.67, 575.407, 1.737, 6000, 0, 575.407, 577.187, 1.78, 900, 577.187, 578.055, 0.868, 8000, 0,    11.595,
 471, 777, 473, 473, 564.376, 91.376, 11000, 0, 564.376, 568.776, 4.4, 1152, 568.776, 570.102, 1.327, 11000, 0, 570.102, 573.196, 3.094, 1650, 573.196, 574.492, 1.296, 8000, 0, 574.492, 577.32, 2.829, 1200, 577.32, 579.243, 1.923, 10000, 0,    12.945,
 474, 777, 476, 476, 567.775, 91.775, 8000, 0, 567.775, 571.193, 3.418, 842, 571.193, 572.123, 0.93, 8000, 0, 572.123, 575.445, 3.322, 1200, 575.445, 576.369, 0.924, 6000, 0, 576.369, 579.149, 2.78, 900, 579.149, 580.08, 0.932, 8000, 0,    11.374,
 475, 777, 477, 477, 568.897, 91.897, 9000, 0, 568.897, 573.155, 4.258, 973, 573.155, 574.205, 1.05, 9000, 0, 574.205, 576.203, 1.998, 1350, 576.203, 577.239, 1.036, 6000, 0, 577.239, 579.281, 2.042, 900, 579.281, 580.928, 1.647, 8000, 0,    10.384,
 476, 777, 478, 478, 569.978, 91.978, 9000, 0, 569.978, 573.393, 3.414, 984, 573.393, 575.175, 1.782, 9000, 0, 575.175, 577.586, 2.411, 1350, 577.586, 578.468, 0.883, 6000, 0, 578.468, 581.02, 2.552, 900, 581.02, 581.942, 0.922, 8000, 0,    11.042,
 478, 777, 480, 480, 572.392, 92.392, 9000, 0, 572.392, 575.253, 2.861, 928, 575.253, 576.297, 1.044, 9000, 0, 576.297, 578.321, 2.024, 1350, 578.321, 579.474, 1.153, 6000, 0, 579.474, 581.383, 1.91, 900, 581.383, 582.83, 1.446, 8000, 0,     8.992,
 479, 777, 481, 481, 573.4, 92.4, 8000, 0, 573.4, 575.536, 2.136, 887, 575.536, 577.187, 1.651, 8000, 0, 577.187, 579.336, 2.149, 1200, 579.336, 580.438, 1.102, 6000, 0, 580.438, 582.461, 2.023, 900, 582.461, 583.76, 1.3, 8000, 0,     9.061,
 480, 777, 482, 482, 574.439, 92.439, 8000, 0, 574.439, 578.012, 3.573, 825, 578.012, 578.91, 0.898, 8000, 0, 578.91, 581.91, 3.001, 1200, 581.91, 582.83, 0.92, 6000, 0, 582.83, 584.933, 2.103, 900, 584.933, 585.815, 0.882, 8000, 0,    10.494,
 481, 777, 483, 483, 575.445, 92.445, 8000, 0, 575.445, 578.429, 2.984, 878, 578.429, 579.826, 1.397, 8000, 0, 579.826, 582.224, 2.398, 1200, 582.224, 583.702, 1.478, 6000, 0, 583.702, 586.798, 3.095, 900, 586.798, 587.707, 0.909, 8000, 0,    11.352,
 482, 777, 484, 484, 576.789, 92.789, 9000, 0, 576.789, 579.763, 2.974, 976, 579.763, 580.869, 1.106, 9000, 0, 580.869, 584.329, 3.46, 1350, 584.329, 585.337, 1.008, 6000, 0, 585.337, 587.904, 2.568, 900, 587.904, 588.84, 0.936, 8000, 0,    11.115,
 484, 777, 486, 486, 579.241, 93.241, 9000, 0, 579.241, 581.038, 1.797, 907, 581.038, 583.347, 2.309, 9000, 0, 583.347, 586.115, 2.768, 1350, 586.115, 587.455, 1.34, 6000, 0, 587.455, 590.013, 2.558, 900, 590.013, 591.037, 1.024, 8000, 0,    10.772,
 483, 777, 485, 485, 578.191, 93.191, 11000, 0, 578.191, 580.249, 2.058, 1134, 580.249, 582.256, 2.006, 11000, 0, 582.256, 585.099, 2.844, 1650, 585.099, 586.482, 1.383, 8000, 0, 586.482, 590.236, 3.754, 1200, 590.236, 592.161, 1.925, 10000, 0,    12.045,
 485, 777, 487, 487, 580.249, 93.249, 8000, 0, 580.249, 581.478, 1.229, 887, 581.478, 584.215, 2.737, 8000, 0, 584.215, 586.904, 2.689, 1200, 586.904, 588.401, 1.497, 6000, 0, 588.401, 592.145, 3.744, 900, 592.145, 593.116, 0.971, 8000, 0,    11.896,
 487, 777, 489, 489, 582.691, 93.691, 8000, 0, 582.691, 584.361, 1.67, 837, 584.361, 586.434, 2.073, 8000, 0, 586.434, 588.218, 1.784, 1200, 588.218, 589.391, 1.173, 6000, 0, 589.391, 592.242, 2.851, 900, 592.242, 594.034, 1.793, 8000, 0,     9.550,
 488, 777, 490, 490, 583.758, 93.758, 9000, 0, 583.758, 586.425, 2.667, 953, 586.425, 587.453, 1.028, 9000, 0, 587.453, 589.847, 2.394, 1350, 589.847, 591.608, 1.762, 6000, 0, 591.608, 593.972, 2.364, 900, 593.972, 594.929, 0.956, 8000, 0,    10.214,
 486, 777, 488, 488, 581.661, 93.661, 11000, 0, 581.661, 583.543, 1.883, 1143, 583.543, 585.614, 2.07, 11000, 0, 585.614, 588.309, 2.695, 1650, 588.309, 590.635, 2.326, 8000, 0, 590.635, 594.34, 3.705, 1200, 594.34, 596.023, 1.683, 10000, 0,    12.680,
 489, 777, 491, 491, 584.878, 93.878, 9000, 0, 584.878, 587.152, 2.274, 950, 587.152, 588.516, 1.363, 9000, 0, 588.516, 590.246, 1.731, 1350, 590.246, 592.484, 2.238, 6000, 0, 592.484, 596.363, 3.879, 900, 596.363, 597.281, 0.917, 8000, 0,    11.485,
 490, 777, 492, 492, 586.077, 94.077, 11000, 0, 586.077, 588.353, 2.275, 1110, 588.353, 589.776, 1.423, 11000, 0, 589.776, 592.282, 2.506, 1650, 592.282, 593.731, 1.45, 8000, 0, 593.731, 597.347, 3.615, 1200, 597.347, 598.492, 1.145, 10000, 0,    11.269,
 491, 777, 493, 493, 587.45, 94.45, 11000, 0, 587.45, 589.414, 1.964, 1116, 589.414, 590.989, 1.575, 11000, 0, 590.989, 592.754, 1.765, 1650, 592.754, 594.953, 2.199, 8000, 0, 594.953, 599.178, 4.224, 1200, 599.178, 600.314, 1.136, 10000, 0,    11.728,
 492, 777, 494, 494, 588.839, 94.839, 11000, 0, 588.839, 592.104, 3.266, 1175, 592.104, 593.277, 1.173, 11000, 0, 593.277, 597.047, 3.77, 1650, 597.047, 598.367, 1.32, 8000, 0, 598.367, 600.814, 2.448, 1200, 600.814, 601.88, 1.066, 10000, 0,    11.976,
 493, 777, 495, 495, 589.999, 94.999, 10000, 0, 589.999, 592.683, 2.684, 1017, 592.683, 594.56, 1.877, 10000, 0, 594.56, 597.337, 2.777, 1500, 597.337, 599.459, 2.123, 7000, 0, 599.459, 601.144, 1.685, 1050, 601.144, 602.922, 1.778, 9000, 0,    11.145,
 495, 777, 497, 497, 592.409, 95.409, 8000, 0, 592.409, 594.88, 2.471, 872, 594.88, 597.09, 2.21, 8000, 0, 597.09, 599.01, 1.92, 1200, 599.01, 600.355, 1.345, 6000, 0, 600.355, 603.163, 2.808, 900, 603.163, 604.082, 0.919, 8000, 0,    10.754,
 506, 777, 508, 508, 605.035, 97.035, 8000, 0, 605.035, 605.035, 0, 838,TimeOut
 494, 777, 496, 496, 591.45, 95.45, 11000, 0, 591.45, 594.88, 3.431, 1197, 594.88, 596.131, 1.251, 11000, 0, 596.131, 599.371, 3.24, 1650, 599.371, 601.628, 2.257, 8000, 0, 601.628, 604.357, 2.729, 1200, 604.357, 605.361, 1.004, 10000, 0,    12.907,
 507, 777, 509, 509, 606.199, 97.199, 9000, 0, 606.199, 606.199, 0, 904,TimeOut
 496, 777, 498, 498, 593.34, 95.34, 8000, 0, 593.34, 597.302, 3.962, 856, 597.302, 598.227, 0.925, 8000, 0, 598.227, 600.746, 2.519, 1200, 600.746, 602.599, 1.853, 6000, 0, 602.599, 605.125, 2.526, 900, 605.125, 606.278, 1.153, 8000, 0,    11.785,
 497, 777, 499, 499, 594.578, 95.578, 9000, 0, 594.578, 598.065, 3.487, 967, 598.065, 599.29, 1.225, 9000, 0, 599.29, 601.705, 2.415, 1350, 601.705, 603.534, 1.829, 6000, 0, 603.534, 606.47, 2.935, 900, 606.47, 607.335, 0.866, 8000, 0,    11.892,
 498, 777, 500, 500, 595.632, 95.632, 9000, 0, 595.632, 599.936, 4.304, 951, 599.936, 600.959, 1.023, 9000, 0, 600.959, 603.592, 2.633, 1350, 603.592, 604.58, 0.987, 6000, 0, 604.58, 606.898, 2.318, 900, 606.898, 608.201, 1.303, 8000, 0,    11.265,
 510, 777, 512, 512, 609.795, 97.795, 8000, 0, 609.795, 609.795, 0, 842,TimeOut
 499, 777, 501, 501, 596.742, 95.742, 9000, 0, 596.742, 600.151, 3.409, 954, 600.151, 602.061, 1.91, 9000, 0, 602.061, 604.648, 2.587, 1350, 604.648, 605.741, 1.093, 6000, 0, 605.741, 609.713, 3.973, 900, 609.713, 610.684, 0.971, 8000, 0,    12.971,
 500, 777, 502, 502, 597.922, 95.922, 9000, 0, 597.922, 601.626, 3.704, 904, 601.626, 603.01, 1.384, 9000, 0, 603.01, 606.544, 3.534, 1350, 606.544, 607.446, 0.902, 6000, 0, 607.446, 612.21, 4.764, 900, 612.21, 613.202, 0.993, 8000, 0,    14.287,
 501, 777, 503, 503, 598.954, 95.954, 8000, 0, 598.954, 601.695, 2.74, 840, 601.695, 603.842, 2.147, 8000, 0, 603.842, 606.834, 2.992, 1200, 606.834, 608.388, 1.554, 6000, 0, 608.388, 612.882, 4.495, 900, 612.882, 614.017, 1.135, 8000, 0,    13.928,
 502, 777, 504, 504, 600.101, 96.101, 9000, 0, 600.101, 606.61, 6.51, 955, 606.61, 607.618, 1.008, 9000, 0, 607.618, 609.864, 2.246, 1350, 609.864, 610.838, 0.974, 6000, 0, 610.838, 614.263, 3.424, 900, 614.263, 615.18, 0.917, 8000, 0,    14.162,
 515, 777, 517, 517, 615.997, 98.997, 10000, 0, 615.997, 615.997, 0, 1040,TimeOut
 503, 777, 505, 505, 601.348, 96.348, 9000, 0, 601.348, 606.672, 5.323, 925, 606.672, 608.661, 1.99, 9000, 0, 608.661, 610.783, 2.122, 1350, 610.783, 611.796, 1.013, 6000, 0, 611.796, 616.815, 5.019, 900, 616.815, 617.783, 0.967, 8000, 0,    15.467,
 504, 777, 506, 506, 602.766, 96.766, 10000, 0, 602.766, 609.886, 7.12, 1082, 609.886, 611.116, 1.229, 10000, 0, 611.116, 614.305, 3.19, 1500, 614.305, 615.454, 1.148, 7000, 0, 615.454, 619.247, 3.793, 1050, 619.247, 620.327, 1.08, 9000, 0,    16.480,
 505, 777, 507, 507, 603.867, 96.867, 10000, 0, 603.867, 610.046, 6.179, 1084, 610.046, 612.176, 2.129, 10000, 0, 612.176, 614.651, 2.475, 1500, 614.651, 616.597, 1.946, 7000, 0, 616.597, 619.514, 2.918, 1050, 619.514, 621.393, 1.879, 9000, 0,    15.647,
 509, 777, 511, 511, 608.784, 97.784, 9000, 0, 608.784, 612.446, 3.661, 959, 612.446, 613.441, 0.995, 9000, 0, 613.441, 616.236, 2.796, 1350, 616.236, 617.605, 1.368, 6000, 0, 617.605, 621.407, 3.803, 900, 621.407, 622.247, 0.839, 8000, 0,    12.623,
 508, 777, 510, 510, 607.677, 97.677, 11000, 0, 607.677, 612.683, 5.006, 1101, 612.683, 614.619, 1.937, 11000, 0, 614.619, 616.911, 2.292, 1650, 616.911, 618.924, 2.013, 8000, 0, 618.924, 622.211, 3.287, 1200, 622.211, 623.36, 1.149, 10000, 0,    14.533,
 512, 777, 514, 514, 612.177, 98.177, 8000, 0, 612.177, 616.142, 3.965, 874, 616.142, 617.074, 0.932, 8000, 0, 617.074, 619.356, 2.282, 1200, 619.356, 620.375, 1.019, 6000, 0, 620.375, 622.762, 2.386, 900, 622.762, 624.278, 1.516, 8000, 0,    10.585,
 511, 777, 513, 513, 611.133, 98.133, 11000, 0, 611.133, 616.468, 5.335, 1130, 616.468, 618.431, 1.963, 11000, 0, 618.431, 620.493, 2.062, 1650, 620.493, 621.82, 1.327, 8000, 0, 621.82, 623.983, 2.163, 1200, 623.983, 625.44, 1.457, 10000, 0,    12.851,
 513, 777, 515, 515, 613.498, 98.498, 10000, 0, 613.498, 618.863, 5.365, 1097, 618.863, 619.962, 1.1, 10000, 0, 619.962, 621.861, 1.899, 1500, 621.861, 622.92, 1.059, 7000, 0, 622.92, 624.659, 1.739, 1050, 624.659, 626.404, 1.745, 9000, 0,    11.161,
 514, 777, 516, 516, 614.663, 98.663, 10000, 0, 614.663, 619.147, 4.484, 1046, 619.147, 621.1, 1.953, 10000, 0, 621.1, 623.142, 2.042, 1500, 623.142, 624.288, 1.146, 7000, 0, 624.288, 626.373, 2.085, 1050, 626.373, 627.423, 1.05, 9000, 0,    11.710,
 521, 777, 523, 523, 623.505, 100.505, 10000, 0, 623.505, 626.105, 2.6, 1090, 626.105, 627.746, 1.641, 10000, 0, 627.746, 627.746, 0, 1500,TimeOut
 516, 777, 518, 518, 617.308, 99.308, 10000, 0, 617.308, 620.493, 3.185, 1074, 620.493, 622.129, 1.636, 10000, 0, 622.129, 624.798, 2.668, 1500, 624.798, 625.815, 1.017, 7000, 0, 625.815, 628.032, 2.217, 1050, 628.032, 628.99, 0.958, 9000, 0,    10.724,
 517, 777, 519, 519, 618.673, 99.673, 11000, 0, 618.673, 620.663, 1.99, 1120, 620.663, 623.346, 2.683, 11000, 0, 623.346, 626.535, 3.189, 1650, 626.535, 627.822, 1.287, 8000, 0, 627.822, 629.885, 2.062, 1200, 629.885, 630.959, 1.074, 10000, 0,    11.211,
 518, 777, 520, 520, 619.97, 99.97, 11000, 0, 619.97, 622.978, 3.008, 1150, 622.978, 624.579, 1.601, 11000, 0, 624.579, 628.07, 3.49, 1650, 628.07, 629.236, 1.166, 8000, 0, 629.236, 633.461, 4.225, 1200, 633.461, 634.592, 1.131, 10000, 0,    13.491,
 519, 777, 521, 521, 621.35, 100.35, 10000, 0, 621.35, 624.278, 2.928, 1031, 624.278, 625.809, 1.531, 10000, 0, 625.809, 628.944, 3.136, 1500, 628.944, 630.219, 1.275, 7000, 0, 630.219, 633.739, 3.52, 1050, 633.739, 635.518, 1.779, 9000, 0,    12.389,
 520, 777, 522, 522, 622.312, 100.312, 8000, 0, 622.312, 624.975, 2.663, 837, 624.975, 626.655, 1.68, 8000, 0, 626.655, 630.172, 3.517, 1200, 630.172, 631.16, 0.988, 6000, 0, 631.16, 635.298, 4.138, 900, 635.298, 636.52, 1.222, 8000, 0,    12.985,
 522, 777, 524, 524, 624.646, 100.646, 9000, 0, 624.646, 627.005, 2.359, 991, 627.005, 628.759, 1.753, 9000, 0, 628.759, 631.703, 2.944, 1350, 631.703, 632.631, 0.928, 6000, 0, 632.631, 635.69, 3.059, 900, 635.69, 637.432, 1.742, 8000, 0,    11.044,
 524, 777, 526, 526, 627.015, 101.015, 8000, 0, 627.015, 629.171, 2.156, 892, 629.171, 631.194, 2.023, 8000, 0, 631.194, 633.347, 2.153, 1200, 633.347, 635.037, 1.69, 6000, 0, 635.037, 637.048, 2.011, 900, 637.048, 638.266, 1.218, 8000, 0,    10.032,
 523, 777, 525, 525, 626.115, 101.115, 11000, 0, 626.115, 629.131, 3.016, 1190, 629.131, 630.23, 1.099, 11000, 0, 630.23, 632.885, 2.655, 1650, 632.885, 634.079, 1.193, 8000, 0, 634.079, 637.178, 3.099, 1200, 637.178, 639.398, 2.22, 10000, 0,    11.063,
 525, 777, 527, 527, 628.226, 101.226, 9000, 0, 628.226, 630.883, 2.656, 952, 630.883, 632.234, 1.351, 9000, 0, 632.234, 634.774, 2.54, 1350, 634.774, 635.954, 1.18, 6000, 0, 635.954, 638.968, 3.014, 900, 638.968, 640.344, 1.376, 8000, 0,    10.742,
 526, 777, 528, 528, 629.43, 101.43, 10000, 0, 629.43, 631.382, 1.952, 1095, 631.382, 633.436, 2.053, 10000, 0, 633.436, 636.202, 2.766, 1500, 636.202, 637.364, 1.163, 7000, 0, 637.364, 639.57, 2.205, 1050, 639.57, 641.424, 1.855, 9000, 0,    10.139,
 527, 777, 529, 529, 630.38, 101.38, 8000, 0, 630.38, 632.368, 1.988, 873, 632.368, 634.377, 2.009, 8000, 0, 634.377, 636.853, 2.476, 1200, 636.853, 638.253, 1.4, 6000, 0, 638.253, 641.738, 3.485, 900, 641.738, 642.721, 0.983, 8000, 0,    11.358,
 528, 777, 530, 530, 631.45, 101.45, 8000, 0, 631.45, 632.765, 1.316, 834, 632.765, 635.353, 2.587, 8000, 0, 635.353, 637.41, 2.057, 1200, 637.41, 639.292, 1.882, 6000, 0, 639.292, 642.378, 3.086, 900, 642.378, 643.644, 1.266, 8000, 0,    10.929,
 529, 777, 531, 531, 632.838, 101.838, 10000, 0, 632.838, 634.51, 1.672, 1099, 634.51, 636.451, 1.941, 10000, 0, 636.451, 639.312, 2.862, 1500, 639.312, 640.447, 1.134, 7000, 0, 640.447, 643.31, 2.863, 1050, 643.31, 644.701, 1.391, 9000, 0,    10.472,
 530, 777, 532, 532, 633.698, 101.698, 8000, 0, 633.698, 635.025, 1.326, 893, 635.025, 637.333, 2.308, 8000, 0, 637.333, 639.64, 2.307, 1200, 639.64, 641.336, 1.696, 6000, 0, 641.336, 644.427, 3.092, 900, 644.427, 645.601, 1.173, 8000, 0,    10.729,
 532, 777, 534, 534, 636.309, 102.309, 9000, 0, 636.309, 638.278, 1.969, 968, 638.278, 639.27, 0.993, 9000, 0, 639.27, 641.399, 2.128, 1350, 641.399, 642.423, 1.024, 6000, 0, 642.423, 645.628, 3.206, 900, 645.628, 646.489, 0.86, 8000, 0,     9.320,
 531, 777, 533, 533, 635.11, 102.11, 11000, 0, 635.11, 638.319, 3.21, 1158, 638.319, 640.532, 2.212, 11000, 0, 640.532, 642.586, 2.055, 1650, 642.586, 643.966, 1.38, 8000, 0, 643.966, 646.34, 2.374, 1200, 646.34, 647.571, 1.231, 10000, 0,    11.231,
 533, 777, 535, 535, 637.317, 102.317, 8000, 0, 637.317, 640.16, 2.843, 847, 640.16, 641.432, 1.272, 8000, 0, 641.432, 642.606, 1.174, 1200, 642.606, 644.957, 2.351, 6000, 0, 644.957, 647.804, 2.847, 900, 647.804, 648.759, 0.954, 8000, 0,    10.487,
 534, 777, 536, 536, 638.655, 102.655, 11000, 0, 638.655, 641.026, 2.372, 1105, 641.026, 642.788, 1.762, 11000, 0, 642.788, 645.591, 2.802, 1650, 645.591, 646.925, 1.335, 8000, 0, 646.925, 649.185, 2.26, 1200, 649.185, 650.337, 1.152, 10000, 0,    10.530,
 535, 777, 537, 537, 639.853, 102.853, 9000, 0, 639.853, 642.297, 2.444, 909, 642.297, 643.802, 1.505, 9000, 0, 643.802, 646.203, 2.401, 1350, 646.203, 647.866, 1.663, 6000, 0, 647.866, 649.215, 1.349, 900, 649.215, 651.332, 2.116, 8000, 0,     9.362,
 536, 777, 538, 538, 641.016, 103.016, 9000, 0, 641.016, 643.196, 2.179, 986, 643.196, 644.755, 1.56, 9000, 0, 644.755, 647.175, 2.42, 1350, 647.175, 648.779, 1.604, 6000, 0, 648.779, 650.782, 2.004, 900, 650.782, 652.293, 1.511, 8000, 0,     9.766,
 543, 777, 545, 545, 649.404, 104.404, 9000, 0, 649.404, 651.298, 1.894, 965, 651.298, 652.692, 1.395, 9000, 0, 652.692, 652.692, 0, 1350,TimeOut
 537, 777, 539, 539, 642.155, 103.155, 9000, 0, 642.155, 644.9, 2.745, 971, 644.9, 645.913, 1.013, 9000, 0, 645.913, 647.804, 1.892, 1350, 647.804, 649.741, 1.936, 6000, 0, 649.741, 651.281, 1.541, 900, 651.281, 653.169, 1.887, 8000, 0,     9.127,
 538, 777, 540, 540, 643.433, 103.433, 11000, 0, 643.433, 646.38, 2.947, 1138, 646.38, 647.65, 1.27, 11000, 0, 647.65, 650.283, 2.633, 1650, 650.283, 651.523, 1.24, 8000, 0, 651.523, 653.745, 2.222, 1200, 653.745, 654.959, 1.213, 10000, 0,    10.312,
 539, 777, 541, 541, 644.463, 103.463, 8000, 0, 644.463, 646.548, 2.085, 839, 646.548, 648.592, 2.043, 8000, 0, 648.592, 651.094, 2.502, 1200, 651.094, 652.44, 1.346, 6000, 0, 652.44, 654.132, 1.692, 900, 654.132, 655.956, 1.824, 8000, 0,     9.669,
 540, 777, 542, 542, 646.048, 104.048, 11000, 0, 646.048, 648.6, 2.552, 1130, 648.6, 649.774, 1.174, 11000, 0, 649.774, 653.569, 3.795, 1650, 653.569, 654.837, 1.267, 8000, 0, 654.837, 657.331, 2.494, 1200, 657.331, 658.517, 1.186, 10000, 0,    11.283,
 541, 777, 543, 543, 647.245, 104.245, 9000, 0, 647.245, 649.741, 2.496, 963, 649.741, 650.8, 1.059, 9000, 0, 650.8, 653.663, 2.863, 1350, 653.663, 655.768, 2.106, 6000, 0, 655.768, 657.487, 1.719, 900, 657.487, 659.375, 1.888, 8000, 0,    10.243,
 542, 777, 544, 544, 648.324, 104.324, 9000, 0, 648.324, 650.68, 2.357, 971, 650.68, 651.674, 0.994, 9000, 0, 651.674, 655.261, 3.587, 1350, 655.261, 656.672, 1.411, 6000, 0, 656.672, 658.993, 2.321, 900, 658.993, 660.319, 1.326, 8000, 0,    10.669,
 544, 777, 546, 546, 650.476, 104.476, 9000, 0, 650.476, 652.235, 1.759, 928, 652.235, 653.663, 1.428, 9000, 0, 653.663, 655.355, 1.692, 1350, 655.355, 657.621, 2.266, 6000, 0, 657.621, 659.275, 1.654, 900, 659.275, 661.199, 1.924, 8000, 0,     8.799,
 551, 777, 553, 553, 658.243, 105.243, 11000, 0, 658.243, 660.259, 2.017, 1190, 660.259, 661.743, 1.484, 11000, 0, 661.743, 661.743, 0, 1650,TimeOut
 545, 777, 547, 547, 651.413, 104.413, 8000, 0, 651.413, 653.336, 1.923, 848, 653.336, 654.566, 1.231, 8000, 0, 654.566, 656.559, 1.992, 1200, 656.559, 658.525, 1.966, 6000, 0, 658.525, 660.518, 1.993, 900, 660.518, 662.121, 1.603, 8000, 0,     9.105,
 546, 777, 548, 548, 652.284, 104.284, 8000, 0, 652.284, 654.051, 1.767, 842, 654.051, 655.383, 1.333, 8000, 0, 655.383, 656.64, 1.257, 1200, 656.64, 659.529, 2.889, 6000, 0, 659.529, 661.856, 2.327, 900, 661.856, 662.942, 1.086, 8000, 0,     9.572,
 547, 777, 549, 549, 653.508, 104.508, 10000, 0, 653.508, 655.761, 2.254, 1077, 655.761, 656.908, 1.147, 10000, 0, 656.908, 660.289, 3.381, 1500, 660.289, 661.345, 1.056, 7000, 0, 661.345, 662.879, 1.534, 1050, 662.879, 663.947, 1.068, 9000, 0,     9.372,
 548, 777, 550, 550, 654.563, 104.563, 8000, 0, 654.563, 657.154, 2.591, 827, 657.154, 658.068, 0.914, 8000, 0, 658.068, 661.765, 3.697, 1200, 661.765, 662.736, 0.971, 6000, 0, 662.736, 664.106, 1.37, 900, 664.106, 665.061, 0.955, 8000, 0,     9.543,
 549, 777, 551, 551, 655.906, 104.906, 11000, 0, 655.906, 658.37, 2.464, 1108, 658.37, 659.537, 1.166, 11000, 0, 659.537, 663.54, 4.003, 1650, 663.54, 664.769, 1.23, 8000, 0, 664.769, 667.443, 2.674, 1200, 667.443, 668.51, 1.067, 10000, 0,    11.537,
 550, 777, 552, 552, 656.909, 104.909, 8000, 0, 656.909, 658.543, 1.634, 827, 658.543, 660.486, 1.944, 8000, 0, 660.486, 663.66, 3.173, 1200, 663.66, 665.796, 2.137, 6000, 0, 665.796, 667.799, 2.003, 900, 667.799, 669.286, 1.488, 8000, 0,    10.890,
 552, 777, 554, 554, 659.701, 105.701, 11000, 0, 659.701, 662.197, 2.496, 1109, 662.197, 663.62, 1.423, 11000, 0, 663.62, 665.432, 1.812, 1650, 665.432, 667.166, 1.734, 8000, 0, 667.166, 671.162, 3.996, 1200, 671.162, 672.297, 1.135, 10000, 0,    11.462,
 560, 777, 562, 562, 669.161, 107.161, 9000, 0, 669.161, 670.633, 1.472, 935, 670.633, 673.123, 2.49, 9000, 0, 673.123, 673.123, 0, 1350,TimeOut
 553, 777, 555, 555, 661.175, 106.175, 11000, 0, 661.175, 663.313, 2.139, 1154, 663.313, 664.915, 1.601, 11000, 0, 664.915, 666.763, 1.848, 1650, 666.763, 668.419, 1.656, 8000, 0, 668.419, 671.635, 3.215, 1200, 671.635, 673.526, 1.892, 10000, 0,    10.460,
 554, 777, 556, 556, 662.27, 106.27, 8000, 0, 662.27, 663.929, 1.658, 845, 663.929, 665.81, 1.882, 8000, 0, 665.81, 667.443, 1.633, 1200, 667.443, 669.356, 1.913, 6000, 0, 669.356, 672.449, 3.093, 900, 672.449, 674.385, 1.937, 8000, 0,    10.178,
 555, 777, 557, 557, 663.449, 106.449, 9000, 0, 663.449, 666.347, 2.898, 974, 666.347, 667.426, 1.079, 9000, 0, 667.426, 669.27, 1.844, 1350, 669.27, 670.309, 1.039, 6000, 0, 670.309, 673.215, 2.906, 900, 673.215, 675.274, 2.059, 8000, 0,     9.766,
 556, 777, 558, 558, 664.437, 106.437, 8000, 0, 664.437, 667.288, 2.851, 827, 667.288, 668.323, 1.035, 8000, 0, 668.323, 669.636, 1.313, 1200, 669.636, 671.211, 1.575, 6000, 0, 671.211, 675.031, 3.821, 900, 675.031, 676.124, 1.093, 8000, 0,    10.595,
 557, 777, 559, 559, 665.843, 106.843, 11000, 0, 665.843, 668.825, 2.983, 1154, 668.825, 670.113, 1.288, 11000, 0, 670.113, 673.745, 3.632, 1650, 673.745, 675.044, 1.298, 8000, 0, 675.044, 676.602, 1.559, 1200, 676.602, 677.678, 1.076, 10000, 0,    10.760,
 558, 777, 560, 560, 666.966, 106.966, 9000, 0, 666.966, 669.017, 2.05, 902, 669.017, 671.128, 2.111, 9000, 0, 671.128, 673.953, 2.826, 1350, 673.953, 675.922, 1.968, 6000, 0, 675.922, 677.202, 1.28, 900, 677.202, 678.698, 1.496, 8000, 0,    10.236,
 559, 777, 561, 561, 668.097, 107.097, 9000, 0, 668.097, 670.227, 2.129, 933, 670.227, 672.148, 1.921, 9000, 0, 672.148, 675.703, 3.555, 1350, 675.703, 676.876, 1.173, 6000, 0, 676.876, 678.231, 1.355, 900, 678.231, 679.563, 1.331, 8000, 0,    10.134,
 561, 777, 563, 563, 670.119, 107.119, 8000, 0, 670.119, 671.598, 1.48, 805, 671.598, 674.09, 2.492, 8000, 0, 674.09, 675.842, 1.752, 1200, 675.842, 677.827, 1.985, 6000, 0, 677.827, 679.006, 1.18, 900, 679.006, 680.41, 1.403, 8000, 0,     8.888,
 562, 777, 564, 564, 671.308, 107.308, 10000, 0, 671.308, 674.315, 3.007, 1089, 674.315, 675.405, 1.09, 10000, 0, 675.405, 677.797, 2.392, 1500, 677.797, 678.943, 1.146, 7000, 0, 678.943, 681.872, 2.929, 1050, 681.872, 682.977, 1.105, 9000, 0,    10.564,
 568, 777, 570, 570, 679.204, 109.204, 10000, 0, 679.204, 680.6, 1.396, 1035, 680.6, 683.041, 2.441, 10000, 0, 683.041, 683.041, 0, 1500,TimeOut
 563, 777, 565, 565, 672.818, 107.818, 11000, 0, 672.818, 675.509, 2.69, 1132, 675.509, 676.728, 1.219, 11000, 0, 676.728, 680.152, 3.424, 1650, 680.152, 681.319, 1.168, 8000, 0, 681.319, 683.276, 1.956, 1200, 683.276, 684.399, 1.124, 10000, 0,    10.457,
 564, 777, 566, 566, 674.006, 108.006, 10000, 0, 674.006, 676.002, 1.996, 1051, 676.002, 677.965, 1.963, 10000, 0, 677.965, 680.712, 2.747, 1500, 680.712, 682.518, 1.806, 7000, 0, 682.518, 684.167, 1.65, 1050, 684.167, 685.359, 1.191, 9000, 0,    10.161,
 565, 777, 567, 567, 675.347, 108.347, 11000, 0, 675.347, 677.576, 2.229, 1192, 677.576, 679.233, 1.658, 11000, 0, 679.233, 683.159, 3.925, 1650, 683.159, 684.434, 1.276, 8000, 0, 684.434, 686.386, 1.952, 1200, 686.386, 687.522, 1.136, 10000, 0,    11.040,
 566, 777, 568, 568, 676.622, 108.622, 11000, 0, 676.622, 678.385, 1.763, 1108, 678.385, 680.6, 2.215, 11000, 0, 680.6, 684, 3.4, 1650, 684, 685.723, 1.723, 8000, 0, 685.723, 687.924, 2.201, 1200, 687.924, 689.041, 1.117, 10000, 0,    11.302,
 567, 777, 569, 569, 677.957, 108.957, 11000, 0, 677.957, 679.616, 1.659, 1173, 679.616, 681.889, 2.273, 11000, 0, 681.889, 686.542, 4.653, 1650, 686.542, 687.858, 1.316, 8000, 0, 687.858, 690.009, 2.151, 1200, 690.009, 691.311, 1.302, 10000, 0,    12.053,
 569, 777, 571, 571, 680.476, 109.476, 10000, 0, 680.476, 683.649, 3.173, 1020, 683.649, 684.731, 1.082, 10000, 0, 684.731, 687.495, 2.764, 1500, 687.495, 689.021, 1.526, 7000, 0, 689.021, 692.194, 3.173, 1050, 692.194, 693.254, 1.059, 9000, 0,    11.718,
 576, 777, 578, 578, 688.884, 110.884, 11000, 0, 688.884, 691.6, 2.716, 1191, 691.6, 693.329, 1.728, 11000, 0, 693.329, 693.329, 0, 1650,TimeOut
 570, 777, 572, 572, 681.601, 109.601, 9000, 0, 681.601, 684.294, 2.693, 924, 684.294, 685.741, 1.447, 9000, 0, 685.741, 688.884, 3.143, 1350, 688.884, 690.023, 1.139, 6000, 0, 690.023, 692.995, 2.972, 900, 692.995, 694.185, 1.19, 8000, 0,    11.394,
 572, 777, 574, 574, 684.113, 110.113, 9000, 0, 684.113, 686.185, 2.072, 944, 686.185, 687.229, 1.044, 9000, 0, 687.229, 689.533, 2.304, 1350, 689.533, 690.925, 1.393, 6000, 0, 690.925, 694.363, 3.438, 900, 694.363, 695.29, 0.927, 8000, 0,    10.250,
 571, 777, 573, 573, 682.938, 109.938, 11000, 0, 682.938, 686.312, 3.375, 1129, 686.312, 688.535, 2.223, 11000, 0, 688.535, 692.846, 4.311, 1650, 692.846, 694.083, 1.237, 8000, 0, 694.083, 696.183, 2.1, 1200, 696.183, 697.317, 1.134, 10000, 0,    13.246,
 583, 777, 585, 585, 697.567, 112.567, 10000, 0, 697.567, 697.567, 0, 1079,TimeOut
 573, 777, 575, 575, 685.451, 110.451, 10000, 0, 685.451, 688.802, 3.351, 1018, 688.802, 690.053, 1.251, 10000, 0, 690.053, 693.711, 3.658, 1500, 693.711, 695.23, 1.519, 7000, 0, 695.23, 697.189, 1.959, 1050, 697.189, 698.375, 1.186, 9000, 0,    11.738,
 574, 777, 576, 576, 686.6, 110.6, 9000, 0, 686.6, 689.195, 2.595, 949, 689.195, 691.174, 1.979, 9000, 0, 691.174, 695.337, 4.162, 1350, 695.337, 696.401, 1.064, 6000, 0, 696.401, 698.466, 2.064, 900, 698.466, 699.471, 1.005, 8000, 0,    11.866,
 575, 777, 577, 577, 687.691, 110.691, 8000, 0, 687.691, 690.463, 2.772, 810, 690.463, 692.061, 1.598, 8000, 0, 692.061, 696.073, 4.012, 1200, 696.073, 697.402, 1.329, 6000, 0, 697.402, 699.514, 2.112, 900, 699.514, 700.491, 0.977, 8000, 0,    11.823,
 577, 777, 579, 579, 689.971, 110.971, 9000, 0, 689.971, 692.424, 2.453, 987, 692.424, 694.309, 1.884, 9000, 0, 694.309, 696.844, 2.535, 1350, 696.844, 698.386, 1.542, 6000, 0, 698.386, 700.29, 1.904, 900, 700.29, 701.54, 1.25, 8000, 0,    10.319,
 587, 777, 589, 589, 701.935, 112.935, 10000, 0, 701.935, 701.935, 0, 1044,TimeOut
 578, 777, 580, 580, 691.26, 111.26, 10000, 0, 691.26, 693.614, 2.354, 1084, 693.614, 695.372, 1.758, 10000, 0, 695.372, 697.61, 2.238, 1500, 697.61, 699.476, 1.866, 7000, 0, 699.476, 701.277, 1.801, 1050, 701.277, 702.674, 1.396, 9000, 0,    10.018,
 592, 777, 594, 594, 708.125, 114.125, 9000, 0, 708.125, 708.125, 0, 934,TimeOut
 579, 777, 581, 581, 692.76, 111.76, 11000, 0, 692.76, 698.329, 5.569, 1110, 698.329, 699.564, 1.235, 11000, 0, 699.564, 702.57, 3.005, 1650, 702.57, 704.061, 1.491, 8000, 0, 704.061, 707.058, 2.997, 1200, 707.058, 708.185, 1.127, 10000, 0,    14.298,
 580, 777, 582, 582, 693.803, 111.803, 9000, 0, 693.803, 699.146, 5.343, 973, 699.146, 700.651, 1.505, 9000, 0, 700.651, 703.285, 2.633, 1350, 703.285, 704.953, 1.668, 6000, 0, 704.953, 707.175, 2.223, 900, 707.175, 709.015, 1.839, 8000, 0,    13.373,
 581, 777, 583, 583, 694.985, 111.985, 9000, 0, 694.985, 701.314, 6.329, 974, 701.314, 702.333, 1.018, 9000, 0, 702.333, 704.261, 1.929, 1350, 704.261, 705.954, 1.693, 6000, 0, 705.954, 708.642, 2.688, 900, 708.642, 709.96, 1.318, 8000, 0,    13.657,
 582, 777, 584, 584, 696.295, 112.295, 11000, 0, 696.295, 703.016, 6.721, 1175, 703.016, 704.143, 1.127, 11000, 0, 704.143, 707.405, 3.262, 1650, 707.405, 708.58, 1.176, 8000, 0, 708.58, 710.219, 1.638, 1200, 710.219, 711.429, 1.21, 10000, 0,    13.924,
 584, 777, 586, 586, 698.505, 112.505, 8000, 0, 698.505, 703.6, 5.095, 802, 703.6, 705.136, 1.536, 8000, 0, 705.136, 707.822, 2.686, 1200, 707.822, 709.541, 1.72, 6000, 0, 709.541, 710.855, 1.314, 900, 710.855, 712.294, 1.438, 8000, 0,    12.350,
 596, 777, 598, 598, 713.299, 115.299, 11000, 0, 713.299, 713.299, 0, 1121,TimeOut
 585, 777, 587, 587, 699.458, 112.458, 8000, 0, 699.458, 705.177, 5.719, 823, 705.177, 706.158, 0.981, 8000, 0, 706.158, 709.259, 3.101, 1200, 709.259, 710.504, 1.245, 6000, 0, 710.504, 713.597, 3.093, 900, 713.597, 714.524, 0.927, 8000, 0,    14.140,
 586, 777, 588, 588, 700.703, 112.703, 9000, 0, 700.703, 705.993, 5.29, 913, 705.993, 707.175, 1.182, 9000, 0, 707.175, 710.249, 3.073, 1350, 710.249, 711.439, 1.19, 6000, 0, 711.439, 716.156, 4.717, 900, 716.156, 717.194, 1.038, 8000, 0,    15.453,
 588, 777, 590, 590, 703.144, 113.144, 9000, 0, 703.144, 708.497, 5.353, 900, 708.497, 709.594, 1.096, 9000, 0, 709.594, 712.936, 3.342, 1350, 712.936, 713.861, 0.925, 6000, 0, 713.861, 717.986, 4.125, 900, 717.986, 718.906, 0.92, 8000, 0,    14.841,
 589, 777, 591, 591, 704.295, 113.295, 10000, 0, 704.295, 709.439, 5.144, 1091, 709.439, 710.791, 1.351, 10000, 0, 710.791, 713.879, 3.088, 1500, 713.879, 715.014, 1.136, 7000, 0, 715.014, 718.739, 3.725, 1050, 718.739, 719.879, 1.14, 9000, 0,    14.444,
 590, 777, 592, 592, 705.652, 113.652, 11000, 0, 705.652, 710.6, 4.948, 1105, 710.6, 712.084, 1.484, 11000, 0, 712.084, 715.88, 3.796, 1650, 715.88, 717.194, 1.314, 8000, 0, 717.194, 720.489, 3.295, 1200, 720.489, 721.631, 1.142, 10000, 0,    14.837,
 591, 777, 593, 593, 706.969, 113.969, 11000, 0, 706.969, 713.91, 6.942, 1177, 713.91, 715.253, 1.343, 11000, 0, 715.253, 718.557, 3.304, 1650, 718.557, 719.75, 1.193, 8000, 0, 719.75, 722.278, 2.528, 1200, 722.278, 723.457, 1.18, 10000, 0,    15.309,
 593, 777, 595, 595, 709.558, 114.558, 11000, 0, 709.558, 714.815, 5.256, 1132, 714.815, 716.507, 1.692, 11000, 0, 716.507, 719.997, 3.491, 1650, 719.997, 721.267, 1.27, 8000, 0, 721.267, 723.586, 2.318, 1200, 723.586, 724.714, 1.128, 10000, 0,    14.027,
 594, 777, 596, 596, 710.582, 114.582, 8000, 0, 710.582, 716.006, 5.424, 859, 716.006, 717.462, 1.456, 8000, 0, 717.462, 720.519, 3.057, 1200, 720.519, 722.218, 1.699, 6000, 0, 722.218, 723.725, 1.507, 900, 723.725, 725.545, 1.82, 8000, 0,    13.143,
 595, 777, 597, 597, 711.919, 114.919, 10000, 0, 711.919, 717.752, 5.833, 1011, 717.752, 718.904, 1.151, 10000, 0, 718.904, 722.704, 3.8, 1500, 722.704, 723.893, 1.189, 7000, 0, 723.893, 725.78, 1.887, 1050, 725.78, 726.808, 1.029, 9000, 0,    13.860,
 597, 777, 599, 599, 714.57, 115.57, 11000, 0, 714.57, 718.362, 3.793, 1135, 718.362, 720.194, 1.831, 11000, 0, 720.194, 723.419, 3.225, 1650, 723.419, 725.201, 1.782, 8000, 0, 725.201, 726.869, 1.667, 1200, 726.869, 728.064, 1.196, 10000, 0,    12.299,
 598, 777, 600, 600, 715.843, 115.843, 10000, 0, 715.843, 720.185, 4.343, 1061, 720.185, 721.399, 1.213, 10000, 0, 721.399, 724.218, 2.819, 1500, 724.218, 726.361, 2.143, 7000, 0, 726.361, 728.076, 1.715, 1050, 728.076, 729.144, 1.068, 9000, 0,    12.233,
 599, 777, 601, 601, 717.048, 116.048, 10000, 0, 717.048, 720.84, 3.792, 1052, 720.84, 722.722, 1.881, 10000, 0, 722.722, 724.927, 2.205, 1500, 724.927, 727.52, 2.593, 7000, 0, 727.52, 730.271, 2.751, 1050, 730.271, 731.277, 1.006, 9000, 0,    13.223,
 600, 777, 603, 603, 718.423, 115.423, 11000, 0, 718.423, 723.115, 4.692, 1108, 723.115, 724.399, 1.284, 11000, 0, 724.399, 725.977, 1.578, 1650, 725.977, 728.717, 2.741, 8000, 0, 728.717, 732.502, 3.785, 1200, 732.502, 733.7, 1.198, 10000, 0,    14.080,
 601, 777, 604, 604, 719.788, 115.788, 11000, 0, 719.788, 724.142, 4.354, 1165, 724.142, 725.655, 1.512, 11000, 0, 725.655, 727.955, 2.3, 1650, 727.955, 730, 2.045, 8000, 0, 730, 733.292, 3.292, 1200, 733.292, 734.88, 1.588, 10000, 0,    13.504,
 602, 777, 605, 605, 721.023, 116.023, 11000, 0, 721.023, 725.128, 4.105, 1142, 725.128, 726.796, 1.668, 11000, 0, 726.796, 728.9, 2.104, 1650, 728.9, 731.341, 2.44, 8000, 0, 731.341, 735.503, 4.163, 1200, 735.503, 736.749, 1.246, 10000, 0,    14.480,
 607, 777, 610, 610, 727.518, 117.518, 11000, 0, 727.518, 732.264, 4.746, 1140, 732.264, 733.473, 1.209, 11000, 0, 733.473, 735.044, 1.571, 1650, 735.044, 737.439, 2.394, 8000, 0, 737.439, 737.439, 0, 1200,TimeOut
 603, 777, 606, 606, 722.397, 116.397, 11000, 0, 722.397, 726.035, 3.638, 1135, 726.035, 728.156, 2.121, 11000, 0, 728.156, 730.188, 2.032, 1650, 730.188, 732.557, 2.369, 8000, 0, 732.557, 737.752, 5.195, 1200, 737.752, 738.984, 1.232, 10000, 0,    15.355,
 604, 777, 607, 607, 723.772, 116.772, 11000, 0, 723.772, 727.276, 3.504, 1100, 727.276, 729.437, 2.16, 11000, 0, 729.437, 731.306, 1.87, 1650, 731.306, 733.84, 2.534, 8000, 0, 733.84, 738.882, 5.042, 1200, 738.882, 740, 1.118, 10000, 0,    15.110,
 605, 777, 608, 608, 725.096, 117.096, 11000, 0, 725.096, 728.467, 3.372, 1163, 728.467, 730.694, 2.227, 11000, 0, 730.694, 732.248, 1.553, 1650, 732.248, 735.205, 2.957, 8000, 0, 735.205, 740.127, 4.922, 1200, 740.127, 741.245, 1.118, 10000, 0,    15.031,
 606, 777, 609, 609, 726.066, 117.066, 8000, 0, 726.066, 728.94, 2.875, 804, 728.94, 731.642, 2.702, 8000, 0, 731.642, 732.803, 1.161, 1200, 732.803, 736.115, 3.312, 6000, 0, 736.115, 741.428, 5.313, 900, 741.428, 742.311, 0.883, 8000, 0,    15.362,
 608, 777, 611, 611, 729.057, 118.057, 11000, 0, 729.057, 732.793, 3.736, 1154, 732.793, 734.689, 1.896, 11000, 0, 734.689, 737.742, 3.053, 1650, 737.742, 738.975, 1.233, 8000, 0, 738.975, 742.405, 3.43, 1200, 742.405, 743.498, 1.094, 10000, 0,    13.348,
 609, 777, 612, 612, 730.321, 118.321, 10000, 0, 730.321, 734.96, 4.64, 1077, 734.96, 736.039, 1.078, 10000, 0, 736.039, 738.203, 2.164, 1500, 738.203, 740.104, 1.901, 7000, 0, 740.104, 742.872, 2.768, 1050, 742.872, 744.54, 1.669, 9000, 0,    12.551,
 610, 777, 613, 613, 731.553, 118.553, 9000, 0, 731.553, 735.358, 3.806, 960, 735.358, 737.02, 1.661, 9000, 0, 737.02, 740.006, 2.986, 1350, 740.006, 741.144, 1.138, 6000, 0, 741.144, 743.547, 2.403, 900, 743.547, 745.435, 1.888, 8000, 0,    11.995,
 611, 777, 614, 614, 732.652, 118.652, 9000, 0, 732.652, 737.03, 4.377, 927, 737.03, 738.132, 1.102, 9000, 0, 738.132, 740.726, 2.594, 1350, 740.726, 742.094, 1.369, 6000, 0, 742.094, 744.015, 1.92, 900, 744.015, 746.359, 2.344, 8000, 0,    11.363,
 612, 777, 615, 615, 733.928, 118.928, 10000, 0, 733.928, 738.398, 4.47, 1077, 738.398, 739.551, 1.153, 10000, 0, 739.551, 742.065, 2.514, 1500, 742.065, 743.207, 1.142, 7000, 0, 743.207, 744.956, 1.749, 1050, 744.956, 747.396, 2.44, 9000, 0,    11.028,
 613, 777, 616, 616, 735.248, 119.248, 11000, 0, 735.248, 739.623, 4.375, 1183, 739.623, 740.804, 1.181, 11000, 0, 740.804, 742.951, 2.148, 1650, 742.951, 744.47, 1.519, 8000, 0, 744.47, 748.581, 4.111, 1200, 748.581, 749.672, 1.091, 10000, 0,    13.334,
 614, 777, 617, 617, 736.331, 119.331, 8000, 0, 736.331, 739.643, 3.312, 826, 739.643, 741.677, 2.035, 8000, 0, 741.677, 744.165, 2.487, 1200, 744.165, 745.435, 1.27, 6000, 0, 745.435, 749.107, 3.672, 900, 749.107, 750.615, 1.509, 8000, 0,    12.776,
 619, 777, 622, 622, 742.286, 120.286, 8000, 0, 742.286, 745.225, 2.939, 874, 745.225, 746.741, 1.516, 8000, 0, 746.741, 748.025, 1.285, 1200, 748.025, 750.797, 2.772, 6000, 0, 750.797, 750.797, 0, 900,TimeOut
 616, 777, 619, 619, 738.97, 119.97, 10000, 0, 738.97, 741.253, 2.283, 1054, 741.253, 742.744, 1.49, 10000, 0, 742.744, 745.292, 2.548, 1500, 745.292, 746.634, 1.342, 7000, 0, 746.634, 750.827, 4.193, 1050, 750.827, 751.813, 0.985, 9000, 0,    11.857,
 615, 777, 618, 618, 737.702, 119.702, 11000, 0, 737.702, 741.364, 3.662, 1134, 741.364, 743.887, 2.523, 11000, 0, 743.887, 746.158, 2.272, 1650, 746.158, 747.934, 1.775, 8000, 0, 747.934, 752.052, 4.118, 1200, 752.052, 753.246, 1.194, 10000, 0,    14.350,
 617, 777, 620, 620, 740.157, 120.157, 8000, 0, 740.157, 743.152, 2.995, 836, 743.152, 744.847, 1.695, 8000, 0, 744.847, 746.644, 1.797, 1200, 746.644, 748.834, 2.19, 6000, 0, 748.834, 753.81, 4.977, 900, 753.81, 754.747, 0.937, 8000, 0,    13.653,
 618, 777, 621, 621, 741.343, 120.343, 10000, 0, 741.343, 744.253, 2.91, 1077, 744.253, 745.87, 1.617, 10000, 0, 745.87, 747.816, 1.946, 1500, 747.816, 749.929, 2.113, 7000, 0, 749.929, 754.651, 4.722, 1050, 754.651, 755.766, 1.115, 9000, 0,    13.308,
 620, 777, 623, 623, 743.329, 120.329, 8000, 0, 743.329, 745.739, 2.41, 868, 745.739, 747.691, 1.952, 8000, 0, 747.691, 749.398, 1.708, 1200, 749.398, 751.725, 2.327, 6000, 0, 751.725, 755.15, 3.425, 900, 755.15, 756.698, 1.547, 8000, 0,    11.821,
 621, 777, 624, 624, 744.68, 120.68, 11000, 0, 744.68, 747.199, 2.519, 1166, 747.199, 748.848, 1.649, 11000, 0, 748.848, 750.737, 1.889, 1650, 750.737, 753.02, 2.283, 8000, 0, 753.02, 757.077, 4.057, 1200, 757.077, 758.156, 1.079, 10000, 0,    12.397,
 622, 777, 625, 625, 745.781, 120.781, 9000, 0, 745.781, 747.349, 1.568, 907, 747.349, 749.919, 2.569, 9000, 0, 749.919, 751.336, 1.417, 1350, 751.336, 753.942, 2.606, 6000, 0, 753.942, 757.139, 3.197, 900, 757.139, 759.178, 2.039, 8000, 0,    11.357,
 623, 777, 626, 626, 746.859, 120.859, 9000, 0, 746.859, 748.834, 1.975, 959, 748.834, 750.91, 2.076, 9000, 0, 750.91, 752.549, 1.639, 1350, 752.549, 754.908, 2.36, 6000, 0, 754.908, 759.283, 4.375, 900, 759.283, 760.165, 0.882, 8000, 0,    12.424,
 624, 777, 627, 627, 747.891, 120.891, 8000, 0, 747.891, 750.502, 2.611, 854, 750.502, 751.855, 1.353, 8000, 0, 751.855, 753.664, 1.809, 1200, 753.664, 755.843, 2.178, 6000, 0, 755.843, 759.367, 3.525, 900, 759.367, 761.092, 1.725, 8000, 0,    11.476,
 625, 777, 628, 628, 748.959, 120.959, 9000, 0, 748.959, 753.272, 4.312, 937, 753.272, 754.335, 1.063, 9000, 0, 754.335, 756.392, 2.057, 1350, 756.392, 757.294, 0.902, 6000, 0, 757.294, 761.111, 3.817, 900, 761.111, 762.089, 0.978, 8000, 0,    12.152,
 626, 777, 629, 629, 750.434, 121.434, 11000, 0, 750.434, 753.951, 3.516, 1182, 753.951, 755.571, 1.621, 11000, 0, 755.571, 758.434, 2.863, 1650, 758.434, 759.689, 1.254, 8000, 0, 759.689, 761.777, 2.089, 1200, 761.777, 763.194, 1.417, 10000, 0,    11.343,
 627, 777, 630, 630, 751.64, 121.64, 9000, 0, 751.64, 754.671, 3.031, 944, 754.671, 756.567, 1.896, 9000, 0, 756.567, 758.769, 2.203, 1350, 758.769, 760.614, 1.845, 6000, 0, 760.614, 762.334, 1.72, 900, 762.334, 764.104, 1.77, 8000, 0,    10.694,
 628, 777, 631, 631, 752.927, 121.927, 10000, 0, 752.927, 756.356, 3.429, 1082, 756.356, 757.596, 1.24, 10000, 0, 757.596, 761.223, 3.627, 1500, 761.223, 762.346, 1.123, 7000, 0, 762.346, 766.691, 4.345, 1050, 766.691, 767.712, 1.021, 9000, 0,    13.764,
 636, 777, 639, 639, 762.862, 123.862, 11000, 0, 762.862, 766.631, 3.769, 1121, 766.631, 767.872, 1.241, 11000, 0, 767.872, 767.872, 0, 1650,TimeOut
 629, 777, 632, 632, 754.241, 122.241, 11000, 0, 754.241, 757.859, 3.618, 1140, 757.859, 759.094, 1.235, 11000, 0, 759.094, 761.914, 2.82, 1650, 761.914, 763.784, 1.87, 8000, 0, 763.784, 767.949, 4.165, 1200, 767.949, 769.114, 1.165, 10000, 0,    13.708,
 630, 777, 633, 633, 755.551, 122.551, 10000, 0, 755.551, 759.636, 4.085, 1010, 759.636, 760.709, 1.073, 10000, 0, 760.709, 763.814, 3.105, 1500, 763.814, 764.834, 1.02, 7000, 0, 764.834, 768.755, 3.921, 1050, 768.755, 770.067, 1.312, 9000, 0,    13.204,
 631, 777, 634, 634, 756.61, 122.61, 8000, 0, 756.61, 760.348, 3.738, 889, 760.348, 761.717, 1.369, 8000, 0, 761.717, 764.102, 2.385, 1200, 764.102, 765.826, 1.723, 6000, 0, 765.826, 769.634, 3.809, 900, 769.634, 771.039, 1.404, 8000, 0,    13.024,
 632, 777, 635, 635, 757.795, 122.795, 10000, 0, 757.795, 761.944, 4.149, 1089, 761.944, 763.114, 1.17, 10000, 0, 763.114, 767.053, 3.939, 1500, 767.053, 768.248, 1.195, 7000, 0, 768.248, 771, 2.752, 1050, 771, 772.024, 1.024, 9000, 0,    13.205,
 633, 777, 636, 636, 759.094, 123.094, 11000, 0, 759.094, 762.942, 3.847, 1188, 762.942, 764.464, 1.522, 11000, 0, 764.464, 768.625, 4.161, 1650, 768.625, 769.941, 1.316, 8000, 0, 769.941, 772.005, 2.064, 1200, 772.005, 773.161, 1.156, 10000, 0,    12.911,
 640, 777, 643, 643, 768.013, 125.013, 11000, 0, 768.013, 770.553, 2.54, 1109, 770.553, 773.493, 2.94, 11000, 0, 773.493, 773.493, 0, 1650,TimeOut
 634, 777, 637, 637, 760.243, 123.243, 9000, 0, 760.243, 763.864, 3.622, 991, 763.864, 765.387, 1.522, 9000, 0, 765.387, 769.634, 4.248, 1350, 769.634, 770.923, 1.289, 6000, 0, 770.923, 772.303, 1.38, 900, 772.303, 774.039, 1.736, 8000, 0,    12.060,
 635, 777, 638, 638, 761.35, 123.35, 8000, 0, 761.35, 764.709, 3.359, 806, 764.709, 766.316, 1.607, 8000, 0, 766.316, 771.113, 4.796, 1200, 771.113, 772.092, 0.979, 6000, 0, 772.092, 775.034, 2.942, 900, 775.034, 775.983, 0.949, 8000, 0,    13.683,
 637, 777, 640, 640, 764.147, 124.147, 10000, 0, 764.147, 767.402, 3.255, 1059, 767.402, 769.034, 1.632, 10000, 0, 769.034, 772.987, 3.953, 1500, 772.987, 774.176, 1.19, 7000, 0, 774.176, 776.115, 1.939, 1050, 776.115, 777.194, 1.079, 9000, 0,    11.968,
 638, 777, 641, 641, 765.554, 124.554, 11000, 0, 765.554, 768.755, 3.201, 1135, 768.755, 770.312, 1.557, 11000, 0, 770.312, 773.89, 3.578, 1650, 773.89, 775.43, 1.54, 8000, 0, 775.43, 777.563, 2.133, 1200, 777.563, 778.627, 1.064, 10000, 0,    12.009,
 639, 777, 642, 642, 766.739, 124.739, 9000, 0, 766.739, 768.811, 2.072, 911, 768.811, 771.385, 2.574, 9000, 0, 771.385, 774.739, 3.354, 1350, 774.739, 776.332, 1.593, 6000, 0, 776.332, 778.93, 2.598, 900, 778.93, 779.85, 0.92, 8000, 0,    12.191,
 641, 777, 644, 644, 769.034, 125.034, 8000, 0, 769.034, 770.454, 1.421, 890, 770.454, 772.244, 1.79, 8000, 0, 772.244, 775.391, 3.146, 1200, 775.391, 777.348, 1.957, 6000, 0, 777.348, 780.019, 2.671, 900, 780.019, 780.973, 0.954, 8000, 0,    10.985,
 642, 777, 645, 645, 770.419, 125.419, 10000, 0, 770.419, 772.178, 1.76, 1066, 772.178, 774.647, 2.469, 10000, 0, 774.647, 776.376, 1.728, 1500, 776.376, 778.421, 2.045, 7000, 0, 778.421, 780.834, 2.413, 1050, 780.834, 782.024, 1.19, 9000, 0,    10.415,
 643, 777, 646, 646, 771.588, 125.588, 9000, 0, 771.588, 773.603, 2.015, 993, 773.603, 775.72, 2.117, 9000, 0, 775.72, 777.066, 1.346, 1350, 777.066, 779.277, 2.211, 6000, 0, 779.277, 781.269, 1.992, 900, 781.269, 782.911, 1.642, 8000, 0,     9.681,
 644, 777, 647, 647, 772.583, 125.583, 8000, 0, 772.583, 774.291, 1.708, 819, 774.291, 776.596, 2.305, 8000, 0, 776.596, 778.769, 2.173, 1200, 778.769, 780.241, 1.472, 6000, 0, 780.241, 782.107, 1.866, 900, 782.107, 783.827, 1.72, 8000, 0,     9.524,
 645, 777, 648, 648, 773.708, 125.708, 10000, 0, 773.708, 776.228, 2.52, 1066, 776.228, 777.762, 1.534, 10000, 0, 777.762, 779.971, 2.209, 1500, 779.971, 781.391, 1.42, 7000, 0, 781.391, 783.483, 2.092, 1050, 783.483, 784.809, 1.326, 9000, 0,     9.775,
 646, 777, 649, 649, 775.002, 126.002, 9000, 0, 775.002, 777.457, 2.455, 914, 777.457, 778.808, 1.351, 9000, 0, 778.808, 780.288, 1.48, 1350, 780.288, 782.44, 2.151, 6000, 0, 782.44, 784.85, 2.41, 900, 784.85, 785.725, 0.875, 8000, 0,     9.847,
 647, 777, 650, 650, 776.411, 126.411, 10000, 0, 776.411, 780.019, 3.608, 1091, 780.019, 781.14, 1.121, 10000, 0, 781.14, 782.86, 1.72, 1500, 782.86, 783.907, 1.047, 7000, 0, 783.907, 785.652, 1.745, 1050, 785.652, 786.79, 1.138, 9000, 0,     9.241,
 648, 777, 651, 651, 777.437, 126.437, 9000, 0, 777.437, 781.201, 3.763, 962, 781.201, 782.107, 0.906, 9000, 0, 782.107, 783.998, 1.891, 1350, 783.998, 785.042, 1.044, 6000, 0, 785.042, 786.231, 1.189, 900, 786.231, 787.685, 1.453, 8000, 0,     8.794,
 649, 777, 652, 652, 778.488, 126.488, 9000, 0, 778.488, 782.84, 4.352, 915, 782.84, 783.936, 1.096, 9000, 0, 783.936, 785.449, 1.513, 1350, 785.449, 786.368, 0.919, 6000, 0, 786.368, 788.396, 2.027, 900, 788.396, 789.301, 0.905, 8000, 0,     9.908,
 660, 777, 663, 663, 790.886, 127.886, 9000, 0, 790.886, 790.886, 0, 906,TimeOut
 650, 777, 653, 653, 779.468, 126.468, 8000, 0, 779.468, 783.652, 4.184, 849, 783.652, 784.856, 1.204, 8000, 0, 784.856, 787.022, 2.166, 1200, 787.022, 788.016, 0.994, 6000, 0, 788.016, 790.224, 2.208, 900, 790.224, 791.171, 0.947, 8000, 0,    10.756,
 661, 777, 664, 664, 791.893, 127.893, 8000, 0, 791.893, 791.893, 0, 865,TimeOut
 651, 777, 654, 654, 780.482, 126.482, 8000, 0, 780.482, 785.16, 4.678, 822, 785.16, 786.079, 0.919, 8000, 0, 786.079, 788.456, 2.376, 1200, 788.456, 789.331, 0.875, 6000, 0, 789.331, 791.236, 1.905, 900, 791.236, 792.164, 0.929, 8000, 0,    10.754,
 652, 777, 655, 655, 781.767, 126.767, 10000, 0, 781.767, 786.149, 4.382, 1008, 786.149, 787.386, 1.237, 10000, 0, 787.386, 789.24, 1.854, 1500, 789.24, 790.407, 1.167, 7000, 0, 790.407, 794.044, 3.636, 1050, 794.044, 795.142, 1.099, 9000, 0,    12.277,
 653, 777, 656, 656, 782.945, 126.945, 9000, 0, 782.945, 787.212, 4.267, 971, 787.212, 788.505, 1.292, 9000, 0, 788.505, 789.886, 1.381, 1350, 789.886, 791.32, 1.434, 6000, 0, 791.32, 794.375, 3.055, 900, 794.375, 796.046, 1.671, 8000, 0,    11.430,
 654, 777, 657, 657, 784.155, 127.155, 10000, 0, 784.155, 788.08, 3.925, 1000, 788.08, 789.632, 1.553, 10000, 0, 789.632, 791.497, 1.864, 1500, 791.497, 792.609, 1.112, 7000, 0, 792.609, 795.899, 3.29, 1050, 795.899, 797.076, 1.177, 9000, 0,    11.744,
 655, 777, 658, 658, 785.294, 127.294, 9000, 0, 785.294, 789.162, 3.868, 975, 789.162, 790.658, 1.496, 9000, 0, 790.658, 792.674, 2.016, 1350, 792.674, 793.73, 1.056, 6000, 0, 793.73, 796.044, 2.314, 900, 796.044, 798.023, 1.979, 8000, 0,    10.750,
 656, 777, 659, 659, 786.414, 127.414, 9000, 0, 786.414, 793.054, 6.64, 927, 793.054, 794.044, 0.99, 9000, 0, 794.044, 795.912, 1.869, 1350, 795.912, 796.911, 0.999, 6000, 0, 796.911, 798.73, 1.819, 900, 798.73, 799.595, 0.866, 8000, 0,    12.316,
 657, 777, 660, 660, 787.324, 127.324, 8000, 0, 787.324, 794.277, 6.954, 871, 794.277, 795.13, 0.853, 8000, 0, 795.13, 796.692, 1.562, 1200, 796.692, 797.934, 1.242, 6000, 0, 797.934, 800.139, 2.205, 900, 800.139, 801.102, 0.963, 8000, 0,    12.816,
 669, 777, 672, 672, 801.642, 129.642, 8000, 0, 801.642, 801.642, 0, 895,TimeOut
 658, 777, 661, 661, 788.524, 127.524, 10000, 0, 788.524, 795.043, 6.519, 1014, 795.043, 796.304, 1.261, 10000, 0, 796.304, 798.385, 2.081, 1500, 798.385, 799.442, 1.057, 7000, 0, 799.442, 801.076, 1.634, 1050, 801.076, 802.174, 1.098, 9000, 0,    12.552,
 659, 777, 662, 662, 789.735, 127.735, 9000, 0, 789.735, 795.722, 5.987, 994, 795.722, 797.398, 1.677, 9000, 0, 797.398, 799.9, 2.502, 1350, 799.9, 800.85, 0.95, 6000, 0, 800.85, 803.756, 2.905, 900, 803.756, 804.715, 0.959, 8000, 0,    14.021,
 672, 777, 675, 675, 805.973, 130.973, 11000, 0, 805.973, 805.973, 0, 1197,TimeOut
 662, 777, 665, 665, 793.175, 128.175, 10000, 0, 793.175, 796.783, 3.608, 1092, 796.783, 798.603, 1.82, 10000, 0, 798.603, 801.752, 3.148, 1500, 801.752, 802.774, 1.023, 7000, 0, 802.774, 805.088, 2.314, 1050, 805.088, 806.172, 1.084, 9000, 0,    11.913,
 663, 777, 666, 666, 794.466, 128.466, 11000, 0, 794.466, 798.755, 4.29, 1176, 798.755, 799.973, 1.217, 11000, 0, 799.973, 803.089, 3.116, 1650, 803.089, 804.304, 1.215, 8000, 0, 804.304, 806.086, 1.782, 1200, 806.086, 807.412, 1.326, 10000, 0,    11.621,
 674, 777, 677, 677, 808.273, 131.273, 10000, 0, 808.273, 808.273, 0, 1051,TimeOut
 664, 777, 667, 667, 795.695, 128.695, 10000, 0, 795.695, 800.013, 4.318, 1082, 800.013, 801.164, 1.152, 10000, 0, 801.164, 803.793, 2.628, 1500, 803.793, 805.452, 1.66, 7000, 0, 805.452, 806.99, 1.538, 1050, 806.99, 808.385, 1.395, 9000, 0,    11.295,
 665, 777, 668, 668, 796.953, 128.953, 10000, 0, 796.953, 801.762, 4.808, 1090, 801.762, 802.858, 1.096, 10000, 0, 802.858, 804.794, 1.936, 1500, 804.794, 806.539, 1.745, 7000, 0, 806.539, 807.937, 1.398, 1050, 807.937, 809.333, 1.396, 9000, 0,    10.984,
 666, 777, 669, 669, 798.063, 129.063, 9000, 0, 798.063, 803.901, 5.838, 978, 803.901, 805.015, 1.114, 9000, 0, 805.015, 806.804, 1.789, 1350, 806.804, 807.773, 0.969, 6000, 0, 807.773, 809.223, 1.45, 900, 809.223, 810.338, 1.115, 8000, 0,    11.160,
 676, 777, 679, 679, 810.442, 131.442, 9000, 0, 810.442, 810.442, 0, 972,TimeOut
 667, 777, 670, 670, 799.348, 129.348, 10000, 0, 799.348, 806.218, 6.87, 1003, 806.218, 807.358, 1.14, 10000, 0, 807.358, 810.544, 3.186, 1500, 810.544, 811.605, 1.061, 7000, 0, 811.605, 813.515, 1.91, 1050, 813.515, 814.505, 0.991, 9000, 0,    14.167,
 668, 777, 671, 671, 800.704, 129.704, 11000, 0, 800.704, 809.189, 8.485, 1153, 809.189, 810.346, 1.157, 11000, 0, 810.346, 813.656, 3.31, 1650, 813.656, 814.885, 1.229, 8000, 0, 814.885, 817.427, 2.541, 1200, 817.427, 818.524, 1.097, 10000, 0,    16.723,
 670, 777, 673, 673, 802.989, 129.989, 11000, 0, 802.989, 810.527, 7.537, 1195, 810.527, 811.883, 1.356, 11000, 0, 811.883, 814.7, 2.817, 1650, 814.7, 816.048, 1.348, 8000, 0, 816.048, 818.028, 1.98, 1200, 818.028, 819.792, 1.764, 10000, 0,    15.038,
 671, 777, 674, 674, 804.466, 130.466, 11000, 0, 804.466, 811.287, 6.821, 1118, 811.287, 813.235, 1.948, 11000, 0, 813.235, 815.55, 2.316, 1650, 815.55, 817.379, 1.829, 8000, 0, 817.379, 819.302, 1.923, 1200, 819.302, 820.938, 1.636, 10000, 0,    14.837,
 673, 777, 676, 676, 807.001, 131.001, 8000, 0, 807.001, 811.826, 4.825, 827, 811.826, 814.179, 2.353, 8000, 0, 814.179, 815.913, 1.734, 1200, 815.913, 818.298, 2.385, 6000, 0, 818.298, 819.808, 1.51, 900, 819.808, 821.878, 2.07, 8000, 0,    12.807,
 675, 777, 678, 678, 809.405, 131.405, 8000, 0, 809.405, 812.626, 3.22, 810, 812.626, 815.119, 2.494, 8000, 0, 815.119, 817.287, 2.168, 1200, 817.287, 819.304, 2.017, 6000, 0, 819.304, 820.91, 1.606, 900, 820.91, 822.79, 1.88, 8000, 0,    11.505,
 677, 777, 680, 680, 811.669, 131.669, 9000, 0, 811.669, 813.427, 1.758, 939, 813.427, 816.095, 2.667, 9000, 0, 816.095, 818.955, 2.861, 1350, 818.955, 820.283, 1.328, 6000, 0, 820.283, 822.235, 1.952, 900, 822.235, 823.669, 1.434, 8000, 0,    10.565,
 687, 777, 690, 690, 824.06, 134.06, 10000, 0, 824.06, 824.06, 0, 1018,TimeOut
 678, 777, 681, 681, 812.626, 131.626, 8000, 0, 812.626, 814.234, 1.608, 803, 814.234, 817.039, 2.805, 8000, 0, 817.039, 819.464, 2.425, 1200, 819.464, 821.169, 1.705, 6000, 0, 821.169, 822.877, 1.708, 900, 822.877, 824.608, 1.731, 8000, 0,    10.252,
 688, 777, 691, 691, 825.232, 134.232, 10000, 0, 825.232, 825.232, 0, 1042,TimeOut
 679, 777, 682, 682, 813.936, 131.936, 11000, 0, 813.936, 817.407, 3.471, 1176, 817.407, 818.72, 1.313, 11000, 0, 818.72, 820.656, 1.936, 1650, 820.656, 822.439, 1.783, 8000, 0, 822.439, 825.809, 3.37, 1200, 825.809, 826.845, 1.036, 10000, 0,    11.873,
 680, 777, 683, 683, 815.267, 132.267, 11000, 0, 815.267, 818.131, 2.864, 1113, 818.131, 819.962, 1.831, 11000, 0, 819.962, 822.387, 2.425, 1650, 822.387, 823.659, 1.272, 8000, 0, 823.659, 826.563, 2.904, 1200, 826.563, 827.913, 1.35, 10000, 0,    11.296,
 681, 777, 684, 684, 816.267, 132.267, 9000, 0, 816.267, 820.543, 4.276, 997, 820.543, 821.493, 0.95, 9000, 0, 821.493, 823.439, 1.946, 1350, 823.439, 824.665, 1.226, 6000, 0, 824.665, 827.815, 3.15, 900, 827.815, 828.818, 1.003, 8000, 0,    11.548,
 682, 777, 685, 685, 817.596, 132.596, 10000, 0, 817.596, 821.981, 4.385, 1099, 821.981, 823.081, 1.1, 10000, 0, 823.081, 824.697, 1.616, 1500, 824.697, 825.799, 1.102, 7000, 0, 825.799, 829.521, 3.722, 1050, 829.521, 830.565, 1.045, 9000, 0,    11.925,
 683, 777, 686, 686, 819.103, 133.103, 11000, 0, 819.103, 825.242, 6.139, 1106, 825.242, 826.503, 1.26, 11000, 0, 826.503, 829.51, 3.008, 1650, 829.51, 830.741, 1.231, 8000, 0, 830.741, 833.322, 2.581, 1200, 833.322, 834.512, 1.191, 10000, 0,    14.219,
 684, 777, 687, 687, 820.281, 133.281, 10000, 0, 820.281, 825.531, 5.249, 1007, 825.531, 827.725, 2.194, 10000, 0, 827.725, 830.185, 2.46, 1500, 830.185, 831.899, 1.714, 7000, 0, 831.899, 834.333, 2.434, 1050, 834.333, 835.607, 1.273, 9000, 0,    14.052,
 685, 777, 688, 688, 821.272, 133.272, 8000, 0, 821.272, 826.734, 5.463, 881, 826.734, 828.726, 1.992, 8000, 0, 828.726, 831.857, 3.131, 1200, 831.857, 832.83, 0.973, 6000, 0, 832.83, 835.224, 2.394, 900, 835.224, 836.504, 1.28, 8000, 0,    13.952,
 698, 777, 701, 701, 837.33, 136.33, 11000, 0, 837.33, 837.33, 0, 1105,TimeOut
 686, 777, 689, 689, 822.73, 133.73, 11000, 0, 822.73, 828.435, 5.705, 1174, 828.435, 829.992, 1.557, 11000, 0, 829.992, 833.01, 3.018, 1650, 833.01, 834.239, 1.229, 8000, 0, 834.239, 836.54, 2.301, 1200, 836.54, 837.566, 1.026, 10000, 0,    13.810,
 689, 777, 692, 692, 826.231, 134.231, 8000, 0, 826.231, 829.152, 2.921, 877, 829.152, 830.885, 1.733, 8000, 0, 830.885, 833.289, 2.404, 1200, 833.289, 835.203, 1.914, 6000, 0, 835.203, 836.866, 1.663, 900, 836.866, 838.55, 1.683, 8000, 0,    10.636,
 690, 777, 693, 693, 827.306, 134.306, 8000, 0, 827.306, 830.45, 3.144, 806, 830.45, 831.827, 1.377, 8000, 0, 831.827, 834.372, 2.545, 1200, 834.372, 836.113, 1.741, 6000, 0, 836.113, 837.812, 1.699, 900, 837.812, 839.592, 1.78, 8000, 0,    10.506,
 691, 777, 694, 694, 828.676, 134.676, 11000, 0, 828.676, 832.687, 4.011, 1158, 832.687, 834, 1.313, 11000, 0, 834, 836.54, 2.54, 1650, 836.54, 837.756, 1.216, 8000, 0, 837.756, 839.713, 1.957, 1200, 839.713, 840.801, 1.088, 10000, 0,    11.037,
 692, 777, 695, 695, 829.929, 134.929, 10000, 0, 829.929, 833.977, 4.048, 1025, 833.977, 835.146, 1.169, 10000, 0, 835.146, 837.39, 2.244, 1500, 837.39, 838.829, 1.439, 7000, 0, 838.829, 841.013, 2.183, 1050, 841.013, 842.05, 1.037, 9000, 0,    11.084,
 693, 777, 696, 696, 830.875, 134.875, 8000, 0, 830.875, 835.106, 4.23, 868, 835.106, 836.122, 1.017, 8000, 0, 836.122, 837.907, 1.785, 1200, 837.907, 839.757, 1.85, 6000, 0, 839.757, 841.667, 1.91, 900, 841.667, 843.033, 1.366, 8000, 0,    10.792,
 694, 777, 697, 697, 832.217, 135.217, 10000, 0, 832.217, 837.587, 5.37, 1053, 837.587, 838.698, 1.111, 10000, 0, 838.698, 841.546, 2.848, 1500, 841.546, 842.769, 1.223, 7000, 0, 842.769, 845.147, 2.378, 1050, 845.147, 846.301, 1.154, 9000, 0,    12.930,
 695, 777, 698, 698, 833.788, 135.788, 11000, 0, 833.788, 838.81, 5.022, 1180, 838.81, 840.03, 1.221, 11000, 0, 840.03, 844.009, 3.979, 1650, 844.009, 845.319, 1.31, 8000, 0, 845.319, 847.924, 2.605, 1200, 847.924, 849.124, 1.2, 10000, 0,    14.136,
 703, 777, 706, 706, 843.847, 137.847, 11000, 0, 843.847, 847.273, 3.426, 1145, 847.273, 849.161, 1.888, 11000, 0, 849.161, 849.161, 0, 1650,TimeOut
 696, 777, 699, 699, 834.905, 135.905, 9000, 0, 834.905, 840.391, 5.486, 925, 840.391, 841.408, 1.017, 9000, 0, 841.408, 844.491, 3.083, 1350, 844.491, 846.291, 1.799, 6000, 0, 846.291, 848.179, 1.889, 900, 848.179, 849.928, 1.748, 8000, 0,    13.274,
 697, 777, 700, 700, 836.006, 136.006, 8000, 0, 836.006, 842.147, 6.141, 824, 842.147, 842.912, 0.765, 8000, 0, 842.912, 846.453, 3.54, 1200, 846.453, 847.516, 1.064, 6000, 0, 847.516, 849.45, 1.934, 900, 849.45, 850.832, 1.382, 8000, 0,    13.444,
 699, 777, 702, 702, 838.529, 136.529, 9000, 0, 838.529, 842.648, 4.119, 937, 842.648, 843.984, 1.336, 9000, 0, 843.984, 847.16, 3.176, 1350, 847.16, 848.554, 1.394, 6000, 0, 848.554, 850.122, 1.568, 900, 850.122, 851.738, 1.616, 8000, 0,    11.593,
 700, 777, 703, 703, 839.899, 136.899, 11000, 0, 839.899, 843.926, 4.027, 1126, 843.926, 845.256, 1.33, 11000, 0, 845.256, 850.018, 4.762, 1650, 850.018, 851.398, 1.38, 8000, 0, 851.398, 853.368, 1.97, 1200, 853.368, 854.514, 1.146, 10000, 0,    13.469,
 701, 777, 704, 704, 841.172, 137.172, 10000, 0, 841.172, 844.413, 3.241, 1026, 844.413, 846.533, 2.12, 10000, 0, 846.533, 850.596, 4.064, 1500, 850.596, 852.493, 1.896, 7000, 0, 852.493, 854.06, 1.567, 1050, 854.06, 855.569, 1.509, 9000, 0,    12.889,
 709, 777, 712, 712, 851.821, 139.821, 9000, 0, 851.821, 853.553, 1.732, 983, 853.553, 856.301, 2.748, 9000, 0, 856.301, 856.301, 0, 1350,TimeOut
 702, 777, 705, 705, 842.435, 137.435, 11000, 0, 842.435, 846.646, 4.211, 1127, 846.646, 847.962, 1.316, 11000, 0, 847.962, 851.948, 3.986, 1650, 851.948, 853.816, 1.868, 8000, 0, 853.816, 856.006, 2.19, 1200, 856.006, 857.143, 1.137, 10000, 0,    13.571,
 711, 777, 714, 714, 853.961, 139.961, 10000, 0, 853.961, 856.683, 2.721, 1026, 856.683, 858.226, 1.544, 10000, 0, 858.226, 858.226, 0, 1500,TimeOut
 704, 777, 707, 707, 845.221, 138.221, 10000, 0, 845.221, 848.632, 3.411, 1020, 848.632, 850.332, 1.7, 10000, 0, 850.332, 852.94, 2.608, 1500, 852.94, 855.046, 2.106, 7000, 0, 855.046, 857.419, 2.373, 1050, 857.419, 858.474, 1.056, 9000, 0,    12.197,
 705, 777, 708, 708, 846.463, 138.463, 10000, 0, 846.463, 849.46, 2.997, 1027, 849.46, 851.446, 1.986, 10000, 0, 851.446, 855.188, 3.742, 1500, 855.188, 856.416, 1.228, 7000, 0, 856.416, 858.163, 1.747, 1050, 858.163, 859.459, 1.296, 9000, 0,    11.699,
 706, 777, 709, 709, 847.944, 138.944, 11000, 0, 847.944, 851.276, 3.332, 1105, 851.276, 852.722, 1.446, 11000, 0, 852.722, 856.581, 3.859, 1650, 856.581, 857.971, 1.389, 8000, 0, 857.971, 859.561, 1.59, 1200, 859.561, 860.692, 1.131, 10000, 0,    11.617,
 707, 777, 710, 710, 849.349, 139.349, 11000, 0, 849.349, 851.948, 2.599, 1183, 851.948, 853.954, 2.006, 11000, 0, 853.954, 858.673, 4.719, 1650, 858.673, 859.994, 1.321, 8000, 0, 859.994, 861.793, 1.798, 1200, 861.793, 862.9, 1.108, 10000, 0,    12.444,
 708, 777, 711, 711, 850.75, 139.75, 11000, 0, 850.75, 853.327, 2.576, 1196, 853.327, 855.245, 1.918, 11000, 0, 855.245, 859.112, 3.867, 1650, 859.112, 861.263, 2.151, 8000, 0, 861.263, 863.151, 1.888, 1200, 863.151, 864.421, 1.27, 10000, 0,    12.401,
 710, 777, 713, 713, 852.743, 139.743, 8000, 0, 852.743, 855.339, 2.596, 842, 855.339, 857.191, 1.853, 8000, 0, 857.191, 860.193, 3.002, 1200, 860.193, 862.181, 1.988, 6000, 0, 862.181, 863.454, 1.273, 900, 863.454, 865.334, 1.88, 8000, 0,    10.712,
 712, 777, 715, 715, 855.063, 140.063, 9000, 0, 855.063, 857.303, 2.24, 908, 857.303, 859.189, 1.887, 9000, 0, 859.189, 860.752, 1.563, 1350, 860.752, 863.112, 2.359, 6000, 0, 863.112, 864.728, 1.616, 900, 864.728, 866.358, 1.631, 8000, 0,     9.665,
 713, 777, 716, 716, 856.528, 140.528, 11000, 0, 856.528, 858.62, 2.092, 1167, 858.62, 860.459, 1.839, 11000, 0, 860.459, 862.925, 2.466, 1650, 862.925, 864.419, 1.494, 8000, 0, 864.419, 866.584, 2.165, 1200, 866.584, 867.625, 1.041, 10000, 0,    10.056,
 714, 777, 717, 717, 857.598, 140.598, 8000, 0, 857.598, 858.808, 1.21, 802, 858.808, 861.339, 2.531, 8000, 0, 861.339, 863.591, 2.252, 1200, 863.591, 865.365, 1.774, 6000, 0, 865.365, 866.787, 1.422, 900, 866.787, 868.561, 1.774, 8000, 0,     9.189,
 715, 777, 718, 718, 858.675, 140.675, 8000, 0, 858.675, 859.811, 1.136, 818, 859.811, 862.273, 2.462, 8000, 0, 862.273, 866.376, 4.103, 1200, 866.376, 867.231, 0.855, 6000, 0, 867.231, 870.441, 3.21, 900, 870.441, 871.375, 0.934, 8000, 0,    11.766,
 717, 777, 720, 720, 860.921, 140.921, 8000, 0, 860.921, 862.104, 1.184, 803, 862.104, 863.174, 1.07, 8000, 0, 863.174, 866.873, 3.699, 1200, 866.873, 868.158, 1.285, 6000, 0, 868.158, 870.621, 2.463, 900, 870.621, 872.276, 1.655, 8000, 0,     9.700,
 716, 777, 719, 719, 859.992, 140.992, 11000, 0, 859.992, 862.238, 2.245, 1152, 862.238, 864.387, 2.15, 11000, 0, 864.387, 869.69, 5.302, 1650, 869.69, 870.834, 1.145, 8000, 0, 870.834, 872.93, 2.095, 1200, 872.93, 874.09, 1.16, 10000, 0,    12.938,
 719, 777, 722, 722, 863.348, 141.348, 8000, 0, 863.348, 865.422, 2.074, 870, 865.422, 867.522, 2.101, 8000, 0, 867.522, 870.863, 3.34, 1200, 870.863, 872.991, 2.129, 6000, 0, 872.991, 874.793, 1.801, 900, 874.793, 875.805, 1.012, 8000, 0,    11.445,
 718, 777, 721, 721, 862.374, 141.374, 11000, 0, 862.374, 865.332, 2.958, 1179, 865.332, 866.592, 1.26, 11000, 0, 866.592, 869.96, 3.368, 1650, 869.96, 872.105, 2.145, 8000, 0, 872.105, 874.833, 2.728, 1200, 874.833, 876.976, 2.143, 10000, 0,    12.459,
 727, 777, 730, 730, 873.705, 143.705, 10000, 0, 873.705, 876.546, 2.841, 1066, 876.546, 878.722, 2.176, 10000, 0, 878.722, 878.722, 0, 1500,TimeOut
 720, 777, 723, 723, 864.817, 141.817, 11000, 0, 864.817, 869.359, 4.542, 1139, 869.359, 870.655, 1.297, 11000, 0, 870.655, 872.735, 2.08, 1650, 872.735, 874.398, 1.663, 8000, 0, 874.398, 877.961, 3.563, 1200, 877.961, 879.23, 1.269, 10000, 0,    13.144,
 721, 777, 724, 724, 866.095, 142.095, 10000, 0, 866.095, 869.821, 3.726, 1031, 869.821, 871.795, 1.974, 10000, 0, 871.795, 874.278, 2.483, 1500, 874.278, 875.41, 1.131, 7000, 0, 875.41, 878.076, 2.666, 1050, 878.076, 880.284, 2.208, 9000, 0,    11.981,
 722, 777, 725, 725, 867.167, 142.167, 8000, 0, 867.167, 871.234, 4.067, 892, 871.234, 872.645, 1.411, 8000, 0, 872.645, 874.653, 2.008, 1200, 874.653, 876.401, 1.748, 6000, 0, 876.401, 879.51, 3.109, 900, 879.51, 881.132, 1.622, 8000, 0,    12.343,
 723, 777, 726, 726, 868.469, 142.469, 10000, 0, 868.469, 871.778, 3.309, 1027, 871.778, 873.823, 2.045, 10000, 0, 873.823, 876.728, 2.905, 1500, 876.728, 877.867, 1.139, 7000, 0, 877.867, 880.085, 2.218, 1050, 880.085, 882.12, 2.035, 9000, 0,    11.616,
 724, 777, 727, 727, 869.649, 142.649, 11000, 0, 869.649, 874.042, 4.393, 1124, 874.042, 875.273, 1.231, 11000, 0, 875.273, 879.296, 4.023, 1650, 879.296, 880.539, 1.243, 8000, 0, 880.539, 883.006, 2.467, 1200, 883.006, 884.088, 1.083, 10000, 0,    13.357,
 725, 777, 728, 728, 871.01, 143.01, 10000, 0, 871.01, 874.576, 3.567, 1009, 874.576, 876.31, 1.734, 10000, 0, 876.31, 879.918, 3.607, 1500, 879.918, 881.631, 1.713, 7000, 0, 881.631, 885.161, 3.53, 1050, 885.161, 886.089, 0.927, 9000, 0,    14.152,
 726, 777, 729, 729, 872.314, 143.314, 11000, 0, 872.314, 876.287, 3.973, 1165, 876.287, 877.574, 1.287, 11000, 0, 877.574, 881.397, 3.823, 1650, 881.397, 882.994, 1.597, 8000, 0, 882.994, 887.186, 4.193, 1200, 887.186, 888.273, 1.086, 10000, 0,    14.872,
 728, 777, 731, 731, 875.141, 144.141, 10000, 0, 875.141, 877.866, 2.725, 1005, 877.866, 879.864, 1.998, 10000, 0, 879.864, 881.944, 2.08, 1500, 881.944, 884.21, 2.266, 7000, 0, 884.21, 887.601, 3.391, 1050, 887.601, 889.364, 1.763, 9000, 0,    12.460,
 729, 777, 732, 732, 876.201, 144.201, 8000, 0, 876.201, 878.02, 1.819, 898, 878.02, 880.754, 2.734, 8000, 0, 880.754, 883.151, 2.397, 1200, 883.151, 885.205, 2.053, 6000, 0, 885.205, 888.294, 3.09, 900, 888.294, 890.236, 1.942, 8000, 0,    12.094,
 730, 777, 733, 733, 877.346, 144.346, 10000, 0, 877.346, 879.939, 2.593, 1069, 879.939, 881.914, 1.975, 10000, 0, 881.914, 884.904, 2.99, 1500, 884.904, 886.351, 1.447, 7000, 0, 886.351, 888.907, 2.556, 1050, 888.907, 891.306, 2.399, 9000, 0,    11.560,
 731, 777, 734, 734, 878.771, 144.771, 10000, 0, 878.771, 880.903, 2.132, 1095, 880.903, 882.982, 2.078, 10000, 0, 882.982, 885.953, 2.971, 1500, 885.953, 887.397, 1.444, 7000, 0, 887.397, 890.644, 3.247, 1050, 890.644, 892.315, 1.671, 9000, 0,    11.872,
 732, 777, 735, 735, 880.27, 145.27, 11000, 0, 880.27, 881.924, 1.654, 1115, 881.924, 884.269, 2.345, 11000, 0, 884.269, 886.95, 2.681, 1650, 886.95, 888.574, 1.624, 8000, 0, 888.574, 892.201, 3.627, 1200, 892.201, 893.33, 1.129, 10000, 0,    11.931,
 733, 777, 736, 736, 881.27, 145.27, 8000, 0, 881.27, 882.44, 1.17, 827, 882.44, 885.329, 2.89, 8000, 0, 885.329, 887.373, 2.044, 1200, 887.373, 889.579, 2.206, 6000, 0, 889.579, 892.523, 2.944, 900, 892.523, 894.173, 1.649, 8000, 0,    11.254,
 734, 777, 737, 737, 882.289, 145.289, 8000, 0, 882.289, 884.874, 2.585, 864, 884.874, 886.25, 1.376, 8000, 0, 886.25, 888.485, 2.236, 1200, 888.485, 890.605, 2.12, 6000, 0, 890.605, 893.328, 2.723, 900, 893.328, 895.103, 1.775, 8000, 0,    11.039,
 735, 777, 738, 738, 883.316, 145.316, 8000, 0, 883.316, 886.081, 2.765, 891, 886.081, 887.175, 1.093, 8000, 0, 887.175, 888.844, 1.669, 1200, 888.844, 891.525, 2.681, 6000, 0, 891.525, 893.654, 2.129, 900, 893.654, 895.962, 2.308, 8000, 0,    10.337,
 736, 777, 739, 739, 884.615, 145.615, 10000, 0, 884.615, 886.93, 2.315, 1015, 886.93, 888.295, 1.364, 10000, 0, 888.295, 890.604, 2.309, 1500, 890.604, 892.657, 2.053, 7000, 0, 892.657, 894.721, 2.065, 1050, 894.721, 896.929, 2.208, 9000, 0,    10.107,
 737, 777, 740, 740, 885.975, 145.975, 11000, 0, 885.975, 888.375, 2.4, 1186, 888.375, 889.676, 1.301, 11000, 0, 889.676, 892.181, 2.505, 1650, 892.181, 893.941, 1.76, 8000, 0, 893.941, 895.612, 1.672, 1200, 895.612, 898.11, 2.498, 10000, 0,     9.637,
 738, 777, 741, 741, 886.988, 145.988, 9000, 0, 886.988, 889.117, 2.129, 950, 889.117, 890.67, 1.554, 9000, 0, 890.67, 892.851, 2.181, 1350, 892.851, 894.892, 2.041, 6000, 0, 894.892, 896.104, 1.211, 900, 896.104, 898.935, 2.832, 8000, 0,     9.115,
 739, 777, 742, 742, 888.355, 146.355, 11000, 0, 888.355, 890.999, 2.644, 1144, 890.999, 892.211, 1.212, 11000, 0, 892.211, 894.872, 2.661, 1650, 894.872, 896.202, 1.33, 8000, 0, 896.202, 898.545, 2.343, 1200, 898.545, 900.098, 1.554, 10000, 0,    10.189,
 740, 777, 743, 743, 889.502, 146.502, 10000, 0, 889.502, 891.727, 2.226, 1091, 891.727, 893.451, 1.724, 10000, 0, 893.451, 895.285, 1.834, 1500, 895.285, 897.321, 2.036, 7000, 0, 897.321, 899.059, 1.739, 1050, 899.059, 901.119, 2.06, 9000, 0,     9.557,
 741, 777, 744, 744, 890.817, 146.817, 10000, 0, 890.817, 894.923, 4.105, 1094, 894.923, 896.02, 1.097, 10000, 0, 896.02, 897.811, 1.791, 1500, 897.811, 898.984, 1.173, 7000, 0, 898.984, 900.375, 1.391, 1050, 900.375, 902.122, 1.747, 9000, 0,     9.558,
 742, 777, 745, 745, 892.077, 147.077, 11000, 0, 892.077, 896.074, 3.997, 1187, 896.074, 897.377, 1.304, 11000, 0, 897.377, 899.279, 1.902, 1650, 899.279, 900.556, 1.277, 8000, 0, 900.556, 902.903, 2.347, 1200, 902.903, 904.055, 1.152, 10000, 0,    10.826,
 743, 777, 746, 746, 893.056, 147.056, 9000, 0, 893.056, 896.725, 3.669, 930, 896.725, 898.398, 1.673, 9000, 0, 898.398, 900.375, 1.977, 1350, 900.375, 901.577, 1.202, 6000, 0, 901.577, 903.426, 1.849, 900, 903.426, 904.933, 1.507, 8000, 0,    10.370,
 744, 777, 747, 747, 894.398, 147.398, 11000, 0, 894.398, 898.662, 4.264, 1157, 898.662, 899.942, 1.28, 11000, 0, 899.942, 901.985, 2.042, 1650, 901.985, 903.217, 1.232, 8000, 0, 903.217, 906.271, 3.055, 1200, 906.271, 907.443, 1.171, 10000, 0,    11.873,
 745, 777, 748, 748, 895.512, 147.512, 9000, 0, 895.512, 898.878, 3.367, 927, 898.878, 900.979, 2.101, 9000, 0, 900.979, 902.527, 1.547, 1350, 902.527, 904.225, 1.699, 6000, 0, 904.225, 907.298, 3.073, 900, 907.298, 908.353, 1.055, 8000, 0,    11.787,
 746, 777, 749, 749, 896.523, 147.523, 8000, 0, 896.523, 900.427, 3.904, 865, 900.427, 902, 1.573, 8000, 0, 902, 904.199, 2.198, 1200, 904.199, 905.243, 1.044, 6000, 0, 905.243, 909.363, 4.12, 900, 909.363, 910.265, 0.903, 8000, 0,    12.839,
 747, 777, 750, 750, 897.77, 147.77, 10000, 0, 897.77, 901.025, 3.255, 1003, 901.025, 903.172, 2.147, 10000, 0, 903.172, 906.228, 3.056, 1500, 906.228, 907.305, 1.077, 7000, 0, 907.305, 909.891, 2.586, 1050, 909.891, 911.21, 1.319, 9000, 0,    12.121,
 748, 777, 751, 751, 898.797, 147.797, 8000, 0, 898.797, 902.058, 3.261, 896, 902.058, 904.135, 2.076, 8000, 0, 904.135, 906.346, 2.211, 1200, 906.346, 908.29, 1.944, 6000, 0, 908.29, 911.209, 2.918, 900, 911.209, 912.074, 0.865, 8000, 0,    12.411,
 749, 777, 752, 752, 899.874, 147.874, 8000, 0, 899.874, 902.4, 2.525, 830, 902.4, 905.113, 2.714, 8000, 0, 905.113, 907.842, 2.728, 1200, 907.842, 909.295, 1.453, 6000, 0, 909.295, 911.681, 2.387, 900, 911.681, 913.009, 1.327, 8000, 0,    11.807,
 750, 777, 753, 753, 901.369, 148.369, 11000, 0, 901.369, 905.189, 3.819, 1170, 905.189, 906.442, 1.253, 11000, 0, 906.442, 908.667, 2.225, 1650, 908.667, 910.66, 1.993, 8000, 0, 910.66, 914.494, 3.834, 1200, 914.494, 915.639, 1.145, 10000, 0,    13.125,
 751, 777, 754, 754, 902.813, 148.813, 11000, 0, 902.813, 905.924, 3.11, 1180, 905.924, 907.644, 1.721, 11000, 0, 907.644, 909.759, 2.115, 1650, 909.759, 911.928, 2.169, 8000, 0, 911.928, 915.357, 3.428, 1200, 915.357, 916.716, 1.359, 10000, 0,    12.543,
 752, 777, 755, 755, 904.156, 149.156, 11000, 0, 904.156, 908.232, 4.076, 1175, 908.232, 909.523, 1.29, 11000, 0, 909.523, 911.774, 2.251, 1650, 911.774, 913.17, 1.396, 8000, 0, 913.17, 916.214, 3.045, 1200, 916.214, 917.772, 1.558, 10000, 0,    12.058,
 753, 777, 756, 756, 905.355, 149.355, 9000, 0, 905.355, 908.733, 3.378, 955, 908.733, 910.624, 1.89, 9000, 0, 910.624, 912.506, 1.882, 1350, 912.506, 914.083, 1.577, 6000, 0, 914.083, 916.617, 2.534, 900, 916.617, 918.814, 2.197, 8000, 0,    11.262,
 754, 777, 757, 757, 906.324, 149.324, 8000, 0, 906.324, 910.019, 3.695, 842, 910.019, 911.552, 1.533, 8000, 0, 911.552, 913.387, 1.835, 1200, 913.387, 914.955, 1.568, 6000, 0, 914.955, 917.891, 2.936, 900, 917.891, 919.637, 1.746, 8000, 0,    11.567,
 755, 777, 758, 758, 907.466, 149.466, 10000, 0, 907.466, 911.045, 3.578, 1042, 911.045, 912.794, 1.749, 10000, 0, 912.794, 915.784, 2.99, 1500, 915.784, 916.925, 1.141, 7000, 0, 916.925, 919.33, 2.405, 1050, 919.33, 920.602, 1.272, 9000, 0,    11.864,
 756, 777, 759, 759, 908.566, 149.566, 8000, 0, 908.566, 912.388, 3.822, 831, 912.388, 913.682, 1.295, 8000, 0, 913.682, 916.538, 2.856, 1200, 916.538, 917.849, 1.311, 6000, 0, 917.849, 919.825, 1.976, 900, 919.825, 921.588, 1.763, 8000, 0,    11.259,
 757, 777, 760, 760, 909.956, 149.956, 9000, 0, 909.956, 914.141, 4.184, 916, 914.141, 915.201, 1.061, 9000, 0, 915.201, 918.157, 2.956, 1350, 918.157, 919.068, 0.91, 6000, 0, 919.068, 921.051, 1.983, 900, 921.051, 922.504, 1.454, 8000, 0,    11.094,
 764, 777, 767, 767, 918.569, 151.569, 10000, 0, 918.569, 922.483, 3.915, 1057, 922.483, 923.909, 1.426, 10000, 0, 923.909, 923.909, 0, 1500,TimeOut
 758, 777, 761, 761, 911.165, 150.165, 10000, 0, 911.165, 915.886, 4.721, 1083, 915.886, 917.195, 1.309, 10000, 0, 917.195, 919.571, 2.376, 1500, 919.571, 920.744, 1.173, 7000, 0, 920.744, 924.519, 3.774, 1050, 924.519, 925.612, 1.093, 9000, 0,    13.354,
 759, 777, 762, 762, 912.619, 150.619, 11000, 0, 912.619, 917.126, 4.507, 1193, 917.126, 918.422, 1.296, 11000, 0, 918.422, 921.051, 2.629, 1650, 921.051, 922.343, 1.292, 8000, 0, 922.343, 925.114, 2.771, 1200, 925.114, 926.83, 1.716, 10000, 0,    12.495,
 760, 777, 763, 763, 913.928, 150.928, 10000, 0, 913.928, 917.732, 3.803, 1048, 917.732, 919.572, 1.84, 10000, 0, 919.572, 922.814, 3.243, 1500, 922.814, 923.888, 1.073, 7000, 0, 923.888, 927.227, 3.34, 1050, 927.227, 928.341, 1.114, 9000, 0,    13.299,
 773, 777, 776, 776, 929.386, 153.386, 10000, 0, 929.386, 929.386, 0, 1000,TimeOut
 761, 777, 764, 764, 915.211, 151.211, 11000, 0, 915.211, 918.82, 3.608, 1128, 918.82, 920.866, 2.046, 11000, 0, 920.866, 924.753, 3.887, 1650, 924.753, 926.012, 1.259, 8000, 0, 926.012, 929.576, 3.564, 1200, 929.576, 930.877, 1.301, 10000, 0,    14.365,
 762, 777, 765, 765, 916.15, 151.15, 8000, 0, 916.15, 919.31, 3.16, 871, 919.31, 921.696, 2.386, 8000, 0, 921.696, 925.059, 3.363, 1200, 925.059, 927.077, 2.018, 6000, 0, 927.077, 929.576, 2.499, 900, 929.576, 931.931, 2.355, 8000, 0,    13.426,
 763, 777, 766, 766, 917.302, 151.302, 8000, 0, 917.302, 921.969, 4.667, 854, 921.969, 922.833, 0.864, 8000, 0, 922.833, 926.177, 3.345, 1200, 926.177, 928.019, 1.842, 6000, 0, 928.019, 930.956, 2.937, 900, 930.956, 932.864, 1.908, 8000, 0,    13.654,
 765, 777, 768, 768, 919.874, 151.874, 11000, 0, 919.874, 923.519, 3.645, 1119, 923.519, 925.144, 1.625, 11000, 0, 925.144, 927.077, 1.933, 1650, 927.077, 929.288, 2.21, 8000, 0, 929.288, 931.352, 2.065, 1200, 931.352, 934.063, 2.711, 10000, 0,    11.478,
 766, 777, 769, 769, 920.873, 151.873, 8000, 0, 920.873, 924.123, 3.25, 876, 924.123, 926.091, 1.968, 8000, 0, 926.091, 927.589, 1.498, 1200, 927.589, 930.165, 2.576, 6000, 0, 930.165, 932.432, 2.267, 900, 932.432, 935.021, 2.589, 8000, 0,    11.559,
 767, 777, 770, 770, 922.334, 152.334, 11000, 0, 922.334, 926.814, 4.48, 1131, 926.814, 928.181, 1.367, 11000, 0, 928.181, 930.416, 2.235, 1650, 930.416, 931.764, 1.347, 8000, 0, 931.764, 934.578, 2.814, 1200, 934.578, 936.236, 1.657, 10000, 0,    12.244,
 768, 777, 771, 771, 923.55, 152.55, 10000, 0, 923.55, 927.119, 3.569, 1069, 927.119, 929.363, 2.244, 10000, 0, 929.363, 931.335, 1.972, 1500, 931.335, 932.887, 1.552, 7000, 0, 932.887, 935.504, 2.617, 1050, 935.504, 937.254, 1.75, 9000, 0,    11.954,
 770, 777, 773, 773, 926.036, 153.036, 9000, 0, 926.036, 930.458, 4.423, 914, 930.458, 931.65, 1.192, 9000, 0, 931.65, 933.792, 2.142, 1350, 933.792, 934.748, 0.956, 6000, 0, 934.748, 936.485, 1.736, 900, 936.485, 938.191, 1.707, 8000, 0,    10.449,
 777, 777, 780, 780, 934.12, 154.12, 9000, 0, 934.12, 937.562, 3.442, 975, 937.562, 939.168, 1.606, 9000, 0, 939.168, 939.168, 0, 1350,TimeOut
 769, 777, 772, 772, 924.888, 152.888, 10000, 0, 924.888, 930.647, 5.759, 1011, 930.647, 932.862, 2.215, 10000, 0, 932.862, 934.799, 1.937, 1500, 934.799, 935.952, 1.153, 7000, 0, 935.952, 938.394, 2.443, 1050, 938.394, 939.431, 1.037, 9000, 0,    13.506,
 772, 777, 775, 775, 928.135, 153.135, 8000, 0, 928.135, 931.794, 3.659, 823, 931.794, 933.782, 1.988, 8000, 0, 933.782, 935.306, 1.524, 1200, 935.306, 936.857, 1.551, 6000, 0, 936.857, 938.777, 1.921, 900, 938.777, 940.324, 1.547, 8000, 0,    10.643,
 782, 777, 785, 785, 941.006, 156.006, 11000, 0, 941.006, 941.006, 0, 1126,TimeOut
 771, 777, 774, 774, 927.057, 153.057, 9000, 0, 927.057, 932.028, 4.971, 995, 932.028, 934.913, 2.885, 9000, 0, 934.913, 937.244, 2.331, 1350, 937.244, 938.208, 0.964, 6000, 0, 938.208, 939.776, 1.568, 900, 939.776, 941.285, 1.509, 8000, 0,    12.719,
 774, 777, 777, 777, 930.819, 153.819, 11000, 0, 930.819, 934.455, 3.636, 1142, 934.455, 936.173, 1.718, 11000, 0, 936.173, 939.724, 3.551, 1650, 939.724, 941.047, 1.323, 8000, 0, 941.047, 943.824, 2.777, 1200, 943.824, 944.934, 1.11, 10000, 0,    13.005,
 775, 777, 778, 778, 932, 154, 10000, 0, 932, 934.65, 2.65, 1096, 934.65, 937.297, 2.647, 10000, 0, 937.297, 940.616, 3.319, 1500, 940.616, 942.202, 1.586, 7000, 0, 942.202, 944.093, 1.891, 1050, 944.093, 946.081, 1.989, 9000, 0,    12.092,
 776, 777, 779, 779, 932.995, 153.995, 9000, 0, 932.995, 936.958, 3.963, 917, 936.958, 938.147, 1.189, 9000, 0, 938.147, 941.431, 3.284, 1350, 941.431, 943.211, 1.78, 6000, 0, 943.211, 945.529, 2.318, 900, 945.529, 946.983, 1.453, 8000, 0,    12.535,
 785, 777, 788, 788, 944.451, 156.451, 10000, 0, 944.451, 947.532, 3.08, 1011, 947.532, 948.877, 1.345, 10000, 0, 948.877, 948.877, 0, 1500,TimeOut
 778, 777, 781, 781, 935.633, 154.633, 11000, 0, 935.633, 941.006, 5.373, 1116, 941.006, 942.249, 1.243, 11000, 0, 942.249, 944.859, 2.61, 1650, 944.859, 946.185, 1.326, 8000, 0, 946.185, 948.391, 2.205, 1200, 948.391, 949.533, 1.143, 10000, 0,    12.757,
 779, 777, 782, 782, 937.086, 155.086, 10000, 0, 937.086, 941.203, 4.117, 1081, 941.203, 943.326, 2.123, 10000, 0, 943.326, 946.245, 2.919, 1500, 946.245, 947.319, 1.074, 7000, 0, 947.319, 950.036, 2.717, 1050, 950.036, 951.086, 1.05, 9000, 0,    12.950,
 780, 777, 783, 783, 938.253, 155.253, 9000, 0, 938.253, 943.074, 4.821, 903, 943.074, 944.235, 1.162, 9000, 0, 944.235, 946.777, 2.541, 1350, 946.777, 948.193, 1.416, 6000, 0, 948.193, 950.764, 2.571, 900, 950.764, 951.903, 1.139, 8000, 0,    12.511,
 781, 777, 784, 784, 939.513, 155.513, 11000, 0, 939.513, 943.722, 4.209, 1136, 943.722, 945.469, 1.748, 11000, 0, 945.469, 948.889, 3.42, 1650, 948.889, 950.121, 1.231, 8000, 0, 950.121, 952.398, 2.277, 1200, 952.398, 953.487, 1.089, 10000, 0,    12.885,
 783, 777, 786, 786, 942.11, 156.11, 9000, 0, 942.11, 945.582, 3.472, 990, 945.582, 946.797, 1.215, 9000, 0, 946.797, 949.018, 2.22, 1350, 949.018, 951.16, 2.142, 6000, 0, 951.16, 952.92, 1.761, 900, 952.92, 954.352, 1.432, 8000, 0,    10.810,
 784, 777, 787, 787, 943.117, 156.117, 8000, 0, 943.117, 946.155, 3.037, 894, 946.155, 947.743, 1.588, 8000, 0, 947.743, 950.228, 2.485, 1200, 950.228, 952.018, 1.79, 6000, 0, 952.018, 954.366, 2.348, 900, 954.366, 955.249, 0.883, 8000, 0,    11.248,
 786, 777, 789, 789, 945.529, 156.529, 9000, 0, 945.529, 947.833, 2.304, 978, 947.833, 949.932, 2.099, 9000, 0, 949.932, 951.594, 1.662, 1350, 951.594, 953.008, 1.414, 6000, 0, 953.008, 954.755, 1.747, 900, 954.755, 956.178, 1.423, 8000, 0,     9.226,
 787, 777, 790, 790, 946.949, 156.949, 10000, 0, 946.949, 949.214, 2.265, 1038, 949.214, 951.004, 1.791, 10000, 0, 951.004, 953.791, 2.786, 1500, 953.791, 954.798, 1.007, 7000, 0, 954.798, 957.154, 2.357, 1050, 957.154, 958.093, 0.939, 9000, 0,    10.206,
 788, 777, 791, 791, 948.019, 157.019, 9000, 0, 948.019, 949.738, 1.719, 909, 949.738, 952.137, 2.399, 9000, 0, 952.137, 954.268, 2.131, 1350, 954.268, 955.687, 1.419, 6000, 0, 955.687, 957.204, 1.517, 900, 957.204, 959.014, 1.81, 8000, 0,     9.184,
 789, 777, 792, 792, 949.069, 157.069, 8000, 0, 949.069, 950.94, 1.87, 868, 950.94, 953.076, 2.136, 8000, 0, 953.076, 954.977, 1.901, 1200, 954.977, 956.627, 1.65, 6000, 0, 956.627, 958.832, 2.205, 900, 958.832, 959.991, 1.159, 8000, 0,     9.763,
 790, 777, 793, 793, 950.218, 157.218, 9000, 0, 950.218, 951.835, 1.617, 958, 951.835, 954.073, 2.237, 9000, 0, 954.073, 955.695, 1.623, 1350, 955.695, 957.619, 1.924, 6000, 0, 957.619, 959.256, 1.637, 900, 959.256, 960.977, 1.721, 8000, 0,     9.038,
 791, 777, 794, 794, 951.587, 157.587, 11000, 0, 951.587, 954.548, 2.961, 1101, 954.548, 955.785, 1.238, 11000, 0, 955.785, 958.201, 2.416, 1650, 958.201, 959.526, 1.325, 8000, 0, 959.526, 961.889, 2.363, 1200, 961.889, 963.169, 1.28, 10000, 0,    10.302,
 792, 777, 795, 795, 952.821, 157.821, 9000, 0, 952.821, 955.338, 2.517, 996, 955.338, 956.684, 1.346, 9000, 0, 956.684, 959.324, 2.639, 1350, 959.324, 960.394, 1.071, 6000, 0, 960.394, 962.444, 2.05, 900, 962.444, 964.167, 1.723, 8000, 0,     9.623,
 794, 777, 797, 797, 954.947, 157.947, 9000, 0, 954.947, 957.236, 2.289, 908, 957.236, 958.883, 1.647, 9000, 0, 958.883, 960.697, 1.815, 1350, 960.697, 962.366, 1.668, 6000, 0, 962.366, 963.876, 1.51, 900, 963.876, 965.125, 1.249, 8000, 0,     8.929,
 803, 777, 807, 807, 965.815, 158.815, 8000, 0, 965.815, 965.815, 0, 899,TimeOut
 793, 777, 796, 796, 953.881, 157.881, 10000, 0, 953.881, 956.464, 2.583, 1011, 956.464, 957.809, 1.345, 10000, 0, 957.809, 960.241, 2.432, 1500, 960.241, 961.489, 1.247, 7000, 0, 961.489, 963.963, 2.475, 1050, 963.963, 966.189, 2.225, 9000, 0,    10.083,
 795, 777, 798, 798, 956.005, 158.005, 8000, 0, 956.005, 958.812, 2.807, 865, 958.812, 959.795, 0.983, 8000, 0, 959.795, 961.683, 1.888, 1200, 961.683, 963.394, 1.711, 6000, 0, 963.394, 965.514, 2.12, 900, 965.514, 967.126, 1.612, 8000, 0,     9.509,
 796, 777, 799, 799, 957.032, 158.032, 8000, 0, 957.032, 959.398, 2.366, 847, 959.398, 960.779, 1.381, 8000, 0, 960.779, 962.319, 1.539, 1200, 962.319, 964.301, 1.982, 6000, 0, 964.301, 966.137, 1.836, 900, 966.137, 968.008, 1.87, 8000, 0,     9.105,
 797, 777, 800, 800, 958.408, 158.408, 11000, 0, 958.408, 961.507, 3.099, 1115, 961.507, 962.738, 1.232, 11000, 0, 962.738, 965.287, 2.549, 1650, 965.287, 966.571, 1.284, 8000, 0, 966.571, 968.646, 2.075, 1200, 968.646, 969.851, 1.205, 10000, 0,    10.239,
 807, 777, 811, 811, 970.715, 159.715, 8000, 0, 970.715, 970.715, 0, 810,TimeOut
 798, 777, 801, 801, 959.751, 158.751, 10000, 0, 959.751, 963.566, 3.815, 1083, 963.566, 964.722, 1.156, 10000, 0, 964.722, 967.035, 2.313, 1500, 967.035, 968.149, 1.114, 7000, 0, 968.149, 970.259, 2.11, 1050, 970.259, 971.218, 0.959, 9000, 0,    10.508,
 809, 777, 813, 813, 973.204, 160.204, 9000, 0, 973.204, 973.204, 0, 949,TimeOut
 799, 777, 802, 802, 961.054, 159.054, 9000, 0, 961.054, 966.085, 5.031, 975, 966.085, 967.065, 0.98, 9000, 0, 967.065, 968.686, 1.621, 1350, 968.686, 969.653, 0.967, 6000, 0, 969.653, 972.447, 2.793, 900, 972.447, 973.461, 1.014, 8000, 0,    11.393,
 800, 777, 804, 804, 962.271, 158.271, 10000, 0, 962.271, 967.184, 4.914, 1061, 967.184, 968.281, 1.097, 10000, 0, 968.281, 970.133, 1.852, 1500, 970.133, 971.198, 1.065, 7000, 0, 971.198, 973.797, 2.599, 1050, 973.797, 974.731, 0.934, 9000, 0,    11.527,
 801, 777, 805, 805, 963.517, 158.517, 11000, 0, 963.517, 968.625, 5.108, 1138, 968.625, 969.969, 1.345, 11000, 0, 969.969, 972.762, 2.793, 1650, 972.762, 974.074, 1.312, 8000, 0, 974.074, 977.089, 3.015, 1200, 977.089, 978.278, 1.189, 10000, 0,    13.572,
 802, 777, 806, 806, 964.816, 158.816, 11000, 0, 964.816, 971.715, 6.899, 1194, 971.715, 973.067, 1.352, 11000, 0, 973.067, 976.562, 3.495, 1650, 976.562, 977.798, 1.236, 8000, 0, 977.798, 979.587, 1.79, 1200, 979.587, 980.753, 1.165, 10000, 0,    14.771,
 804, 777, 808, 808, 966.859, 158.859, 9000, 0, 966.859, 973.254, 6.395, 939, 973.254, 974.357, 1.102, 9000, 0, 974.357, 978.003, 3.647, 1350, 978.003, 978.91, 0.907, 6000, 0, 978.91, 980.419, 1.508, 900, 980.419, 981.731, 1.312, 8000, 0,    13.560,
 805, 777, 809, 809, 968.286, 159.286, 11000, 0, 968.286, 974.597, 6.311, 1117, 974.597, 975.846, 1.249, 11000, 0, 975.846, 979.161, 3.315, 1650, 979.161, 980.475, 1.314, 8000, 0, 980.475, 982.384, 1.909, 1200, 982.384, 983.471, 1.087, 10000, 0,    14.098,
 806, 777, 810, 810, 969.679, 159.679, 11000, 0, 969.679, 975.212, 5.533, 1169, 975.212, 977.045, 1.833, 11000, 0, 977.045, 980.334, 3.29, 1650, 980.334, 981.669, 1.335, 8000, 0, 981.669, 984.04, 2.371, 1200, 984.04, 985.159, 1.119, 10000, 0,    14.361,
 808, 777, 812, 812, 972.114, 160.114, 11000, 0, 972.114, 977.065, 4.951, 1124, 977.065, 978.407, 1.342, 11000, 0, 978.407, 982, 3.593, 1650, 982, 983.285, 1.285, 8000, 0, 983.285, 985.208, 1.922, 1200, 985.208, 986.385, 1.177, 10000, 0,    13.094,
 810, 777, 814, 814, 974.283, 160.283, 8000, 0, 974.283, 977.467, 3.184, 887, 977.467, 979.299, 1.832, 8000, 0, 979.299, 982.322, 3.023, 1200, 982.322, 984.223, 1.901, 6000, 0, 984.223, 985.377, 1.154, 900, 985.377, 987.221, 1.844, 8000, 0,    11.093,
 811, 777, 815, 815, 975.692, 160.692, 11000, 0, 975.692, 980.208, 4.516, 1138, 980.208, 981.413, 1.205, 11000, 0, 981.413, 983.777, 2.364, 1650, 983.777, 985.489, 1.712, 8000, 0, 985.489, 988.523, 3.034, 1200, 988.523, 989.696, 1.173, 10000, 0,    12.831,
 812, 777, 816, 816, 977.006, 161.006, 11000, 0, 977.006, 980.577, 3.571, 1114, 980.577, 982.685, 2.108, 11000, 0, 982.685, 984.689, 2.004, 1650, 984.689, 986.8, 2.111, 8000, 0, 986.8, 989.872, 3.072, 1200, 989.872, 991.037, 1.165, 10000, 0,    12.866,
 814, 777, 818, 818, 979.62, 161.62, 9000, 0, 979.62, 983.096, 3.476, 936, 983.096, 984.194, 1.098, 9000, 0, 984.194, 986.438, 2.244, 1350, 986.438, 987.818, 1.38, 6000, 0, 987.818, 990.44, 2.621, 900, 990.44, 992.032, 1.592, 8000, 0,    10.820,
 813, 777, 817, 817, 978.433, 161.433, 11000, 0, 978.433, 983.292, 4.86, 1184, 983.292, 985.412, 2.12, 11000, 0, 985.412, 987.641, 2.228, 1650, 987.641, 989.09, 1.449, 8000, 0, 989.09, 992.416, 3.326, 1200, 992.416, 993.506, 1.09, 10000, 0,    13.983,
 815, 777, 819, 819, 981.095, 162.095, 11000, 0, 981.095, 985.279, 4.184, 1139, 985.279, 986.696, 1.417, 11000, 0, 986.696, 988.884, 2.188, 1650, 988.884, 990.39, 1.506, 8000, 0, 990.39, 992.882, 2.492, 1200, 992.882, 994.626, 1.745, 10000, 0,    11.787,
 816, 777, 820, 820, 982.395, 162.395, 11000, 0, 982.395, 985.479, 3.084, 1157, 985.479, 988.059, 2.58, 11000, 0, 988.059, 990.781, 2.722, 1650, 990.781, 991.952, 1.171, 8000, 0, 991.952, 994.623, 2.671, 1200, 994.623, 995.746, 1.124, 10000, 0,    12.228,
 817, 777, 821, 821, 983.599, 162.599, 9000, 0, 983.599, 986.766, 3.166, 950, 986.766, 989.233, 2.467, 9000, 0, 989.233, 991.089, 1.856, 1350, 991.089, 992.854, 1.765, 6000, 0, 992.854, 994.705, 1.851, 900, 994.705, 996.634, 1.93, 8000, 0,    11.105,
 818, 777, 822, 822, 984.727, 162.727, 10000, 0, 984.727, 987.117, 2.39, 1014, 987.117, 990.424, 3.307, 10000, 0, 990.424, 992.545, 2.121, 1500, 992.545, 994.017, 1.471, 7000, 0, 994.017, 996.5, 2.483, 1050, 996.5, 997.654, 1.154, 9000, 0,    11.773,
 819, 777, 823, 823, 986.037, 163.037, 11000, 0, 986.037, 989.714, 3.677, 1108, 989.714, 991.64, 1.926, 11000, 0, 991.64, 993.523, 1.883, 1650, 993.523, 995.389, 1.866, 8000, 0, 995.389, 997.612, 2.223, 1200, 997.612, 998.816, 1.203, 10000, 0,    11.575,
 820, 777, 824, 824, 987.472, 163.472, 10000, 0, 987.472, 990.191, 2.719, 1041, 990.191, 992.739, 2.549, 10000, 0, 992.739, 994.861, 2.122, 1500, 994.861, 996.542, 1.681, 7000, 0, 996.542, 998.338, 1.796, 1050, 998.338, 999.942, 1.604, 9000, 0,    10.866,
 821, 777, 825, 825, 988.659, 163.659, 10000, 0, 988.659, 991.992, 3.333, 1031, 991.992, 993.91, 1.919, 10000, 0, 993.91, 995.605, 1.694, 1500, 995.605, 997.731, 2.127, 7000, 0, 997.731, 999.498, 1.767, 1050, 999.498, 1000.936, 1.437, 9000, 0,    10.839,
 822, 777, 826, 826, 990.153, 164.153, 10000, 0, 990.153, 993.572, 3.42, 1061, 993.572, 995.062, 1.49, 10000, 0, 995.062, 996.662, 1.6, 1500, 996.662, 998.955, 2.293, 7000, 0, 998.955, 1000.875, 1.919, 1050, 1000.875, 1002.037, 1.162, 9000, 0,    10.722,
 823, 777, 827, 827, 991.099, 164.099, 8000, 0, 991.099, 995.68, 4.58, 803, 995.68, 996.56, 0.88, 8000, 0, 996.56, 998.156, 1.596, 1200, 998.156, 999.87, 1.714, 6000, 0, 999.87, 1001.444, 1.574, 900, 1001.444, 1002.914, 1.47, 8000, 0,    10.345,
 833, 777, 837, 837, 1003.425, 166.425, 8000, 0, 1003.425, 1003.425, 0, 841,TimeOut
 824, 777, 828, 828, 992.269, 164.269, 10000, 0, 992.269, 996.852, 4.583, 1017, 996.852, 997.917, 1.065, 10000, 0, 997.917, 1000.06, 2.143, 1500, 1000.06, 1001.178, 1.118, 7000, 0, 1001.178, 1003.471, 2.292, 1050, 1003.471, 1004.535, 1.064, 9000, 0,    11.202,
 825, 777, 829, 829, 993.404, 164.404, 9000, 0, 993.404, 998.238, 4.834, 917, 998.238, 999.361, 1.123, 9000, 0, 999.361, 1001.855, 2.493, 1350, 1001.855, 1002.831, 0.976, 6000, 0, 1002.831, 1004.363, 1.532, 900, 1004.363, 1005.489, 1.125, 8000, 0,    10.959,
 826, 777, 830, 830, 994.523, 164.523, 9000, 0, 994.523, 999.053, 4.53, 922, 999.053, 1000.361, 1.307, 9000, 0, 1000.361, 1002.925, 2.564, 1350, 1002.925, 1003.908, 0.983, 6000, 0, 1003.908, 1005.071, 1.163, 900, 1005.071, 1006.355, 1.284, 8000, 0,    10.548,
 838, 777, 842, 842, 1009.92, 167.92, 11000, 0, 1009.92, 1009.92, 0, 1193,TimeOut
 827, 777, 831, 831, 995.978, 164.978, 11000, 0, 995.978, 1000.527, 4.549, 1193, 1000.527, 1001.675, 1.147, 11000, 0, 1001.675, 1004.463, 2.788, 1650, 1004.463, 1005.771, 1.308, 8000, 0, 1005.771, 1009.501, 3.73, 1200, 1009.501, 1010.898, 1.397, 10000, 0,    13.523,
 828, 777, 832, 832, 997.366, 165.366, 10000, 0, 997.366, 1001.695, 4.329, 1094, 1001.695, 1002.74, 1.046, 10000, 0, 1002.74, 1005.457, 2.716, 1500, 1005.457, 1006.813, 1.357, 7000, 0, 1006.813, 1010.259, 3.446, 1050, 1010.259, 1012.111, 1.851, 9000, 0,    12.893,
 829, 777, 833, 833, 998.942, 165.942, 11000, 0, 998.942, 1003.749, 4.807, 1141, 1003.749, 1005.021, 1.272, 11000, 0, 1005.021, 1006.749, 1.729, 1650, 1006.749, 1008.025, 1.276, 8000, 0, 1008.025, 1011.532, 3.507, 1200, 1011.532, 1013.181, 1.649, 10000, 0,    12.590,
 830, 777, 834, 834, 1000.09, 166.09, 9000, 0, 1000.09, 1004.433, 4.343, 962, 1004.433, 1006.198, 1.765, 9000, 0, 1006.198, 1007.589, 1.391, 1350, 1007.589, 1009.02, 1.43, 6000, 0, 1009.02, 1011.744, 2.724, 900, 1011.744, 1014.131, 2.387, 8000, 0,    11.653,
 831, 777, 835, 835, 1001.319, 166.319, 10000, 0, 1001.319, 1007.419, 6.1, 1056, 1007.419, 1008.668, 1.249, 10000, 0, 1008.668, 1011.205, 2.537, 1500, 1011.205, 1012.391, 1.186, 7000, 0, 1012.391, 1014.342, 1.951, 1050, 1014.342, 1015.349, 1.007, 9000, 0,    13.023,
 832, 777, 836, 836, 1002.459, 166.459, 9000, 0, 1002.459, 1007.539, 5.08, 917, 1007.539, 1009.703, 2.164, 9000, 0, 1009.703, 1012.178, 2.474, 1350, 1012.178, 1013.368, 1.19, 6000, 0, 1013.368, 1015.277, 1.909, 900, 1015.277, 1016.373, 1.096, 8000, 0,    12.818,
 834, 777, 838, 838, 1004.823, 166.823, 11000, 0, 1004.823, 1010.298, 5.475, 1172, 1010.298, 1011.532, 1.234, 11000, 0, 1011.532, 1013.8, 2.268, 1650, 1013.8, 1015.137, 1.337, 8000, 0, 1015.137, 1016.795, 1.658, 1200, 1016.795, 1017.911, 1.116, 10000, 0,    11.971,
 845, 777, 849, 849, 1019.069, 170.069, 10000, 0, 1019.069, 1019.069, 0, 1016,TimeOut
 835, 777, 839, 839, 1006.187, 167.187, 10000, 0, 1006.187, 1010.318, 4.131, 1090, 1010.318, 1012.719, 2.401, 10000, 0, 1012.719, 1015.568, 2.849, 1500, 1015.568, 1016.71, 1.142, 7000, 0, 1016.71, 1018.624, 1.914, 1050, 1018.624, 1019.868, 1.244, 9000, 0,    12.437,
 847, 777, 851, 851, 1021.438, 170.438, 10000, 0, 1021.438, 1021.438, 0, 1039,TimeOut
 837, 777, 841, 841, 1008.634, 167.634, 8000, 0, 1008.634, 1013.82, 5.186, 845, 1013.82, 1014.68, 0.86, 8000, 0, 1014.68, 1016.904, 2.225, 1200, 1016.904, 1017.888, 0.984, 6000, 0, 1017.888, 1021.35, 3.462, 900, 1021.35, 1022.213, 0.863, 8000, 0,    12.716,
 836, 777, 840, 840, 1007.547, 167.547, 11000, 0, 1007.547, 1014.582, 7.034, 1144, 1014.582, 1015.951, 1.369, 11000, 0, 1015.951, 1017.941, 1.991, 1650, 1017.941, 1019.196, 1.255, 8000, 0, 1019.196, 1022.924, 3.728, 1200, 1022.924, 1024.053, 1.129, 10000, 0,    15.377,
 839, 777, 843, 843, 1011.148, 168.148, 11000, 0, 1011.148, 1016.598, 5.451, 1190, 1016.598, 1017.961, 1.363, 11000, 0, 1017.961, 1020.683, 2.721, 1650, 1020.683, 1021.95, 1.267, 8000, 0, 1021.95, 1024.653, 2.704, 1200, 1024.653, 1025.686, 1.033, 10000, 0,    13.506,
 840, 777, 844, 844, 1012.525, 168.525, 10000, 0, 1012.525, 1016.956, 4.431, 1097, 1016.956, 1019.229, 2.273, 10000, 0, 1019.229, 1022.615, 3.386, 1500, 1022.615, 1023.726, 1.11, 7000, 0, 1023.726, 1025.914, 2.189, 1050, 1025.914, 1026.957, 1.043, 9000, 0,    13.390,
 841, 777, 845, 845, 1013.84, 168.84, 10000, 0, 1013.84, 1019.882, 6.041, 1011, 1019.882, 1020.929, 1.047, 10000, 0, 1020.929, 1023.381, 2.451, 1500, 1023.381, 1024.833, 1.452, 7000, 0, 1024.833, 1026.763, 1.93, 1050, 1026.763, 1027.955, 1.192, 9000, 0,    12.923,
 842, 777, 846, 846, 1015.227, 169.227, 11000, 0, 1015.227, 1021.458, 6.232, 1165, 1021.458, 1022.824, 1.366, 11000, 0, 1022.824, 1025.329, 2.505, 1650, 1025.329, 1026.467, 1.139, 8000, 0, 1026.467, 1028.968, 2.501, 1200, 1028.968, 1030.118, 1.149, 10000, 0,    13.741,
 843, 777, 847, 847, 1016.64, 169.64, 10000, 0, 1016.64, 1023.139, 6.499, 1081, 1023.139, 1024.256, 1.118, 10000, 0, 1024.256, 1026.861, 2.605, 1500, 1026.861, 1027.897, 1.036, 7000, 0, 1027.897, 1029.839, 1.942, 1050, 1029.839, 1031.109, 1.27, 9000, 0,    13.199,
 844, 777, 848, 848, 1017.822, 169.822, 8000, 0, 1017.822, 1023.531, 5.709, 855, 1023.531, 1025.265, 1.734, 8000, 0, 1025.265, 1028.069, 2.804, 1200, 1028.069, 1029.002, 0.933, 6000, 0, 1029.002, 1031.268, 2.266, 900, 1031.268, 1032.192, 0.924, 8000, 0,    13.446,
 846, 777, 850, 850, 1020.155, 170.155, 9000, 0, 1020.155, 1025.544, 5.389, 943, 1025.544, 1026.58, 1.036, 9000, 0, 1026.58, 1030.233, 3.653, 1350, 1030.233, 1031.138, 0.905, 6000, 0, 1031.138, 1032.871, 1.732, 900, 1032.871, 1033.855, 0.984, 8000, 0,    12.715,
 849, 777, 853, 853, 1023.896, 170.896, 8000, 0, 1023.896, 1027.466, 3.57, 887, 1027.466, 1028.737, 1.271, 8000, 0, 1028.737, 1032.002, 3.265, 1200, 1032.002, 1033.793, 1.79, 6000, 0, 1033.793, 1036.171, 2.378, 900, 1036.171, 1037.064, 0.893, 8000, 0,    12.275,
 848, 777, 852, 852, 1022.9, 170.9, 11000, 0, 1022.9, 1026.113, 3.213, 1108, 1026.113, 1027.823, 1.709, 11000, 0, 1027.823, 1031.672, 3.849, 1650, 1031.672, 1032.891, 1.22, 8000, 0, 1032.891, 1036.374, 3.483, 1200, 1036.374, 1038.2, 1.826, 10000, 0,    13.474,
 850, 777, 854, 854, 1025.227, 171.227, 11000, 0, 1025.227, 1029.682, 4.456, 1153, 1029.682, 1030.948, 1.266, 11000, 0, 1030.948, 1033.983, 3.035, 1650, 1033.983, 1035.297, 1.313, 8000, 0, 1035.297, 1038.376, 3.079, 1200, 1038.376, 1039.56, 1.184, 10000, 0,    13.149,
 851, 777, 855, 855, 1026.468, 171.468, 10000, 0, 1026.468, 1030.805, 4.336, 1015, 1030.805, 1032.067, 1.262, 10000, 0, 1032.067, 1034.22, 2.153, 1500, 1034.22, 1036.425, 2.205, 7000, 0, 1036.425, 1038.376, 1.951, 1050, 1038.376, 1040.598, 2.222, 9000, 0,    11.907,
 852, 777, 856, 856, 1027.564, 171.564, 9000, 0, 1027.564, 1031.761, 4.198, 994, 1031.761, 1033.067, 1.306, 9000, 0, 1033.067, 1036.068, 3.001, 1350, 1036.068, 1037.352, 1.283, 6000, 0, 1037.352, 1040.385, 3.033, 900, 1040.385, 1041.562, 1.177, 8000, 0,    12.821,
 853, 777, 857, 857, 1028.785, 171.785, 10000, 0, 1028.785, 1032.427, 3.642, 1008, 1032.427, 1034.174, 1.747, 10000, 0, 1034.174, 1036.384, 2.21, 1500, 1036.384, 1038.457, 2.073, 7000, 0, 1038.457, 1040.728, 2.271, 1050, 1040.728, 1042.62, 1.892, 9000, 0,    11.943,
 861, 777, 865, 865, 1038.278, 173.278, 9000, 0, 1038.278, 1041.246, 2.968, 934, 1041.246, 1043.124, 1.878, 9000, 0, 1043.124, 1043.124, 0, 1350,TimeOut
 854, 777, 858, 858, 1029.962, 171.962, 10000, 0, 1029.962, 1034.3, 4.338, 1094, 1034.3, 1035.451, 1.152, 10000, 0, 1035.451, 1038.229, 2.777, 1500, 1038.229, 1039.518, 1.29, 7000, 0, 1039.518, 1042.036, 2.518, 1050, 1042.036, 1043.57, 1.535, 9000, 0,    12.074,
 855, 777, 859, 859, 1031.108, 172.108, 9000, 0, 1031.108, 1034.93, 3.822, 922, 1034.93, 1036.557, 1.626, 9000, 0, 1036.557, 1038.527, 1.97, 1350, 1038.527, 1040.405, 1.878, 6000, 0, 1040.405, 1042.102, 1.698, 900, 1042.102, 1044.501, 2.399, 8000, 0,    10.994,
 856, 777, 860, 860, 1032.19, 172.19, 8000, 0, 1032.19, 1036.364, 4.174, 855, 1036.364, 1037.547, 1.184, 8000, 0, 1037.547, 1040.183, 2.636, 1200, 1040.183, 1041.257, 1.074, 6000, 0, 1041.257, 1044.721, 3.464, 900, 1044.721, 1045.606, 0.885, 8000, 0,    12.531,
 857, 777, 861, 861, 1033.389, 172.389, 9000, 0, 1033.389, 1037.022, 3.633, 920, 1037.022, 1038.614, 1.592, 9000, 0, 1038.614, 1040.896, 2.281, 1350, 1040.896, 1042.215, 1.32, 6000, 0, 1042.215, 1045.055, 2.84, 900, 1045.055, 1046.504, 1.448, 8000, 0,    11.666,
 863, 777, 867, 867, 1040.657, 173.657, 9000, 0, 1040.657, 1043.065, 2.407, 950, 1043.065, 1045.33, 2.266, 9000, 0, 1045.33, 1047.158, 1.828, 1350, 1047.158, 1048.476, 1.318, 6000, 0, 1048.476, 1048.476, 0, 900,TimeOut
 859, 777, 863, 863, 1035.877, 172.877, 9000, 0, 1035.877, 1039.09, 3.214, 983, 1039.09, 1041.093, 2.002, 9000, 0, 1041.093, 1043.66, 2.568, 1350, 1043.66, 1045.442, 1.782, 6000, 0, 1045.442, 1048.734, 3.292, 900, 1048.734, 1049.578, 0.844, 8000, 0,    12.857,
 858, 777, 862, 862, 1034.821, 172.821, 11000, 0, 1034.821, 1038.727, 3.906, 1144, 1038.727, 1040.058, 1.331, 11000, 0, 1040.058, 1043.193, 3.135, 1650, 1043.193, 1044.448, 1.256, 8000, 0, 1044.448, 1048.801, 4.353, 1200, 1048.801, 1050.642, 1.842, 10000, 0,    13.979,
 860, 777, 864, 864, 1037.006, 173.006, 9000, 0, 1037.006, 1040.657, 3.651, 921, 1040.657, 1042.168, 1.511, 9000, 0, 1042.168, 1044.843, 2.675, 1350, 1044.843, 1046.494, 1.65, 6000, 0, 1046.494, 1051.052, 4.559, 900, 1051.052, 1052.021, 0.969, 8000, 0,    14.046,
 862, 777, 866, 866, 1039.575, 173.575, 10000, 0, 1039.575, 1042.763, 3.188, 1007, 1042.763, 1044.365, 1.601, 10000, 0, 1044.365, 1046.449, 2.084, 1500, 1046.449, 1047.565, 1.116, 7000, 0, 1047.565, 1051.424, 3.859, 1050, 1051.424, 1053.093, 1.669, 9000, 0,    11.848,
 864, 777, 868, 868, 1041.723, 173.723, 8000, 0, 1041.723, 1044.124, 2.401, 888, 1044.124, 1046.246, 2.122, 8000, 0, 1046.246, 1048.109, 1.864, 1200, 1048.109, 1049.303, 1.194, 6000, 0, 1049.303, 1053.103, 3.8, 900, 1053.103, 1054.013, 0.91, 8000, 0,    11.380,
 865, 777, 869, 869, 1043.11, 174.11, 11000, 0, 1043.11, 1044.694, 1.584, 1101, 1044.694, 1047.563, 2.869, 11000, 0, 1047.563, 1049.798, 2.235, 1650, 1049.798, 1051.078, 1.28, 8000, 0, 1051.078, 1053.827, 2.749, 1200, 1053.827, 1055.175, 1.348, 10000, 0,    10.717,
 866, 777, 870, 870, 1044.321, 174.321, 10000, 0, 1044.321, 1046.205, 1.884, 1089, 1046.205, 1048.643, 2.439, 10000, 0, 1048.643, 1050.524, 1.881, 1500, 1050.524, 1052.214, 1.69, 7000, 0, 1052.214, 1054.701, 2.487, 1050, 1054.701, 1056.206, 1.505, 9000, 0,    10.380,
 867, 777, 871, 871, 1045.379, 174.379, 9000, 0, 1045.379, 1047.858, 2.479, 935, 1047.858, 1049.724, 1.865, 9000, 0, 1049.724, 1051.308, 1.585, 1350, 1051.308, 1053.177, 1.869, 6000, 0, 1053.177, 1055.233, 2.055, 900, 1055.233, 1057.198, 1.965, 8000, 0,     9.854,
 874, 777, 878, 878, 1053.937, 175.937, 8000, 0, 1053.937, 1057.83, 3.893, 812, 1057.83, 1059.66, 1.83, 8000, 0, 1059.66, 1059.66, 0, 1200,TimeOut
 868, 777, 872, 872, 1046.616, 174.616, 10000, 0, 1046.616, 1048.96, 2.344, 1085, 1048.96, 1050.811, 1.851, 10000, 0, 1050.811, 1053.066, 2.255, 1500, 1053.066, 1054.342, 1.276, 7000, 0, 1054.342, 1059.22, 4.878, 1050, 1059.22, 1060.331, 1.111, 9000, 0,    12.605,
 869, 777, 873, 873, 1047.887, 174.887, 11000, 0, 1047.887, 1051.288, 3.402, 1101, 1051.288, 1052.692, 1.404, 11000, 0, 1052.692, 1055.34, 2.648, 1650, 1055.34, 1056.709, 1.369, 8000, 0, 1056.709, 1060.413, 3.704, 1200, 1060.413, 1061.53, 1.117, 10000, 0,    12.526,
 870, 777, 874, 874, 1048.97, 174.97, 9000, 0, 1048.97, 1052.225, 3.255, 951, 1052.225, 1053.68, 1.456, 9000, 0, 1053.68, 1056.747, 3.066, 1350, 1056.747, 1057.683, 0.936, 6000, 0, 1057.683, 1060.997, 3.315, 900, 1060.997, 1062.409, 1.411, 8000, 0,    12.028,
 871, 777, 875, 875, 1050.289, 175.289, 11000, 0, 1050.289, 1054.75, 4.462, 1103, 1054.75, 1055.949, 1.199, 11000, 0, 1055.949, 1059.767, 3.818, 1650, 1059.767, 1061.075, 1.308, 8000, 0, 1061.075, 1064.494, 3.418, 1200, 1064.494, 1065.624, 1.13, 10000, 0,    14.205,
 872, 777, 876, 876, 1051.724, 175.724, 11000, 0, 1051.724, 1055.972, 4.249, 1171, 1055.972, 1057.323, 1.351, 11000, 0, 1057.323, 1060.522, 3.199, 1650, 1060.522, 1062.397, 1.875, 8000, 0, 1062.397, 1065.217, 2.82, 1200, 1065.217, 1066.77, 1.553, 10000, 0,    13.494,
 873, 777, 877, 877, 1052.912, 175.912, 10000, 0, 1052.912, 1057.441, 4.529, 1057, 1057.441, 1058.674, 1.232, 10000, 0, 1058.674, 1062.126, 3.452, 1500, 1062.126, 1063.503, 1.378, 7000, 0, 1063.503, 1066.195, 2.692, 1050, 1066.195, 1067.74, 1.545, 9000, 0,    13.283,
 876, 777, 880, 880, 1056.365, 176.365, 8000, 0, 1056.365, 1059.459, 3.094, 805, 1059.459, 1060.647, 1.188, 8000, 0, 1060.647, 1062.731, 2.084, 1200, 1062.731, 1064.396, 1.664, 6000, 0, 1064.396, 1066.425, 2.03, 900, 1066.425, 1068.64, 2.215, 8000, 0,    10.060,
 875, 777, 879, 879, 1055.147, 176.147, 10000, 0, 1055.147, 1059.64, 4.493, 1081, 1059.64, 1061.865, 2.224, 10000, 0, 1061.865, 1064.278, 2.414, 1500, 1064.278, 1065.539, 1.261, 7000, 0, 1065.539, 1067.798, 2.258, 1050, 1067.798, 1069.698, 1.901, 9000, 0,    12.650,
 877, 777, 881, 881, 1057.478, 176.478, 10000, 0, 1057.478, 1062.016, 4.538, 1041, 1062.016, 1063.184, 1.168, 10000, 0, 1063.184, 1065.475, 2.291, 1500, 1065.475, 1066.552, 1.077, 7000, 0, 1066.552, 1068.175, 1.624, 1050, 1068.175, 1070.84, 2.665, 9000, 0,    10.697,
 878, 777, 882, 882, 1058.841, 176.841, 11000, 0, 1058.841, 1062.341, 3.5, 1186, 1062.341, 1064.404, 2.063, 11000, 0, 1064.404, 1066.527, 2.123, 1650, 1066.527, 1067.847, 1.32, 8000, 0, 1067.847, 1069.66, 1.813, 1200, 1069.66, 1072.001, 2.342, 10000, 0,    10.819,
 879, 777, 883, 883, 1060.231, 177.231, 11000, 0, 1060.231, 1064.394, 4.162, 1107, 1064.394, 1065.727, 1.334, 11000, 0, 1065.727, 1067.556, 1.829, 1650, 1067.556, 1069.129, 1.573, 8000, 0, 1069.129, 1071.422, 2.294, 1200, 1071.422, 1073.079, 1.657, 10000, 0,    11.191,
 880, 777, 884, 884, 1061.478, 177.478, 9000, 0, 1061.478, 1064.424, 2.946, 940, 1064.424, 1066.768, 2.345, 9000, 0, 1066.768, 1068.498, 1.729, 1350, 1068.498, 1070.05, 1.552, 6000, 0, 1070.05, 1071.999, 1.95, 900, 1071.999, 1073.971, 1.971, 8000, 0,    10.522,
 881, 777, 885, 885, 1062.613, 177.613, 9000, 0, 1062.613, 1065.815, 3.202, 938, 1065.815, 1067.889, 2.074, 9000, 0, 1067.889, 1069.561, 1.672, 1350, 1069.561, 1071.02, 1.459, 6000, 0, 1071.02, 1073.343, 2.323, 900, 1073.343, 1074.981, 1.637, 8000, 0,    10.730,
 882, 777, 886, 886, 1063.982, 177.982, 11000, 0, 1063.982, 1066.06, 2.078, 1113, 1066.06, 1069.159, 3.099, 11000, 0, 1069.159, 1072.162, 3.002, 1650, 1072.162, 1073.281, 1.12, 8000, 0, 1073.281, 1075.231, 1.949, 1200, 1075.231, 1076.338, 1.107, 10000, 0,    11.249,
 883, 777, 887, 887, 1065.341, 178.341, 10000, 0, 1065.341, 1067.402, 2.061, 1032, 1067.402, 1070.196, 2.794, 10000, 0, 1070.196, 1072.666, 2.47, 1500, 1072.666, 1074.513, 1.847, 7000, 0, 1074.513, 1076.266, 1.753, 1050, 1076.266, 1077.32, 1.053, 9000, 0,    10.925,
 884, 777, 888, 888, 1066.466, 178.466, 8000, 0, 1066.466, 1068.326, 1.859, 891, 1068.326, 1071.058, 2.732, 8000, 0, 1071.058, 1073.477, 2.419, 1200, 1073.477, 1075.588, 2.111, 6000, 0, 1075.588, 1078.101, 2.513, 900, 1078.101, 1078.935, 0.835, 8000, 0,    11.634,
 891, 777, 895, 895, 1074.876, 179.876, 8000, 0, 1074.876, 1078.218, 3.343, 885, 1078.218, 1079.596, 1.377, 8000, 0, 1079.596, 1079.596, 0, 1200,TimeOut
 885, 777, 889, 889, 1067.778, 178.778, 11000, 0, 1067.778, 1071.297, 3.52, 1178, 1071.297, 1072.565, 1.268, 11000, 0, 1072.565, 1075.894, 3.329, 1650, 1075.894, 1077.052, 1.158, 8000, 0, 1077.052, 1080.7, 3.647, 1200, 1080.7, 1081.851, 1.151, 10000, 0,    12.922,
 886, 777, 890, 890, 1069.024, 179.024, 10000, 0, 1069.024, 1072.711, 3.687, 1014, 1072.711, 1073.834, 1.122, 10000, 0, 1073.834, 1077.445, 3.611, 1500, 1077.445, 1078.568, 1.123, 7000, 0, 1078.568, 1080.93, 2.362, 1050, 1080.93, 1082.893, 1.963, 9000, 0,    11.906,
 887, 777, 891, 891, 1070.006, 179.006, 8000, 0, 1070.006, 1073.929, 3.923, 848, 1073.929, 1074.784, 0.854, 8000, 0, 1074.784, 1078.101, 3.317, 1200, 1078.101, 1079.576, 1.475, 6000, 0, 1079.576, 1082.236, 2.66, 900, 1082.236, 1083.896, 1.66, 8000, 0,    12.230,
 888, 777, 892, 892, 1070.968, 178.968, 8000, 0, 1070.968, 1074.306, 3.338, 849, 1074.306, 1075.798, 1.492, 8000, 0, 1075.798, 1079.766, 3.968, 1200, 1079.766, 1080.69, 0.924, 6000, 0, 1080.69, 1082.774, 2.085, 900, 1082.774, 1084.701, 1.927, 8000, 0,    11.806,
 889, 777, 893, 893, 1072.376, 179.376, 11000, 0, 1072.376, 1076.134, 3.759, 1137, 1076.134, 1077.505, 1.371, 11000, 0, 1077.505, 1081.359, 3.854, 1650, 1081.359, 1082.809, 1.45, 8000, 0, 1082.809, 1084.527, 1.718, 1200, 1084.527, 1085.91, 1.383, 10000, 0,    12.152,
 890, 777, 894, 894, 1073.835, 179.835, 11000, 0, 1073.835, 1076.553, 2.719, 1110, 1076.553, 1078.797, 2.244, 11000, 0, 1078.797, 1082.845, 4.048, 1650, 1082.845, 1084.018, 1.173, 8000, 0, 1084.018, 1086.238, 2.221, 1200, 1086.238, 1087.313, 1.075, 10000, 0,    12.404,
 892, 777, 896, 896, 1076.191, 180.191, 11000, 0, 1076.191, 1080.286, 4.095, 1132, 1080.286, 1081.489, 1.202, 11000, 0, 1081.489, 1084.371, 2.883, 1650, 1084.371, 1085.659, 1.288, 8000, 0, 1085.659, 1087.348, 1.689, 1200, 1087.348, 1088.545, 1.197, 10000, 0,    11.157,
 893, 777, 897, 897, 1077.671, 180.671, 11000, 0, 1077.671, 1081.935, 4.265, 1157, 1081.935, 1083.184, 1.248, 11000, 0, 1083.184, 1085.525, 2.341, 1650, 1085.525, 1086.877, 1.353, 8000, 0, 1086.877, 1090.314, 3.437, 1200, 1090.314, 1091.449, 1.134, 10000, 0,    12.644,
 894, 777, 898, 898, 1079.109, 181.109, 11000, 0, 1079.109, 1082.507, 3.398, 1126, 1082.507, 1084.288, 1.782, 11000, 0, 1084.288, 1086.862, 2.574, 1650, 1086.862, 1088.165, 1.302, 8000, 0, 1088.165, 1091.307, 3.142, 1200, 1091.307, 1092.634, 1.327, 10000, 0,    12.198,
 895, 777, 899, 899, 1080.581, 181.581, 11000, 0, 1080.581, 1084.13, 3.549, 1115, 1084.13, 1085.541, 1.412, 11000, 0, 1085.541, 1087.986, 2.445, 1650, 1087.986, 1089.521, 1.535, 8000, 0, 1089.521, 1092.597, 3.076, 1200, 1092.597, 1093.764, 1.168, 10000, 0,    12.016,
 896, 777, 900, 900, 1081.577, 181.577, 8000, 0, 1081.577, 1084.288, 2.711, 808, 1084.288, 1086.465, 2.177, 8000, 0, 1086.465, 1088.458, 1.993, 1200, 1088.458, 1090.409, 1.951, 6000, 0, 1090.409, 1092.812, 2.403, 900, 1092.812, 1094.639, 1.827, 8000, 0,    11.235,
 897, 777, 901, 901, 1082.816, 181.816, 10000, 0, 1082.816, 1086.351, 3.536, 1046, 1086.351, 1087.683, 1.332, 10000, 0, 1087.683, 1089.955, 2.272, 1500, 1089.955, 1091.572, 1.617, 7000, 0, 1091.572, 1094.819, 3.247, 1050, 1094.819, 1095.792, 0.973, 9000, 0,    12.003,
 898, 777, 902, 902, 1084.065, 182.065, 10000, 0, 1084.065, 1086.547, 2.481, 1071, 1086.547, 1088.769, 2.222, 10000, 0, 1088.769, 1090.675, 1.906, 1500, 1090.675, 1092.681, 2.006, 7000, 0, 1092.681, 1095.165, 2.484, 1050, 1095.165, 1096.774, 1.608, 9000, 0,    11.100,
 899, 777, 903, 903, 1085.105, 182.105, 8000, 0, 1085.105, 1088.038, 2.933, 888, 1088.038, 1089.717, 1.679, 8000, 0, 1089.717, 1091.747, 2.03, 1200, 1091.747, 1093.638, 1.89, 6000, 0, 1093.638, 1097.044, 3.406, 900, 1097.044, 1097.928, 0.883, 8000, 0,    11.939,
 910, 777, 914, 914, 1098.311, 184.311, 11000, 0, 1098.311, 1098.311, 0, 1155,TimeOut
 900, 777, 904, 904, 1086.331, 182.331, 10000, 0, 1086.331, 1088.858, 2.526, 1048, 1088.858, 1090.919, 2.061, 10000, 0, 1090.919, 1093.809, 2.89, 1500, 1093.809, 1094.963, 1.154, 7000, 0, 1094.963, 1097.491, 2.529, 1050, 1097.491, 1099.102, 1.611, 9000, 0,    11.160,
 901, 777, 905, 905, 1087.231, 182.231, 8000, 0, 1087.231, 1091.231, 4, 827, 1091.231, 1092.218, 0.987, 8000, 0, 1092.218, 1094.588, 2.37, 1200, 1094.588, 1095.909, 1.321, 6000, 0, 1095.909, 1099.457, 3.548, 900, 1099.457, 1100.34, 0.883, 8000, 0,    12.226,
 902, 777, 906, 906, 1088.425, 182.425, 10000, 0, 1088.425, 1092.266, 3.841, 1037, 1092.266, 1093.42, 1.155, 10000, 0, 1093.42, 1095.95, 2.53, 1500, 1095.95, 1097.061, 1.111, 7000, 0, 1097.061, 1100.878, 3.817, 1050, 1100.878, 1101.852, 0.973, 9000, 0,    12.454,
 903, 777, 907, 907, 1089.312, 182.312, 8000, 0, 1089.312, 1092.901, 3.589, 868, 1092.901, 1094.335, 1.434, 8000, 0, 1094.335, 1096.231, 1.896, 1200, 1096.231, 1098.04, 1.809, 6000, 0, 1098.04, 1101.458, 3.417, 900, 1101.458, 1102.726, 1.268, 8000, 0,    12.146,
 904, 777, 908, 908, 1090.791, 182.791, 11000, 0, 1090.791, 1095.085, 4.294, 1176, 1095.085, 1096.403, 1.318, 11000, 0, 1096.403, 1098.49, 2.087, 1650, 1098.49, 1099.707, 1.217, 8000, 0, 1099.707, 1102.454, 2.747, 1200, 1102.454, 1103.841, 1.388, 10000, 0,    11.663,
 905, 777, 909, 909, 1091.934, 182.934, 10000, 0, 1091.934, 1096.531, 4.597, 1042, 1096.531, 1097.601, 1.07, 10000, 0, 1097.601, 1099.668, 2.066, 1500, 1099.668, 1100.84, 1.173, 7000, 0, 1100.84, 1102.883, 2.042, 1050, 1102.883, 1104.865, 1.982, 9000, 0,    10.949,
 906, 777, 910, 910, 1093.333, 183.333, 10000, 0, 1093.333, 1098.647, 5.314, 1010, 1098.647, 1099.745, 1.098, 10000, 0, 1099.745, 1101.528, 1.783, 1500, 1101.528, 1102.809, 1.282, 7000, 0, 1102.809, 1104.366, 1.556, 1050, 1104.366, 1105.957, 1.592, 9000, 0,    11.032,
 918, 777, 922, 922, 1108.774, 186.774, 11000, 0, 1108.774, 1108.774, 0, 1140,TimeOut
 907, 777, 911, 911, 1094.496, 183.496, 10000, 0, 1094.496, 1099.323, 4.827, 1033, 1099.323, 1100.903, 1.58, 10000, 0, 1100.903, 1103.107, 2.204, 1500, 1103.107, 1104.252, 1.145, 7000, 0, 1104.252, 1107.866, 3.614, 1050, 1107.866, 1108.866, 1, 9000, 0,    13.370,
 908, 777, 912, 912, 1095.555, 183.555, 8000, 0, 1095.555, 1101.006, 5.451, 834, 1101.006, 1101.952, 0.946, 8000, 0, 1101.952, 1103.862, 1.91, 1200, 1103.862, 1105.236, 1.374, 6000, 0, 1105.236, 1108.292, 3.056, 900, 1108.292, 1109.805, 1.513, 8000, 0,    12.736,
 909, 777, 913, 913, 1096.945, 183.945, 10000, 0, 1096.945, 1101.82, 4.875, 1087, 1101.82, 1103.009, 1.189, 10000, 0, 1103.009, 1105.384, 2.375, 1500, 1105.384, 1106.528, 1.144, 7000, 0, 1106.528, 1109.368, 2.84, 1050, 1109.368, 1110.785, 1.417, 9000, 0,    12.423,
 911, 777, 915, 915, 1099.488, 184.488, 10000, 0, 1099.488, 1103.269, 3.781, 1082, 1103.269, 1104.429, 1.16, 10000, 0, 1104.429, 1106.354, 1.925, 1500, 1106.354, 1107.624, 1.269, 7000, 0, 1107.624, 1109.964, 2.34, 1050, 1109.964, 1111.881, 1.917, 9000, 0,    10.476,
 921, 777, 925, 925, 1112.532, 187.532, 11000, 0, 1112.532, 1112.532, 0, 1128,TimeOut
 912, 777, 916, 916, 1100.88, 184.88, 10000, 0, 1100.88, 1104.621, 3.741, 1029, 1104.621, 1105.835, 1.214, 10000, 0, 1105.835, 1107.681, 1.846, 1500, 1107.681, 1108.744, 1.063, 7000, 0, 1108.744, 1111.148, 2.404, 1050, 1111.148, 1112.853, 1.705, 9000, 0,    10.268,
 913, 777, 917, 917, 1102.032, 185.032, 9000, 0, 1102.032, 1106.471, 4.438, 985, 1106.471, 1107.585, 1.115, 9000, 0, 1107.585, 1109.645, 2.059, 1350, 1109.645, 1110.641, 0.996, 6000, 0, 1110.641, 1112.434, 1.793, 900, 1112.434, 1113.754, 1.321, 8000, 0,    10.401,
 914, 777, 918, 918, 1103.315, 185.315, 10000, 0, 1103.315, 1109.819, 6.503, 1053, 1109.819, 1110.995, 1.177, 10000, 0, 1110.995, 1112.874, 1.878, 1500, 1112.874, 1113.948, 1.074, 7000, 0, 1113.948, 1115.312, 1.364, 1050, 1115.312, 1116.392, 1.08, 9000, 0,    11.996,
 915, 777, 919, 919, 1104.457, 185.457, 9000, 0, 1104.457, 1111.115, 6.659, 995, 1111.115, 1112.074, 0.958, 9000, 0, 1112.074, 1113.504, 1.43, 1350, 1113.504, 1114.871, 1.366, 6000, 0, 1114.871, 1116.296, 1.425, 900, 1116.296, 1117.27, 0.975, 8000, 0,    11.839,
 916, 777, 920, 920, 1105.705, 185.705, 10000, 0, 1105.705, 1112.934, 7.229, 1072, 1112.934, 1113.946, 1.013, 10000, 0, 1113.946, 1116.33, 2.384, 1500, 1116.33, 1117.367, 1.037, 7000, 0, 1117.367, 1120.361, 2.994, 1050, 1120.361, 1121.383, 1.022, 9000, 0,    14.656,
 917, 777, 921, 921, 1107.34, 186.34, 11000, 0, 1107.34, 1113.869, 6.529, 1196, 1113.869, 1115.111, 1.242, 11000, 0, 1115.111, 1117.346, 2.235, 1650, 1117.346, 1118.69, 1.344, 8000, 0, 1118.69, 1121.608, 2.918, 1200, 1121.608, 1122.838, 1.231, 10000, 0,    14.268,
 919, 777, 923, 923, 1109.994, 186.994, 11000, 0, 1109.994, 1115.017, 5.023, 1134, 1115.017, 1116.296, 1.279, 11000, 0, 1116.296, 1118.596, 2.3, 1650, 1118.596, 1119.838, 1.242, 8000, 0, 1119.838, 1122.841, 3.004, 1200, 1122.841, 1124.011, 1.17, 10000, 0,    12.848,
 920, 777, 924, 924, 1111.176, 187.176, 9000, 0, 1111.176, 1115.601, 4.425, 906, 1115.601, 1117.242, 1.641, 9000, 0, 1117.242, 1119.214, 1.972, 1350, 1119.214, 1120.7, 1.486, 6000, 0, 1120.7, 1123.952, 3.252, 900, 1123.952, 1125.052, 1.1, 8000, 0,    12.776,
 922, 777, 926, 926, 1113.869, 187.869, 11000, 0, 1113.869, 1118.664, 4.795, 1190, 1118.664, 1120.051, 1.387, 11000, 0, 1120.051, 1122.402, 2.351, 1650, 1122.402, 1123.74, 1.337, 8000, 0, 1123.74, 1125.687, 1.948, 1200, 1125.687, 1126.755, 1.067, 10000, 0,    11.819,
 928, 777, 932, 932, 1121.149, 189.149, 11000, 0, 1121.149, 1124.894, 3.745, 1167, 1124.894, 1126.849, 1.955, 11000, 0, 1126.849, 1126.849, 0, 1650,TimeOut
 923, 777, 927, 927, 1115.165, 188.165, 11000, 0, 1115.165, 1119.445, 4.28, 1191, 1119.445, 1121.349, 1.904, 11000, 0, 1121.349, 1123.293, 1.945, 1650, 1123.293, 1125.124, 1.831, 8000, 0, 1125.124, 1127.264, 2.139, 1200, 1127.264, 1128.547, 1.283, 10000, 0,    12.098,
 924, 777, 928, 928, 1116.515, 188.515, 11000, 0, 1116.515, 1120.918, 4.402, 1120, 1120.918, 1122.693, 1.775, 11000, 0, 1122.693, 1127.545, 4.852, 1650, 1127.545, 1128.792, 1.248, 8000, 0, 1128.792, 1130.702, 1.91, 1200, 1130.702, 1131.899, 1.196, 10000, 0,    14.187,
 938, 777, 942, 942, 1133.354, 191.354, 8000, 0, 1133.354, 1133.354, 0, 850,TimeOut
 925, 777, 929, 929, 1117.679, 188.679, 10000, 0, 1117.679, 1121.437, 3.758, 1012, 1121.437, 1123.78, 2.343, 10000, 0, 1123.78, 1127.92, 4.14, 1500, 1127.92, 1129.934, 2.013, 7000, 0, 1129.934, 1133.458, 3.524, 1050, 1133.458, 1134.329, 0.871, 9000, 0,    15.779,
 926, 777, 930, 930, 1118.739, 188.739, 8000, 0, 1118.739, 1122.432, 3.693, 800, 1122.432, 1124.68, 2.247, 8000, 0, 1124.68, 1128.886, 4.206, 1200, 1128.886, 1130.868, 1.982, 6000, 0, 1130.868, 1134.504, 3.636, 900, 1134.504, 1135.341, 0.837, 8000, 0,    15.765,
 927, 777, 931, 931, 1119.767, 188.767, 8000, 0, 1119.767, 1122.946, 3.178, 800, 1122.946, 1125.653, 2.707, 8000, 0, 1125.653, 1129.287, 3.635, 1200, 1129.287, 1131.879, 2.591, 6000, 0, 1131.879, 1135.465, 3.586, 900, 1135.465, 1136.413, 0.948, 8000, 0,    15.697,
 929, 777, 933, 933, 1122.352, 189.352, 10000, 0, 1122.352, 1125.266, 2.913, 1073, 1125.266, 1127.983, 2.718, 10000, 0, 1127.983, 1130.774, 2.791, 1500, 1130.774, 1133.018, 2.244, 7000, 0, 1133.018, 1136.016, 2.998, 1050, 1136.016, 1137.475, 1.459, 9000, 0,    13.664,
 931, 777, 935, 935, 1124.806, 189.806, 8000, 0, 1124.806, 1128.57, 3.764, 819, 1128.57, 1129.428, 0.857, 8000, 0, 1129.428, 1130.983, 1.556, 1200, 1130.983, 1133.974, 2.99, 6000, 0, 1133.974, 1137.418, 3.445, 900, 1137.418, 1138.384, 0.966, 8000, 0,    12.612,
 940, 777, 944, 944, 1135.847, 191.847, 11000, 0, 1135.847, 1138.873, 3.027, 1175, 1138.873, 1140.306, 1.432, 11000, 0, 1140.306, 1140.306, 0, 1650,TimeOut
 930, 777, 934, 934, 1123.705, 189.705, 11000, 0, 1123.705, 1128.74, 5.035, 1100, 1128.74, 1130.67, 1.93, 11000, 0, 1130.67, 1134.379, 3.709, 1650, 1134.379, 1135.695, 1.316, 8000, 0, 1135.695, 1139.348, 3.653, 1200, 1139.348, 1140.546, 1.198, 10000, 0,    15.643,
 932, 777, 936, 936, 1126.077, 190.077, 9000, 0, 1126.077, 1130.167, 4.09, 918, 1130.167, 1131.77, 1.603, 9000, 0, 1131.77, 1135.141, 3.371, 1350, 1135.141, 1136.62, 1.479, 6000, 0, 1136.62, 1139.649, 3.029, 900, 1139.649, 1141.426, 1.777, 8000, 0,    13.572,
 933, 777, 937, 937, 1127.153, 190.153, 10000, 0, 1127.153, 1130.576, 3.423, 1023, 1130.576, 1133, 2.425, 10000, 0, 1133, 1136.763, 3.763, 1500, 1136.763, 1137.879, 1.116, 7000, 0, 1137.879, 1141.757, 3.878, 1050, 1141.757, 1142.745, 0.988, 9000, 0,    14.604,
 934, 777, 938, 938, 1128.773, 190.773, 11000, 0, 1128.773, 1133.614, 4.841, 1167, 1133.614, 1134.96, 1.346, 11000, 0, 1134.96, 1137.967, 3.007, 1650, 1137.967, 1139.166, 1.2, 8000, 0, 1139.166, 1142.444, 3.278, 1200, 1142.444, 1143.857, 1.413, 10000, 0,    13.671,
 935, 777, 939, 939, 1130.024, 191.024, 10000, 0, 1130.024, 1133.889, 3.865, 1079, 1133.889, 1136.089, 2.2, 10000, 0, 1136.089, 1139.082, 2.993, 1500, 1139.082, 1140.364, 1.282, 7000, 0, 1140.364, 1143.491, 3.128, 1050, 1143.491, 1144.907, 1.415, 9000, 0,    13.467,
 936, 777, 940, 940, 1131.139, 191.139, 8000, 0, 1131.139, 1135.071, 3.933, 839, 1135.071, 1137.076, 2.005, 8000, 0, 1137.076, 1140.526, 3.45, 1200, 1140.526, 1141.46, 0.934, 6000, 0, 1141.46, 1143.681, 2.221, 900, 1143.681, 1145.841, 2.16, 8000, 0,    12.542,
 937, 777, 941, 941, 1132.336, 191.336, 9000, 0, 1132.336, 1135.371, 3.035, 921, 1135.371, 1138.168, 2.797, 9000, 0, 1138.168, 1141.642, 3.474, 1350, 1141.642, 1142.533, 0.891, 6000, 0, 1142.533, 1145.382, 2.849, 900, 1145.382, 1146.828, 1.446, 8000, 0,    13.046,
 939, 777, 943, 943, 1134.45, 191.45, 8000, 0, 1134.45, 1137.124, 2.674, 876, 1137.124, 1138.99, 1.866, 8000, 0, 1138.99, 1141.884, 2.894, 1200, 1141.884, 1143.443, 1.559, 6000, 0, 1143.443, 1145.557, 2.114, 900, 1145.557, 1147.767, 2.21, 8000, 0,    11.107,
 941, 777, 945, 945, 1136.797, 191.797, 8000, 0, 1136.797, 1139.156, 2.36, 854, 1139.156, 1141.314, 2.157, 8000, 0, 1141.314, 1143.491, 2.178, 1200, 1143.491, 1144.416, 0.924, 6000, 0, 1144.416, 1146.638, 2.223, 900, 1146.638, 1148.699, 2.061, 8000, 0,     9.842,
 942, 777, 946, 946, 1138.134, 192.134, 11000, 0, 1138.134, 1140.959, 2.826, 1190, 1140.959, 1142.511, 1.552, 11000, 0, 1142.511, 1144.992, 2.481, 1650, 1144.992, 1146.198, 1.206, 8000, 0, 1146.198, 1148.068, 1.87, 1200, 1148.068, 1149.909, 1.841, 10000, 0,     9.935,
 954, 777, 958, 958, 1152.65, 194.65, 8000, 0, 1152.65, 1152.65, 0, 882,TimeOut
 943, 777, 947, 947, 1139.614, 192.614, 11000, 0, 1139.614, 1141.597, 1.983, 1142, 1141.597, 1143.835, 2.238, 11000, 0, 1143.835, 1146.968, 3.132, 1650, 1146.968, 1148.257, 1.289, 8000, 0, 1148.257, 1151.511, 3.254, 1200, 1151.511, 1152.729, 1.218, 10000, 0,    11.897,
 944, 777, 948, 948, 1140.665, 192.665, 8000, 0, 1140.665, 1142.353, 1.687, 820, 1142.353, 1144.794, 2.441, 8000, 0, 1144.794, 1147.419, 2.626, 1200, 1147.419, 1149.137, 1.718, 6000, 0, 1149.137, 1151.834, 2.696, 900, 1151.834, 1153.612, 1.778, 8000, 0,    11.169,
 945, 777, 949, 949, 1141.799, 192.799, 8000, 0, 1141.799, 1143.024, 1.226, 803, 1143.024, 1145.709, 2.685, 8000, 0, 1145.709, 1148.851, 3.142, 1200, 1148.851, 1150.029, 1.177, 6000, 0, 1150.029, 1154.503, 4.474, 900, 1154.503, 1155.419, 0.917, 8000, 0,    12.704,
 946, 777, 950, 950, 1143.034, 193.034, 9000, 0, 1143.034, 1145.749, 2.715, 950, 1145.749, 1146.736, 0.987, 9000, 0, 1146.736, 1149.53, 2.795, 1350, 1149.53, 1150.931, 1.401, 6000, 0, 1150.931, 1154.965, 4.034, 900, 1154.965, 1156.301, 1.336, 8000, 0,    11.932,
 947, 777, 951, 951, 1144.356, 193.356, 10000, 0, 1144.356, 1146.736, 2.38, 1051, 1146.736, 1147.963, 1.227, 10000, 0, 1147.963, 1150.8, 2.837, 1500, 1150.8, 1152.088, 1.288, 7000, 0, 1152.088, 1156.882, 4.794, 1050, 1156.882, 1158.002, 1.12, 9000, 0,    12.526,
 948, 777, 952, 952, 1145.312, 193.312, 8000, 0, 1145.312, 1147.591, 2.279, 815, 1147.591, 1148.939, 1.348, 8000, 0, 1148.939, 1151.115, 2.175, 1200, 1151.115, 1153.131, 2.017, 6000, 0, 1153.131, 1156.964, 3.833, 900, 1156.964, 1159.065, 2.1, 8000, 0,    11.653,
 949, 777, 953, 953, 1146.493, 193.493, 9000, 0, 1146.493, 1150.468, 3.975, 906, 1150.468, 1151.462, 0.994, 9000, 0, 1151.462, 1154.054, 2.592, 1350, 1154.054, 1154.999, 0.945, 6000, 0, 1154.999, 1158.848, 3.85, 900, 1158.848, 1159.998, 1.149, 8000, 0,    12.355,
 961, 777, 965, 965, 1161.825, 196.825, 8000, 0, 1161.825, 1161.825, 0, 816,TimeOut
 950, 777, 954, 954, 1147.829, 193.829, 11000, 0, 1147.829, 1153.851, 6.022, 1199, 1153.851, 1155.079, 1.227, 11000, 0, 1155.079, 1156.783, 1.704, 1650, 1156.783, 1157.994, 1.211, 8000, 0, 1157.994, 1161.038, 3.044, 1200, 1161.038, 1162.051, 1.014, 10000, 0,    13.208,
 951, 777, 955, 955, 1149.004, 194.004, 10000, 0, 1149.004, 1154.574, 5.57, 1027, 1154.574, 1156.28, 1.707, 10000, 0, 1156.28, 1157.826, 1.545, 1500, 1157.826, 1159.085, 1.259, 7000, 0, 1159.085, 1161.539, 2.455, 1050, 1161.539, 1163.05, 1.511, 9000, 0,    12.535,
 952, 777, 956, 956, 1150.054, 194.054, 8000, 0, 1150.054, 1155.948, 5.894, 891, 1155.948, 1157.14, 1.191, 8000, 0, 1157.14, 1158.362, 1.222, 1200, 1158.362, 1159.984, 1.622, 6000, 0, 1159.984, 1163.7, 3.716, 900, 1163.7, 1164.644, 0.943, 8000, 0,    13.646,
 953, 777, 957, 957, 1151.67, 194.67, 11000, 0, 1151.67, 1157.203, 5.532, 1162, 1157.203, 1158.471, 1.268, 11000, 0, 1158.471, 1160.719, 2.248, 1650, 1160.719, 1161.909, 1.189, 8000, 0, 1161.909, 1165.392, 3.483, 1200, 1165.392, 1166.512, 1.12, 10000, 0,    13.722,
 955, 777, 959, 959, 1153.927, 194.927, 10000, 0, 1153.927, 1158.31, 4.383, 1051, 1158.31, 1159.555, 1.246, 10000, 0, 1159.555, 1161.341, 1.786, 1500, 1161.341, 1162.951, 1.61, 7000, 0, 1162.951, 1165.955, 3.004, 1050, 1165.955, 1167.567, 1.613, 9000, 0,    12.028,
 956, 777, 960, 960, 1155.129, 195.129, 9000, 0, 1155.129, 1159.949, 4.82, 947, 1159.949, 1161.038, 1.089, 9000, 0, 1161.038, 1162.357, 1.32, 1350, 1162.357, 1163.852, 1.494, 6000, 0, 1163.852, 1167.396, 3.544, 900, 1167.396, 1168.542, 1.146, 8000, 0,    12.267,
 957, 777, 961, 961, 1156.465, 195.465, 11000, 0, 1156.465, 1162.119, 5.654, 1178, 1162.119, 1163.459, 1.339, 11000, 0, 1163.459, 1165.557, 2.099, 1650, 1165.557, 1166.834, 1.277, 8000, 0, 1166.834, 1169.139, 2.305, 1200, 1169.139, 1170.311, 1.172, 10000, 0,    12.674,
 958, 777, 962, 962, 1157.907, 195.907, 11000, 0, 1157.907, 1163.72, 5.813, 1126, 1163.72, 1164.912, 1.192, 11000, 0, 1164.912, 1166.874, 1.962, 1650, 1166.874, 1168.163, 1.289, 8000, 0, 1168.163, 1170.256, 2.093, 1200, 1170.256, 1171.45, 1.194, 10000, 0,    12.349,
 964, 777, 968, 968, 1165.464, 197.464, 10000, 0, 1165.464, 1169.815, 4.35, 1037, 1169.815, 1172.087, 2.272, 10000, 0, 1172.087, 1172.087, 0, 1500,TimeOut
 970, 777, 974, 974, 1172.274, 198.274, 9000, 0, 1172.274, 1172.274, 0, 985,TimeOut
 959, 777, 963, 963, 1159.348, 196.348, 11000, 0, 1159.348, 1165.245, 5.897, 1178, 1165.245, 1166.505, 1.26, 11000, 0, 1166.505, 1168.526, 2.021, 1650, 1168.526, 1169.692, 1.166, 8000, 0, 1169.692, 1172.127, 2.435, 1200, 1172.127, 1173.165, 1.038, 10000, 0,    12.779,
 973, 777, 977, 977, 1175.684, 198.684, 8000, 0, 1175.684, 1175.684, 0, 809,TimeOut
 960, 777, 964, 964, 1160.84, 196.84, 11000, 0, 1160.84, 1165.955, 5.114, 1124, 1165.955, 1167.822, 1.867, 11000, 0, 1167.822, 1171.046, 3.225, 1650, 1171.046, 1172.276, 1.23, 8000, 0, 1172.276, 1176.071, 3.795, 1200, 1176.071, 1177.243, 1.172, 10000, 0,    15.231,
 962, 777, 966, 966, 1163.071, 197.071, 11000, 0, 1163.071, 1167.151, 4.08, 1113, 1167.151, 1169.092, 1.941, 11000, 0, 1169.092, 1172.505, 3.413, 1650, 1172.505, 1173.836, 1.331, 8000, 0, 1173.836, 1177.43, 3.593, 1200, 1177.43, 1178.62, 1.191, 10000, 0,    14.359,
 963, 777, 967, 967, 1164.185, 197.185, 8000, 0, 1164.185, 1167.348, 3.163, 804, 1167.348, 1169.971, 2.623, 8000, 0, 1169.971, 1173.183, 3.212, 1200, 1173.183, 1174.713, 1.53, 6000, 0, 1174.713, 1178.933, 4.221, 900, 1178.933, 1179.821, 0.888, 8000, 0,    14.749,
 965, 777, 969, 969, 1166.526, 197.526, 8000, 0, 1166.526, 1169.749, 3.223, 889, 1169.749, 1170.904, 1.154, 8000, 0, 1170.904, 1174.161, 3.257, 1200, 1174.161, 1175.624, 1.462, 6000, 0, 1175.624, 1179.703, 4.08, 900, 1179.703, 1180.773, 1.07, 8000, 0,    13.177,
 966, 777, 970, 970, 1167.473, 197.473, 8000, 0, 1167.473, 1173.009, 5.536, 841, 1173.009, 1173.923, 0.914, 8000, 0, 1173.923, 1175.776, 1.853, 1200, 1175.776, 1176.722, 0.947, 6000, 0, 1176.722, 1180.309, 3.587, 900, 1180.309, 1181.674, 1.365, 8000, 0,    12.836,
 967, 777, 971, 971, 1168.777, 197.777, 10000, 0, 1168.777, 1173.443, 4.666, 1085, 1173.443, 1175.05, 1.607, 10000, 0, 1175.05, 1176.691, 1.641, 1500, 1176.691, 1177.794, 1.103, 7000, 0, 1177.794, 1182.816, 5.021, 1050, 1182.816, 1183.879, 1.064, 9000, 0,    14.039,
 968, 777, 972, 972, 1170.184, 198.184, 11000, 0, 1170.184, 1176.027, 5.844, 1193, 1176.027, 1177.262, 1.235, 11000, 0, 1177.262, 1179.521, 2.259, 1650, 1179.521, 1180.834, 1.313, 8000, 0, 1180.834, 1183.897, 3.063, 1200, 1183.897, 1185.039, 1.142, 10000, 0,    13.713,
 969, 777, 973, 973, 1171.241, 198.241, 9000, 0, 1171.241, 1176.057, 4.817, 939, 1176.057, 1178.357, 2.3, 9000, 0, 1178.357, 1181.157, 2.8, 1350, 1181.157, 1182.13, 0.972, 6000, 0, 1182.13, 1184.274, 2.145, 900, 1184.274, 1185.915, 1.64, 8000, 0,    13.034,
 971, 777, 975, 975, 1173.474, 198.474, 9000, 0, 1173.474, 1178.632, 5.158, 922, 1178.632, 1179.625, 0.993, 9000, 0, 1179.625, 1182.103, 2.478, 1350, 1182.103, 1183.197, 1.094, 6000, 0, 1183.197, 1186.369, 3.173, 900, 1186.369, 1187.279, 0.909, 8000, 0,    12.896,
 972, 777, 976, 976, 1174.647, 198.647, 9000, 0, 1174.647, 1178.726, 4.079, 960, 1178.726, 1180.637, 1.911, 9000, 0, 1180.637, 1182.876, 2.239, 1350, 1182.876, 1184.264, 1.389, 6000, 0, 1184.264, 1186.948, 2.683, 900, 1186.948, 1188.141, 1.193, 8000, 0,    12.301,
 975, 777, 979, 979, 1178.548, 199.548, 10000, 0, 1178.548, 1180.428, 1.88, 1013, 1180.428, 1181.682, 1.254, 10000, 0, 1181.682, 1184.03, 2.347, 1500, 1184.03, 1185.365, 1.336, 7000, 0, 1185.365, 1188.363, 2.998, 1050, 1188.363, 1189.31, 0.948, 9000, 0,     9.814,
 974, 777, 978, 978, 1177.154, 199.154, 11000, 0, 1177.154, 1180.583, 3.429, 1123, 1180.583, 1182.9, 2.317, 11000, 0, 1182.9, 1184.929, 2.029, 1650, 1184.929, 1186.575, 1.646, 8000, 0, 1186.575, 1189.095, 2.52, 1200, 1189.095, 1190.431, 1.336, 10000, 0,    11.941,
 976, 777, 980, 980, 1179.665, 199.665, 9000, 0, 1179.665, 1182.947, 3.282, 950, 1182.947, 1183.887, 0.941, 9000, 0, 1183.887, 1185.489, 1.602, 1350, 1185.489, 1187.525, 2.036, 6000, 0, 1187.525, 1189.813, 2.288, 900, 1189.813, 1191.257, 1.444, 8000, 0,    10.148,
 977, 777, 981, 981, 1180.87, 199.87, 9000, 0, 1180.87, 1183.25, 2.38, 987, 1183.25, 1184.838, 1.588, 9000, 0, 1184.838, 1186.183, 1.345, 1350, 1186.183, 1188.606, 2.423, 6000, 0, 1188.606, 1190.394, 1.788, 900, 1190.394, 1192.126, 1.732, 8000, 0,     9.524,
 978, 777, 982, 982, 1181.883, 199.883, 8000, 0, 1181.883, 1185.813, 3.929, 875, 1185.813, 1186.73, 0.917, 8000, 0, 1186.73, 1188.142, 1.412, 1200, 1188.142, 1189.494, 1.352, 6000, 0, 1189.494, 1191.207, 1.713, 900, 1191.207, 1193.029, 1.822, 8000, 0,     9.324,
 979, 777, 983, 983, 1183.161, 200.161, 11000, 0, 1183.161, 1186.554, 3.393, 1100, 1186.554, 1188.026, 1.472, 11000, 0, 1188.026, 1190.204, 2.178, 1650, 1190.204, 1191.575, 1.371, 8000, 0, 1191.575, 1193.679, 2.104, 1200, 1193.679, 1194.826, 1.147, 10000, 0,    10.518,
 980, 777, 984, 984, 1184.373, 200.373, 10000, 0, 1184.373, 1187.547, 3.174, 1047, 1187.547, 1189.214, 1.667, 10000, 0, 1189.214, 1192.018, 2.805, 1500, 1192.018, 1193.2, 1.182, 7000, 0, 1193.2, 1194.483, 1.283, 1050, 1194.483, 1195.802, 1.32, 9000, 0,    10.110,
 981, 777, 985, 985, 1185.347, 200.347, 9000, 0, 1185.347, 1188.2, 2.853, 963, 1188.2, 1190.224, 2.024, 9000, 0, 1190.224, 1193.13, 2.906, 1350, 1193.13, 1194.207, 1.077, 6000, 0, 1194.207, 1195.523, 1.316, 900, 1195.523, 1196.768, 1.244, 8000, 0,    10.177,
 982, 777, 986, 986, 1186.471, 200.471, 9000, 0, 1186.471, 1189.638, 3.167, 944, 1189.638, 1191.221, 1.583, 9000, 0, 1191.221, 1194.354, 3.133, 1350, 1194.354, 1195.3, 0.946, 6000, 0, 1195.3, 1196.491, 1.19, 900, 1196.491, 1197.736, 1.245, 8000, 0,    10.019,
 992, 777, 996, 996, 1198.542, 202.542, 11000, 0, 1198.542, 1198.542, 0, 1154,TimeOut
 983, 777, 987, 987, 1187.566, 200.566, 9000, 0, 1187.566, 1190.611, 3.045, 948, 1190.611, 1192.28, 1.669, 9000, 0, 1192.28, 1195.098, 2.818, 1350, 1195.098, 1196.197, 1.099, 6000, 0, 1196.197, 1198.267, 2.069, 900, 1198.267, 1199.127, 0.861, 8000, 0,    10.701,
 984, 777, 988, 988, 1188.585, 200.585, 8000, 0, 1188.585, 1192.72, 4.135, 886, 1192.72, 1193.556, 0.837, 8000, 0, 1193.556, 1195.968, 2.412, 1200, 1195.968, 1197.188, 1.22, 6000, 0, 1197.188, 1199.038, 1.85, 900, 1199.038, 1199.98, 0.942, 8000, 0,    10.453,
 985, 777, 989, 989, 1189.638, 200.638, 9000, 0, 1189.638, 1193.536, 3.898, 914, 1193.536, 1194.483, 0.946, 9000, 0, 1194.483, 1196.669, 2.186, 1350, 1196.669, 1198.089, 1.419, 6000, 0, 1198.089, 1199.978, 1.89, 900, 1199.978, 1200.837, 0.859, 8000, 0,    10.340,
 986, 777, 990, 990, 1190.986, 200.986, 10000, 0, 1190.986, 1194.752, 3.767, 1094, 1194.752, 1195.906, 1.154, 10000, 0, 1195.906, 1197.426, 1.52, 1500, 1197.426, 1199.157, 1.731, 7000, 0, 1199.157, 1200.954, 1.797, 1050, 1200.954, 1201.896, 0.942, 9000, 0,     9.968,
 987, 777, 991, 991, 1192.377, 201.377, 11000, 0, 1192.377, 1196.356, 3.979, 1127, 1196.356, 1197.628, 1.272, 11000, 0, 1197.628, 1200.018, 2.391, 1650, 1200.018, 1201.307, 1.288, 8000, 0, 1201.307, 1204.127, 2.82, 1200, 1204.127, 1205.355, 1.227, 10000, 0,    11.750,
 988, 777, 992, 992, 1193.694, 201.694, 11000, 0, 1193.694, 1198.611, 4.917, 1123, 1198.611, 1199.814, 1.203, 11000, 0, 1199.814, 1202.227, 2.413, 1650, 1202.227, 1203.554, 1.326, 8000, 0, 1203.554, 1205.436, 1.882, 1200, 1205.436, 1206.544, 1.108, 10000, 0,    11.742,
 989, 777, 993, 993, 1194.756, 201.756, 8000, 0, 1194.756, 1198.971, 4.215, 893, 1198.971, 1200.706, 1.735, 8000, 0, 1200.706, 1202.613, 1.907, 1200, 1202.613, 1204.494, 1.881, 6000, 0, 1204.494, 1205.859, 1.364, 900, 1205.859, 1207.548, 1.689, 8000, 0,    11.102,
 990, 777, 994, 994, 1195.936, 201.936, 9000, 0, 1195.936, 1200.606, 4.67, 970, 1200.606, 1201.753, 1.147, 9000, 0, 1201.753, 1203.87, 2.118, 1350, 1203.87, 1205.454, 1.584, 6000, 0, 1205.454, 1206.779, 1.325, 900, 1206.779, 1208.693, 1.914, 8000, 0,    10.842,
 991, 777, 995, 995, 1197.252, 202.252, 11000, 0, 1197.252, 1201.167, 3.914, 1143, 1201.167, 1202.923, 1.756, 11000, 0, 1202.923, 1206.39, 3.467, 1650, 1206.39, 1207.773, 1.384, 8000, 0, 1207.773, 1210.195, 2.422, 1200, 1210.195, 1211.368, 1.173, 10000, 0,    12.943,
 993, 777, 997, 997, 1200.035, 203.035, 10000, 0, 1200.035, 1203.431, 3.397, 1050, 1203.431, 1204.639, 1.208, 10000, 0, 1204.639, 1207.199, 2.56, 1500, 1207.199, 1208.915, 1.716, 7000, 0, 1208.915, 1211.99, 3.075, 1050, 1211.99, 1212.957, 0.966, 9000, 0,    11.956,
 994, 777, 998, 998, 1201.292, 203.292, 10000, 0, 1201.292, 1206.165, 4.874, 1090, 1206.165, 1207.254, 1.089, 10000, 0, 1207.254, 1210.358, 3.104, 1500, 1210.358, 1211.405, 1.047, 7000, 0, 1211.405, 1213.218, 1.813, 1050, 1213.218, 1214.313, 1.095, 9000, 0,    11.927,
 995, 777, 999, 999, 1202.664, 203.664, 11000, 0, 1202.664, 1209.19, 6.526, 1152, 1209.19, 1210.571, 1.381, 11000, 0, 1210.571, 1212.823, 2.251, 1650, 1212.823, 1214.036, 1.213, 8000, 0, 1214.036, 1216.359, 2.323, 1200, 1216.359, 1217.459, 1.1, 10000, 0,    13.695,
 996, 777, 1000, 1000, 1203.886, 203.886, 9000, 0, 1203.886, 1209.83, 5.944, 943, 1209.83, 1211.745, 1.915, 9000, 0, 1211.745, 1213.591, 1.846, 1350, 1213.591, 1214.964, 1.373, 6000, 0, 1214.964, 1216.621, 1.658, 900, 1216.621, 1218.412, 1.791, 8000, 0,    12.735,
#Statistics======================================
#Number of workloads:881
#Timeout workloads:116
#Timeout workloads per cent:0.11634904714142427
#Over workloads:0
#Over workloads per cent:0.0
#Number of Cloudlets:2643
#Over Cloudlets:0
#Over Cloudlets per cent:0.0
#Number of transmissions:3524
#Over transmissions:0
#Over transmissions per cent:0.0
#======================================
#Total serve time:10361.418023610751
#CPU serve time:7663.738722489439
#Network serve time:91205.10222094477
#Average total serve time:11.760973920103009
#Average CPU serve time per workload:8.698908879102655
#Average network serve time per workload:103.52452011457976
#Average CPU serve time per Cloudlet:2.8996362930342183
#Average network serve time per transmission:25.88113002864494
Dropped cloudlet due to queue full: 4564
