time(s),target_sfc,Ingress,InitialRequestSize,Transmission1(MB),VM1,cloudlet.1(MI),Transmission2(MB),VM2,cloudlet.2(MI),Transmission3(MB),VM3,cloudlet.3(MI),Transmission4(MB),Egress,latency_demand(s)
0.0,sfc-ingress16egress16,Ingress16,12,12,SF-A,1265,12,SF-B,1800,9,SF-C,1350,12,Egress16,1000.0
1.0,sfc-ingress16egress16,Ingress16,9,9,SF-A,952,9,SF-B,1350,6,SF-C,900,8,Egress16,1000.0
2.0,sfc-ingress16egress16,Ingress16,10,10,SF-A,1038,10,SF-B,1500,7,SF-C,1050,9,Egress16,1000.0
3.0,sfc-ingress16egress16,Ingress16,12,12,SF-A,1222,12,SF-B,1800,9,SF-C,1350,12,Egress16,1000.0
4.0,sfc-ingress16egress16,Ingress16,9,9,SF-A,912,9,SF-B,1350,6,SF-C,900,8,Egress16,1000.0
5.0,sfc-ingress16egress16,Ingress16,13,13,SF-A,1309,13,SF-B,1950,9,SF-C,1350,12,Egress16,1000.0
6.0,sfc-ingress16egress16,Ingress16,10,10,SF-A,1042,10,SF-B,1500,7,SF-C,1050,9,Egress16,1000.0
7.0,sfc-ingress16egress16,Ingress16,10,10,SF-A,1011,10,SF-B,1500,7,SF-C,1050,9,Egress16,1000.0
8.0,sfc-ingress16egress16,Ingress16,13,13,SF-A,1302,13,SF-B,1950,9,SF-C,1350,12,Egress16,1000.0
9.0,sfc-ingress16egress16,Ingress16,11,11,SF-A,1146,11,SF-B,1650,8,SF-C,1200,10,Egress16,1000.0
10.0,sfc-ingress16egress16,Ingress16,10,10,SF-A,1024,10,SF-B,1500,7,SF-C,1050,9,Egress16,1000.0
11.0,sfc-ingress16egress16,Ingress16,11,11,SF-A,1129,11,SF-B,1650,8,SF-C,1200,10,Egress16,1000.0
12.0,sfc-ingress16egress16,Ingress16,9,9,SF-A,960,9,SF-B,1350,6,SF-C,900,8,Egress16,1000.0
13.0,sfc-ingress16egress16,Ingress16,10,10,SF-A,1096,10,SF-B,1500,7,SF-C,1050,9,Egress16,1000.0
14.0,sfc-ingress16egress16,Ingress16,12,12,SF-A,1288,12,SF-B,1800,9,SF-C,1350,12,Egress16,1000.0
15.0,sfc-ingress16egress16,Ingress16,11,11,SF-A,1179,11,SF-B,1650,8,SF-C,1200,10,Egress16,1000.0
16.0,sfc-ingress16egress16,Ingress16,9,9,SF-A,986,9,SF-B,1350,6,SF-C,900,8,Egress16,1000.0
17.0,sfc-ingress16egress16,Ingress16,10,10,SF-A,1000,10,SF-B,1500,7,SF-C,1050,9,Egress16,1000.0
18.0,sfc-ingress16egress16,Ingress16,9,9,SF-A,987,9,SF-B,1350,6,SF-C,900,8,Egress16,1000.0
19.0,sfc-ingress16egress16,Ingress16,9,9,SF-A,977,9,SF-B,1350,6,SF-C,900,8,Egress16,1000.0
20.0,sfc-ingress16egress16,Ingress16,13,13,SF-A,1315,13,SF-B,1950,9,SF-C,1350,12,Egress16,1000.0
21.0,sfc-ingress16egress16,Ingress16,9,9,SF-A,905,9,SF-B,1350,6,SF-C,900,8,Egress16,1000.0
22.0,sfc-ingress16egress16,Ingress16,11,11,SF-A,1189,11,SF-B,1650,8,SF-C,1200,10,Egress16,1000.0
23.0,sfc-ingress16egress16,Ingress16,9,9,SF-A,954,9,SF-B,1350,6,SF-C,900,8,Egress16,1000.0
24.0,sfc-ingress16egress16,Ingress16,10,10,SF-A,1034,10,SF-B,1500,7,SF-C,1050,9,Egress16,1000.0
25.0,sfc-ingress16egress16,Ingress16,9,9,SF-A,947,9,SF-B,1350,6,SF-C,900,8,Egress16,1000.0
26.0,sfc-ingress16egress16,Ingress16,11,11,SF-A,1164,11,SF-B,1650,8,SF-C,1200,10,Egress16,1000.0
27.0,sfc-ingress16egress16,Ingress16,10,10,SF-A,1015,10,SF-B,1500,7,SF-C,1050,9,Egress16,1000.0
28.0,sfc-ingress16egress16,Ingress16,9,9,SF-A,980,9,SF-B,1350,6,SF-C,900,8,Egress16,1000.0
29.0,sfc-ingress16egress16,Ingress16,10,10,SF-A,1015,10,SF-B,1500,7,SF-C,1050,9,Egress16,1000.0
30.0,sfc-ingress16egress16,Ingress16,13,13,SF-A,1301,13,SF-B,1950,9,SF-C,1350,12,Egress16,1000.0
31.0,sfc-ingress16egress16,Ingress16,12,12,SF-A,1279,12,SF-B,1800,9,SF-C,1350,12,Egress16,1000.0
32.0,sfc-ingress16egress16,Ingress16,10,10,SF-A,1014,10,SF-B,1500,7,SF-C,1050,9,Egress16,1000.0
33.0,sfc-ingress16egress16,Ingress16,11,11,SF-A,1182,11,SF-B,1650,8,SF-C,1200,10,Egress16,1000.0
34.0,sfc-ingress16egress16,Ingress16,9,9,SF-A,936,9,SF-B,1350,6,SF-C,900,8,Egress16,1000.0
35.0,sfc-ingress16egress16,Ingress16,12,12,SF-A,1230,12,SF-B,1800,9,SF-C,1350,12,Egress16,1000.0
36.0,sfc-ingress16egress16,Ingress16,12,12,SF-A,1297,12,SF-B,1800,9,SF-C,1350,12,Egress16,1000.0
37.0,sfc-ingress16egress16,Ingress16,12,12,SF-A,1275,12,SF-B,1800,9,SF-C,1350,12,Egress16,1000.0
38.0,sfc-ingress16egress16,Ingress16,9,9,SF-A,940,9,SF-B,1350,6,SF-C,900,8,Egress16,1000.0
39.0,sfc-ingress16egress16,Ingress16,10,10,SF-A,1092,10,SF-B,1500,7,SF-C,1050,9,Egress16,1000.0
40.0,sfc-ingress16egress16,Ingress16,11,11,SF-A,1191,11,SF-B,1650,8,SF-C,1200,10,Egress16,1000.0
41.0,sfc-ingress16egress16,Ingress16,11,11,SF-A,1199,11,SF-B,1650,8,SF-C,1200,10,Egress16,1000.0
42.0,sfc-ingress16egress16,Ingress16,10,10,SF-A,1040,10,SF-B,1500,7,SF-C,1050,9,Egress16,1000.0
43.0,sfc-ingress16egress16,Ingress16,9,9,SF-A,934,9,SF-B,1350,6,SF-C,900,8,Egress16,1000.0
44.0,sfc-ingress16egress16,Ingress16,11,11,SF-A,1191,11,SF-B,1650,8,SF-C,1200,10,Egress16,1000.0
45.0,sfc-ingress16egress16,Ingress16,11,11,SF-A,1140,11,SF-B,1650,8,SF-C,1200,10,Egress16,1000.0
46.0,sfc-ingress16egress16,Ingress16,10,10,SF-A,1011,10,SF-B,1500,7,SF-C,1050,9,Egress16,1000.0
47.0,sfc-ingress16egress16,Ingress16,9,9,SF-A,925,9,SF-B,1350,6,SF-C,900,8,Egress16,1000.0
48.0,sfc-ingress16egress16,Ingress16,10,10,SF-A,1061,10,SF-B,1500,7,SF-C,1050,9,Egress16,1000.0
49.0,sfc-ingress16egress16,Ingress16,10,10,SF-A,1067,10,SF-B,1500,7,SF-C,1050,9,Egress16,1000.0
50.0,sfc-ingress16egress16,Ingress16,12,12,SF-A,1264,12,SF-B,1800,9,SF-C,1350,12,Egress16,1000.0
51.0,sfc-ingress16egress16,Ingress16,10,10,SF-A,1074,10,SF-B,1500,7,SF-C,1050,9,Egress16,1000.0
52.0,sfc-ingress16egress16,Ingress16,9,9,SF-A,953,9,SF-B,1350,6,SF-C,900,8,Egress16,1000.0
53.0,sfc-ingress16egress16,Ingress16,9,9,SF-A,936,9,SF-B,1350,6,SF-C,900,8,Egress16,1000.0
54.0,sfc-ingress16egress16,Ingress16,9,9,SF-A,982,9,SF-B,1350,6,SF-C,900,8,Egress16,1000.0
55.0,sfc-ingress16egress16,Ingress16,11,11,SF-A,1188,11,SF-B,1650,8,SF-C,1200,10,Egress16,1000.0
56.0,sfc-ingress16egress16,Ingress16,10,10,SF-A,1086,10,SF-B,1500,7,SF-C,1050,9,Egress16,1000.0
57.0,sfc-ingress16egress16,Ingress16,12,12,SF-A,1287,12,SF-B,1800,9,SF-C,1350,12,Egress16,1000.0
58.0,sfc-ingress16egress16,Ingress16,10,10,SF-A,1036,10,SF-B,1500,7,SF-C,1050,9,Egress16,1000.0
59.0,sfc-ingress16egress16,Ingress16,12,12,SF-A,1247,12,SF-B,1800,9,SF-C,1350,12,Egress16,1000.0
60.0,sfc-ingress16egress16,Ingress16,8,8,SF-A,889,8,SF-B,1200,6,SF-C,900,8,Egress16,1000.0
61.0,sfc-ingress16egress16,Ingress16,10,10,SF-A,1091,10,SF-B,1500,7,SF-C,1050,9,Egress16,1000.0
62.0,sfc-ingress16egress16,Ingress16,12,12,SF-A,1235,12,SF-B,1800,9,SF-C,1350,12,Egress16,1000.0
63.0,sfc-ingress16egress16,Ingress16,10,10,SF-A,1022,10,SF-B,1500,7,SF-C,1050,9,Egress16,1000.0
64.0,sfc-ingress16egress16,Ingress16,11,11,SF-A,1183,11,SF-B,1650,8,SF-C,1200,10,Egress16,1000.0
65.0,sfc-ingress16egress16,Ingress16,10,10,SF-A,1089,10,SF-B,1500,7,SF-C,1050,9,Egress16,1000.0
66.0,sfc-ingress16egress16,Ingress16,12,12,SF-A,1257,12,SF-B,1800,9,SF-C,1350,12,Egress16,1000.0
67.0,sfc-ingress16egress16,Ingress16,9,9,SF-A,982,9,SF-B,1350,6,SF-C,900,8,Egress16,1000.0
68.0,sfc-ingress16egress16,Ingress16,10,10,SF-A,1000,10,SF-B,1500,7,SF-C,1050,9,Egress16,1000.0
69.0,sfc-ingress16egress16,Ingress16,9,9,SF-A,942,9,SF-B,1350,6,SF-C,900,8,Egress16,1000.0
70.0,sfc-ingress16egress16,Ingress16,8,8,SF-A,882,8,SF-B,1200,6,SF-C,900,8,Egress16,1000.0
71.0,sfc-ingress16egress16,Ingress16,9,9,SF-A,973,9,SF-B,1350,6,SF-C,900,8,Egress16,1000.0
72.0,sfc-ingress16egress16,Ingress16,11,11,SF-A,1173,11,SF-B,1650,8,SF-C,1200,10,Egress16,1000.0
73.0,sfc-ingress16egress16,Ingress16,11,11,SF-A,1121,11,SF-B,1650,8,SF-C,1200,10,Egress16,1000.0
74.0,sfc-ingress16egress16,Ingress16,10,10,SF-A,1078,10,SF-B,1500,7,SF-C,1050,9,Egress16,1000.0
75.0,sfc-ingress16egress16,Ingress16,12,12,SF-A,1255,12,SF-B,1800,9,SF-C,1350,12,Egress16,1000.0
76.0,sfc-ingress16egress16,Ingress16,9,9,SF-A,927,9,SF-B,1350,6,SF-C,900,8,Egress16,1000.0
77.0,sfc-ingress16egress16,Ingress16,12,12,SF-A,1284,12,SF-B,1800,9,SF-C,1350,12,Egress16,1000.0
78.0,sfc-ingress16egress16,Ingress16,10,10,SF-A,1076,10,SF-B,1500,7,SF-C,1050,9,Egress16,1000.0
79.0,sfc-ingress16egress16,Ingress16,9,9,SF-A,993,9,SF-B,1350,6,SF-C,900,8,Egress16,1000.0
80.0,sfc-ingress16egress16,Ingress16,10,10,SF-A,1084,10,SF-B,1500,7,SF-C,1050,9,Egress16,1000.0
81.0,sfc-ingress16egress16,Ingress16,12,12,SF-A,1273,12,SF-B,1800,9,SF-C,1350,12,Egress16,1000.0
82.0,sfc-ingress16egress16,Ingress16,9,9,SF-A,908,9,SF-B,1350,6,SF-C,900,8,Egress16,1000.0
83.0,sfc-ingress16egress16,Ingress16,10,10,SF-A,1039,10,SF-B,1500,7,SF-C,1050,9,Egress16,1000.0
84.0,sfc-ingress16egress16,Ingress16,11,11,SF-A,1199,11,SF-B,1650,8,SF-C,1200,10,Egress16,1000.0
85.0,sfc-ingress16egress16,Ingress16,9,9,SF-A,969,9,SF-B,1350,6,SF-C,900,8,Egress16,1000.0
86.0,sfc-ingress16egress16,Ingress16,10,10,SF-A,1094,10,SF-B,1500,7,SF-C,1050,9,Egress16,1000.0
87.0,sfc-ingress16egress16,Ingress16,10,10,SF-A,1056,10,SF-B,1500,7,SF-C,1050,9,Egress16,1000.0
88.0,sfc-ingress16egress16,Ingress16,10,10,SF-A,1099,10,SF-B,1500,7,SF-C,1050,9,Egress16,1000.0
89.0,sfc-ingress16egress16,Ingress16,10,10,SF-A,1064,10,SF-B,1500,7,SF-C,1050,9,Egress16,1000.0
90.0,sfc-ingress16egress16,Ingress16,10,10,SF-A,1036,10,SF-B,1500,7,SF-C,1050,9,Egress16,1000.0
91.0,sfc-ingress16egress16,Ingress16,10,10,SF-A,1035,10,SF-B,1500,7,SF-C,1050,9,Egress16,1000.0
92.0,sfc-ingress16egress16,Ingress16,12,12,SF-A,1234,12,SF-B,1800,9,SF-C,1350,12,Egress16,1000.0
93.0,sfc-ingress16egress16,Ingress16,12,12,SF-A,1289,12,SF-B,1800,9,SF-C,1350,12,Egress16,1000.0
94.0,sfc-ingress16egress16,Ingress16,12,12,SF-A,1278,12,SF-B,1800,9,SF-C,1350,12,Egress16,1000.0
95.0,sfc-ingress16egress16,Ingress16,9,9,SF-A,958,9,SF-B,1350,6,SF-C,900,8,Egress16,1000.0
96.0,sfc-ingress16egress16,Ingress16,12,12,SF-A,1290,12,SF-B,1800,9,SF-C,1350,12,Egress16,1000.0
97.0,sfc-ingress16egress16,Ingress16,11,11,SF-A,1162,11,SF-B,1650,8,SF-C,1200,10,Egress16,1000.0
98.0,sfc-ingress16egress16,Ingress16,9,9,SF-A,972,9,SF-B,1350,6,SF-C,900,8,Egress16,1000.0
99.0,sfc-ingress16egress16,Ingress16,11,11,SF-A,1150,11,SF-B,1650,8,SF-C,1200,10,Egress16,1000.0
100.0,sfc-ingress16egress16,Ingress16,12,12,SF-A,1223,12,SF-B,1800,9,SF-C,1350,12,Egress16,1000.0
101.0,sfc-ingress16egress16,Ingress16,10,10,SF-A,1067,10,SF-B,1500,7,SF-C,1050,9,Egress16,1000.0
102.0,sfc-ingress16egress16,Ingress16,12,12,SF-A,1288,12,SF-B,1800,9,SF-C,1350,12,Egress16,1000.0
103.0,sfc-ingress16egress16,Ingress16,11,11,SF-A,1127,11,SF-B,1650,8,SF-C,1200,10,Egress16,1000.0
104.0,sfc-ingress16egress16,Ingress16,10,10,SF-A,1098,10,SF-B,1500,7,SF-C,1050,9,Egress16,1000.0
105.0,sfc-ingress16egress16,Ingress16,12,12,SF-A,1286,12,SF-B,1800,9,SF-C,1350,12,Egress16,1000.0
106.0,sfc-ingress16egress16,Ingress16,12,12,SF-A,1274,12,SF-B,1800,9,SF-C,1350,12,Egress16,1000.0
107.0,sfc-ingress16egress16,Ingress16,8,8,SF-A,899,8,SF-B,1200,6,SF-C,900,8,Egress16,1000.0
108.0,sfc-ingress16egress16,Ingress16,11,11,SF-A,1119,11,SF-B,1650,8,SF-C,1200,10,Egress16,1000.0
109.0,sfc-ingress16egress16,Ingress16,12,12,SF-A,1247,12,SF-B,1800,9,SF-C,1350,12,Egress16,1000.0
110.0,sfc-ingress16egress16,Ingress16,11,11,SF-A,1137,11,SF-B,1650,8,SF-C,1200,10,Egress16,1000.0
111.0,sfc-ingress16egress16,Ingress16,12,12,SF-A,1240,12,SF-B,1800,9,SF-C,1350,12,Egress16,1000.0
112.0,sfc-ingress16egress16,Ingress16,9,9,SF-A,920,9,SF-B,1350,6,SF-C,900,8,Egress16,1000.0
113.0,sfc-ingress16egress16,Ingress16,12,12,SF-A,1278,12,SF-B,1800,9,SF-C,1350,12,Egress16,1000.0
114.0,sfc-ingress16egress16,Ingress16,10,10,SF-A,1053,10,SF-B,1500,7,SF-C,1050,9,Egress16,1000.0
115.0,sfc-ingress16egress16,Ingress16,10,10,SF-A,1082,10,SF-B,1500,7,SF-C,1050,9,Egress16,1000.0
116.0,sfc-ingress16egress16,Ingress16,9,9,SF-A,988,9,SF-B,1350,6,SF-C,900,8,Egress16,1000.0
117.0,sfc-ingress16egress16,Ingress16,12,12,SF-A,1287,12,SF-B,1800,9,SF-C,1350,12,Egress16,1000.0
118.0,sfc-ingress16egress16,Ingress16,12,12,SF-A,1220,12,SF-B,1800,9,SF-C,1350,12,Egress16,1000.0
119.0,sfc-ingress16egress16,Ingress16,12,12,SF-A,1252,12,SF-B,1800,9,SF-C,1350,12,Egress16,1000.0
120.0,sfc-ingress16egress16,Ingress16,12,12,SF-A,1255,12,SF-B,1800,9,SF-C,1350,12,Egress16,1000.0
121.0,sfc-ingress16egress16,Ingress16,9,9,SF-A,986,9,SF-B,1350,6,SF-C,900,8,Egress16,1000.0
122.0,sfc-ingress16egress16,Ingress16,12,12,SF-A,1233,12,SF-B,1800,9,SF-C,1350,12,Egress16,1000.0
123.0,sfc-ingress16egress16,Ingress16,11,11,SF-A,1162,11,SF-B,1650,8,SF-C,1200,10,Egress16,1000.0
124.0,sfc-ingress16egress16,Ingress16,12,12,SF-A,1298,12,SF-B,1800,9,SF-C,1350,12,Egress16,1000.0
125.0,sfc-ingress16egress16,Ingress16,13,13,SF-A,1317,13,SF-B,1950,9,SF-C,1350,12,Egress16,1000.0
126.0,sfc-ingress16egress16,Ingress16,10,10,SF-A,1007,10,SF-B,1500,7,SF-C,1050,9,Egress16,1000.0
127.0,sfc-ingress16egress16,Ingress16,11,11,SF-A,1183,11,SF-B,1650,8,SF-C,1200,10,Egress16,1000.0
128.0,sfc-ingress16egress16,Ingress16,10,10,SF-A,1028,10,SF-B,1500,7,SF-C,1050,9,Egress16,1000.0
129.0,sfc-ingress16egress16,Ingress16,9,9,SF-A,911,9,SF-B,1350,6,SF-C,900,8,Egress16,1000.0
130.0,sfc-ingress16egress16,Ingress16,9,9,SF-A,906,9,SF-B,1350,6,SF-C,900,8,Egress16,1000.0
131.0,sfc-ingress16egress16,Ingress16,9,9,SF-A,927,9,SF-B,1350,6,SF-C,900,8,Egress16,1000.0
132.0,sfc-ingress16egress16,Ingress16,11,11,SF-A,1176,11,SF-B,1650,8,SF-C,1200,10,Egress16,1000.0
133.0,sfc-ingress16egress16,Ingress16,13,13,SF-A,1308,13,SF-B,1950,9,SF-C,1350,12,Egress16,1000.0
134.0,sfc-ingress16egress16,Ingress16,9,9,SF-A,949,9,SF-B,1350,6,SF-C,900,8,Egress16,1000.0
135.0,sfc-ingress16egress16,Ingress16,10,10,SF-A,1013,10,SF-B,1500,7,SF-C,1050,9,Egress16,1000.0
136.0,sfc-ingress16egress16,Ingress16,9,9,SF-A,974,9,SF-B,1350,6,SF-C,900,8,Egress16,1000.0
137.0,sfc-ingress16egress16,Ingress16,12,12,SF-A,1267,12,SF-B,1800,9,SF-C,1350,12,Egress16,1000.0
138.0,sfc-ingress16egress16,Ingress16,12,12,SF-A,1278,12,SF-B,1800,9,SF-C,1350,12,Egress16,1000.0
139.0,sfc-ingress16egress16,Ingress16,11,11,SF-A,1191,11,SF-B,1650,8,SF-C,1200,10,Egress16,1000.0
140.0,sfc-ingress16egress16,Ingress16,11,11,SF-A,1174,11,SF-B,1650,8,SF-C,1200,10,Egress16,1000.0
141.0,sfc-ingress16egress16,Ingress16,11,11,SF-A,1165,11,SF-B,1650,8,SF-C,1200,10,Egress16,1000.0
142.0,sfc-ingress16egress16,Ingress16,10,10,SF-A,1057,10,SF-B,1500,7,SF-C,1050,9,Egress16,1000.0
143.0,sfc-ingress16egress16,Ingress16,9,9,SF-A,912,9,SF-B,1350,6,SF-C,900,8,Egress16,1000.0
144.0,sfc-ingress16egress16,Ingress16,8,8,SF-A,893,8,SF-B,1200,6,SF-C,900,8,Egress16,1000.0
145.0,sfc-ingress16egress16,Ingress16,10,10,SF-A,1019,10,SF-B,1500,7,SF-C,1050,9,Egress16,1000.0
146.0,sfc-ingress16egress16,Ingress16,10,10,SF-A,1014,10,SF-B,1500,7,SF-C,1050,9,Egress16,1000.0
147.0,sfc-ingress16egress16,Ingress16,10,10,SF-A,1070,10,SF-B,1500,7,SF-C,1050,9,Egress16,1000.0
148.0,sfc-ingress16egress16,Ingress16,9,9,SF-A,919,9,SF-B,1350,6,SF-C,900,8,Egress16,1000.0
149.0,sfc-ingress16egress16,Ingress16,10,10,SF-A,1007,10,SF-B,1500,7,SF-C,1050,9,Egress16,1000.0
150.0,sfc-ingress16egress16,Ingress16,9,9,SF-A,917,9,SF-B,1350,6,SF-C,900,8,Egress16,1000.0
151.0,sfc-ingress16egress16,Ingress16,11,11,SF-A,1119,11,SF-B,1650,8,SF-C,1200,10,Egress16,1000.0
152.0,sfc-ingress16egress16,Ingress16,11,11,SF-A,1146,11,SF-B,1650,8,SF-C,1200,10,Egress16,1000.0
153.0,sfc-ingress16egress16,Ingress16,9,9,SF-A,951,9,SF-B,1350,6,SF-C,900,8,Egress16,1000.0
154.0,sfc-ingress16egress16,Ingress16,10,10,SF-A,1041,10,SF-B,1500,7,SF-C,1050,9,Egress16,1000.0
155.0,sfc-ingress16egress16,Ingress16,10,10,SF-A,1075,10,SF-B,1500,7,SF-C,1050,9,Egress16,1000.0
156.0,sfc-ingress16egress16,Ingress16,9,9,SF-A,966,9,SF-B,1350,6,SF-C,900,8,Egress16,1000.0
157.0,sfc-ingress16egress16,Ingress16,10,10,SF-A,1025,10,SF-B,1500,7,SF-C,1050,9,Egress16,1000.0
158.0,sfc-ingress16egress16,Ingress16,11,11,SF-A,1176,11,SF-B,1650,8,SF-C,1200,10,Egress16,1000.0
159.0,sfc-ingress16egress16,Ingress16,8,8,SF-A,895,8,SF-B,1200,6,SF-C,900,8,Egress16,1000.0
160.0,sfc-ingress16egress16,Ingress16,10,10,SF-A,1064,10,SF-B,1500,7,SF-C,1050,9,Egress16,1000.0
161.0,sfc-ingress16egress16,Ingress16,9,9,SF-A,964,9,SF-B,1350,6,SF-C,900,8,Egress16,1000.0
162.0,sfc-ingress16egress16,Ingress16,10,10,SF-A,1018,10,SF-B,1500,7,SF-C,1050,9,Egress16,1000.0
163.0,sfc-ingress16egress16,Ingress16,11,11,SF-A,1165,11,SF-B,1650,8,SF-C,1200,10,Egress16,1000.0
164.0,sfc-ingress16egress16,Ingress16,10,10,SF-A,1017,10,SF-B,1500,7,SF-C,1050,9,Egress16,1000.0
165.0,sfc-ingress16egress16,Ingress16,9,9,SF-A,954,9,SF-B,1350,6,SF-C,900,8,Egress16,1000.0
166.0,sfc-ingress16egress16,Ingress16,10,10,SF-A,1048,10,SF-B,1500,7,SF-C,1050,9,Egress16,1000.0
167.0,sfc-ingress16egress16,Ingress16,9,9,SF-A,955,9,SF-B,1350,6,SF-C,900,8,Egress16,1000.0
168.0,sfc-ingress16egress16,Ingress16,8,8,SF-A,887,8,SF-B,1200,6,SF-C,900,8,Egress16,1000.0
169.0,sfc-ingress16egress16,Ingress16,9,9,SF-A,904,9,SF-B,1350,6,SF-C,900,8,Egress16,1000.0
170.0,sfc-ingress16egress16,Ingress16,11,11,SF-A,1143,11,SF-B,1650,8,SF-C,1200,10,Egress16,1000.0
171.0,sfc-ingress16egress16,Ingress16,9,9,SF-A,906,9,SF-B,1350,6,SF-C,900,8,Egress16,1000.0
172.0,sfc-ingress16egress16,Ingress16,10,10,SF-A,1096,10,SF-B,1500,7,SF-C,1050,9,Egress16,1000.0
173.0,sfc-ingress16egress16,Ingress16,11,11,SF-A,1138,11,SF-B,1650,8,SF-C,1200,10,Egress16,1000.0
174.0,sfc-ingress16egress16,Ingress16,11,11,SF-A,1104,11,SF-B,1650,8,SF-C,1200,10,Egress16,1000.0
175.0,sfc-ingress16egress16,Ingress16,9,9,SF-A,967,9,SF-B,1350,6,SF-C,900,8,Egress16,1000.0
176.0,sfc-ingress16egress16,Ingress16,12,12,SF-A,1228,12,SF-B,1800,9,SF-C,1350,12,Egress16,1000.0
177.0,sfc-ingress16egress16,Ingress16,10,10,SF-A,1070,10,SF-B,1500,7,SF-C,1050,9,Egress16,1000.0
178.0,sfc-ingress16egress16,Ingress16,12,12,SF-A,1267,12,SF-B,1800,9,SF-C,1350,12,Egress16,1000.0
179.0,sfc-ingress16egress16,Ingress16,13,13,SF-A,1314,13,SF-B,1950,9,SF-C,1350,12,Egress16,1000.0
180.0,sfc-ingress16egress16,Ingress16,9,9,SF-A,929,9,SF-B,1350,6,SF-C,900,8,Egress16,1000.0
181.0,sfc-ingress16egress16,Ingress16,11,11,SF-A,1109,11,SF-B,1650,8,SF-C,1200,10,Egress16,1000.0
182.0,sfc-ingress16egress16,Ingress16,11,11,SF-A,1117,11,SF-B,1650,8,SF-C,1200,10,Egress16,1000.0
183.0,sfc-ingress16egress16,Ingress16,11,11,SF-A,1188,11,SF-B,1650,8,SF-C,1200,10,Egress16,1000.0
184.0,sfc-ingress16egress16,Ingress16,10,10,SF-A,1012,10,SF-B,1500,7,SF-C,1050,9,Egress16,1000.0
185.0,sfc-ingress16egress16,Ingress16,9,9,SF-A,987,9,SF-B,1350,6,SF-C,900,8,Egress16,1000.0
186.0,sfc-ingress16egress16,Ingress16,9,9,SF-A,977,9,SF-B,1350,6,SF-C,900,8,Egress16,1000.0
187.0,sfc-ingress16egress16,Ingress16,10,10,SF-A,1056,10,SF-B,1500,7,SF-C,1050,9,Egress16,1000.0
188.0,sfc-ingress16egress16,Ingress16,12,12,SF-A,1215,12,SF-B,1800,9,SF-C,1350,12,Egress16,1000.0
189.0,sfc-ingress16egress16,Ingress16,11,11,SF-A,1187,11,SF-B,1650,8,SF-C,1200,10,Egress16,1000.0
190.0,sfc-ingress16egress16,Ingress16,10,10,SF-A,1078,10,SF-B,1500,7,SF-C,1050,9,Egress16,1000.0
191.0,sfc-ingress16egress16,Ingress16,12,12,SF-A,1230,12,SF-B,1800,9,SF-C,1350,12,Egress16,1000.0
192.0,sfc-ingress16egress16,Ingress16,13,13,SF-A,1306,13,SF-B,1950,9,SF-C,1350,12,Egress16,1000.0
193.0,sfc-ingress16egress16,Ingress16,10,10,SF-A,1056,10,SF-B,1500,7,SF-C,1050,9,Egress16,1000.0
194.0,sfc-ingress16egress16,Ingress16,10,10,SF-A,1050,10,SF-B,1500,7,SF-C,1050,9,Egress16,1000.0
195.0,sfc-ingress16egress16,Ingress16,9,9,SF-A,974,9,SF-B,1350,6,SF-C,900,8,Egress16,1000.0
196.0,sfc-ingress16egress16,Ingress16,12,12,SF-A,1299,12,SF-B,1800,9,SF-C,1350,12,Egress16,1000.0
197.0,sfc-ingress16egress16,Ingress16,12,12,SF-A,1259,12,SF-B,1800,9,SF-C,1350,12,Egress16,1000.0
198.0,sfc-ingress16egress16,Ingress16,11,11,SF-A,1144,11,SF-B,1650,8,SF-C,1200,10,Egress16,1000.0
199.0,sfc-ingress16egress16,Ingress16,12,12,SF-A,1210,12,SF-B,1800,9,SF-C,1350,12,Egress16,1000.0
200.0,sfc-ingress16egress16,Ingress16,12,12,SF-A,1256,12,SF-B,1800,9,SF-C,1350,12,Egress16,1000.0
201.0,sfc-ingress16egress16,Ingress16,10,10,SF-A,1042,10,SF-B,1500,7,SF-C,1050,9,Egress16,1000.0
202.0,sfc-ingress16egress16,Ingress16,11,11,SF-A,1128,11,SF-B,1650,8,SF-C,1200,10,Egress16,1000.0
203.0,sfc-ingress16egress16,Ingress16,12,12,SF-A,1235,12,SF-B,1800,9,SF-C,1350,12,Egress16,1000.0
204.0,sfc-ingress16egress16,Ingress16,11,11,SF-A,1166,11,SF-B,1650,8,SF-C,1200,10,Egress16,1000.0
205.0,sfc-ingress16egress16,Ingress16,10,10,SF-A,1013,10,SF-B,1500,7,SF-C,1050,9,Egress16,1000.0
206.0,sfc-ingress16egress16,Ingress16,9,9,SF-A,909,9,SF-B,1350,6,SF-C,900,8,Egress16,1000.0
207.0,sfc-ingress16egress16,Ingress16,11,11,SF-A,1112,11,SF-B,1650,8,SF-C,1200,10,Egress16,1000.0
208.0,sfc-ingress16egress16,Ingress16,12,12,SF-A,1280,12,SF-B,1800,9,SF-C,1350,12,Egress16,1000.0
209.0,sfc-ingress16egress16,Ingress16,9,9,SF-A,965,9,SF-B,1350,6,SF-C,900,8,Egress16,1000.0
210.0,sfc-ingress16egress16,Ingress16,9,9,SF-A,933,9,SF-B,1350,6,SF-C,900,8,Egress16,1000.0
211.0,sfc-ingress16egress16,Ingress16,11,11,SF-A,1129,11,SF-B,1650,8,SF-C,1200,10,Egress16,1000.0
212.0,sfc-ingress16egress16,Ingress16,12,12,SF-A,1297,12,SF-B,1800,9,SF-C,1350,12,Egress16,1000.0
213.0,sfc-ingress16egress16,Ingress16,10,10,SF-A,1040,10,SF-B,1500,7,SF-C,1050,9,Egress16,1000.0
214.0,sfc-ingress16egress16,Ingress16,9,9,SF-A,950,9,SF-B,1350,6,SF-C,900,8,Egress16,1000.0
215.0,sfc-ingress16egress16,Ingress16,11,11,SF-A,1164,11,SF-B,1650,8,SF-C,1200,10,Egress16,1000.0
216.0,sfc-ingress16egress16,Ingress16,11,11,SF-A,1190,11,SF-B,1650,8,SF-C,1200,10,Egress16,1000.0
217.0,sfc-ingress16egress16,Ingress16,9,9,SF-A,944,9,SF-B,1350,6,SF-C,900,8,Egress16,1000.0
218.0,sfc-ingress16egress16,Ingress16,10,10,SF-A,1067,10,SF-B,1500,7,SF-C,1050,9,Egress16,1000.0
219.0,sfc-ingress16egress16,Ingress16,9,9,SF-A,920,9,SF-B,1350,6,SF-C,900,8,Egress16,1000.0
220.0,sfc-ingress16egress16,Ingress16,11,11,SF-A,1172,11,SF-B,1650,8,SF-C,1200,10,Egress16,1000.0
221.0,sfc-ingress16egress16,Ingress16,10,10,SF-A,1011,10,SF-B,1500,7,SF-C,1050,9,Egress16,1000.0
222.0,sfc-ingress16egress16,Ingress16,10,10,SF-A,1047,10,SF-B,1500,7,SF-C,1050,9,Egress16,1000.0
223.0,sfc-ingress16egress16,Ingress16,12,12,SF-A,1230,12,SF-B,1800,9,SF-C,1350,12,Egress16,1000.0
224.0,sfc-ingress16egress16,Ingress16,8,8,SF-A,882,8,SF-B,1200,6,SF-C,900,8,Egress16,1000.0
225.0,sfc-ingress16egress16,Ingress16,12,12,SF-A,1267,12,SF-B,1800,9,SF-C,1350,12,Egress16,1000.0
226.0,sfc-ingress16egress16,Ingress16,10,10,SF-A,1073,10,SF-B,1500,7,SF-C,1050,9,Egress16,1000.0
227.0,sfc-ingress16egress16,Ingress16,10,10,SF-A,1053,10,SF-B,1500,7,SF-C,1050,9,Egress16,1000.0
228.0,sfc-ingress16egress16,Ingress16,9,9,SF-A,993,9,SF-B,1350,6,SF-C,900,8,Egress16,1000.0
229.0,sfc-ingress16egress16,Ingress16,9,9,SF-A,963,9,SF-B,1350,6,SF-C,900,8,Egress16,1000.0
230.0,sfc-ingress16egress16,Ingress16,10,10,SF-A,1006,10,SF-B,1500,7,SF-C,1050,9,Egress16,1000.0
231.0,sfc-ingress16egress16,Ingress16,10,10,SF-A,1067,10,SF-B,1500,7,SF-C,1050,9,Egress16,1000.0
232.0,sfc-ingress16egress16,Ingress16,10,10,SF-A,1050,10,SF-B,1500,7,SF-C,1050,9,Egress16,1000.0
233.0,sfc-ingress16egress16,Ingress16,8,8,SF-A,891,8,SF-B,1200,6,SF-C,900,8,Egress16,1000.0
234.0,sfc-ingress16egress16,Ingress16,12,12,SF-A,1231,12,SF-B,1800,9,SF-C,1350,12,Egress16,1000.0
235.0,sfc-ingress16egress16,Ingress16,11,11,SF-A,1101,11,SF-B,1650,8,SF-C,1200,10,Egress16,1000.0
236.0,sfc-ingress16egress16,Ingress16,11,11,SF-A,1166,11,SF-B,1650,8,SF-C,1200,10,Egress16,1000.0
237.0,sfc-ingress16egress16,Ingress16,9,9,SF-A,997,9,SF-B,1350,6,SF-C,900,8,Egress16,1000.0
238.0,sfc-ingress16egress16,Ingress16,11,11,SF-A,1140,11,SF-B,1650,8,SF-C,1200,10,Egress16,1000.0
239.0,sfc-ingress16egress16,Ingress16,10,10,SF-A,1014,10,SF-B,1500,7,SF-C,1050,9,Egress16,1000.0
240.0,sfc-ingress16egress16,Ingress16,12,12,SF-A,1236,12,SF-B,1800,9,SF-C,1350,12,Egress16,1000.0
241.0,sfc-ingress16egress16,Ingress16,9,9,SF-A,904,9,SF-B,1350,6,SF-C,900,8,Egress16,1000.0
242.0,sfc-ingress16egress16,Ingress16,10,10,SF-A,1033,10,SF-B,1500,7,SF-C,1050,9,Egress16,1000.0
243.0,sfc-ingress16egress16,Ingress16,11,11,SF-A,1131,11,SF-B,1650,8,SF-C,1200,10,Egress16,1000.0
244.0,sfc-ingress16egress16,Ingress16,10,10,SF-A,1005,10,SF-B,1500,7,SF-C,1050,9,Egress16,1000.0
245.0,sfc-ingress16egress16,Ingress16,10,10,SF-A,1095,10,SF-B,1500,7,SF-C,1050,9,Egress16,1000.0
246.0,sfc-ingress16egress16,Ingress16,10,10,SF-A,1058,10,SF-B,1500,7,SF-C,1050,9,Egress16,1000.0
247.0,sfc-ingress16egress16,Ingress16,9,9,SF-A,926,9,SF-B,1350,6,SF-C,900,8,Egress16,1000.0
248.0,sfc-ingress16egress16,Ingress16,12,12,SF-A,1218,12,SF-B,1800,9,SF-C,1350,12,Egress16,1000.0
249.0,sfc-ingress16egress16,Ingress16,10,10,SF-A,1016,10,SF-B,1500,7,SF-C,1050,9,Egress16,1000.0
250.0,sfc-ingress16egress16,Ingress16,11,11,SF-A,1137,11,SF-B,1650,8,SF-C,1200,10,Egress16,1000.0
251.0,sfc-ingress16egress16,Ingress16,11,11,SF-A,1164,11,SF-B,1650,8,SF-C,1200,10,Egress16,1000.0
252.0,sfc-ingress16egress16,Ingress16,9,9,SF-A,964,9,SF-B,1350,6,SF-C,900,8,Egress16,1000.0
253.0,sfc-ingress16egress16,Ingress16,12,12,SF-A,1299,12,SF-B,1800,9,SF-C,1350,12,Egress16,1000.0
254.0,sfc-ingress16egress16,Ingress16,12,12,SF-A,1206,12,SF-B,1800,9,SF-C,1350,12,Egress16,1000.0
255.0,sfc-ingress16egress16,Ingress16,11,11,SF-A,1183,11,SF-B,1650,8,SF-C,1200,10,Egress16,1000.0
256.0,sfc-ingress16egress16,Ingress16,12,12,SF-A,1200,12,SF-B,1800,9,SF-C,1350,12,Egress16,1000.0
257.0,sfc-ingress16egress16,Ingress16,11,11,SF-A,1122,11,SF-B,1650,8,SF-C,1200,10,Egress16,1000.0
258.0,sfc-ingress16egress16,Ingress16,10,10,SF-A,1099,10,SF-B,1500,7,SF-C,1050,9,Egress16,1000.0
259.0,sfc-ingress16egress16,Ingress16,11,11,SF-A,1152,11,SF-B,1650,8,SF-C,1200,10,Egress16,1000.0
260.0,sfc-ingress16egress16,Ingress16,11,11,SF-A,1102,11,SF-B,1650,8,SF-C,1200,10,Egress16,1000.0
261.0,sfc-ingress16egress16,Ingress16,12,12,SF-A,1249,12,SF-B,1800,9,SF-C,1350,12,Egress16,1000.0
262.0,sfc-ingress16egress16,Ingress16,8,8,SF-A,896,8,SF-B,1200,6,SF-C,900,8,Egress16,1000.0
263.0,sfc-ingress16egress16,Ingress16,9,9,SF-A,940,9,SF-B,1350,6,SF-C,900,8,Egress16,1000.0
264.0,sfc-ingress16egress16,Ingress16,10,10,SF-A,1035,10,SF-B,1500,7,SF-C,1050,9,Egress16,1000.0
265.0,sfc-ingress16egress16,Ingress16,9,9,SF-A,947,9,SF-B,1350,6,SF-C,900,8,Egress16,1000.0
266.0,sfc-ingress16egress16,Ingress16,9,9,SF-A,977,9,SF-B,1350,6,SF-C,900,8,Egress16,1000.0
267.0,sfc-ingress16egress16,Ingress16,12,12,SF-A,1216,12,SF-B,1800,9,SF-C,1350,12,Egress16,1000.0
268.0,sfc-ingress16egress16,Ingress16,10,10,SF-A,1005,10,SF-B,1500,7,SF-C,1050,9,Egress16,1000.0
269.0,sfc-ingress16egress16,Ingress16,12,12,SF-A,1276,12,SF-B,1800,9,SF-C,1350,12,Egress16,1000.0
270.0,sfc-ingress16egress16,Ingress16,12,12,SF-A,1213,12,SF-B,1800,9,SF-C,1350,12,Egress16,1000.0
271.0,sfc-ingress16egress16,Ingress16,11,11,SF-A,1104,11,SF-B,1650,8,SF-C,1200,10,Egress16,1000.0
272.0,sfc-ingress16egress16,Ingress16,12,12,SF-A,1227,12,SF-B,1800,9,SF-C,1350,12,Egress16,1000.0
273.0,sfc-ingress16egress16,Ingress16,10,10,SF-A,1091,10,SF-B,1500,7,SF-C,1050,9,Egress16,1000.0
274.0,sfc-ingress16egress16,Ingress16,10,10,SF-A,1061,10,SF-B,1500,7,SF-C,1050,9,Egress16,1000.0
275.0,sfc-ingress16egress16,Ingress16,12,12,SF-A,1231,12,SF-B,1800,9,SF-C,1350,12,Egress16,1000.0
276.0,sfc-ingress16egress16,Ingress16,11,11,SF-A,1103,11,SF-B,1650,8,SF-C,1200,10,Egress16,1000.0
277.0,sfc-ingress16egress16,Ingress16,11,11,SF-A,1153,11,SF-B,1650,8,SF-C,1200,10,Egress16,1000.0
278.0,sfc-ingress16egress16,Ingress16,8,8,SF-A,882,8,SF-B,1200,6,SF-C,900,8,Egress16,1000.0
279.0,sfc-ingress16egress16,Ingress16,10,10,SF-A,1036,10,SF-B,1500,7,SF-C,1050,9,Egress16,1000.0
280.0,sfc-ingress16egress16,Ingress16,9,9,SF-A,952,9,SF-B,1350,6,SF-C,900,8,Egress16,1000.0
281.0,sfc-ingress16egress16,Ingress16,12,12,SF-A,1268,12,SF-B,1800,9,SF-C,1350,12,Egress16,1000.0
282.0,sfc-ingress16egress16,Ingress16,12,12,SF-A,1210,12,SF-B,1800,9,SF-C,1350,12,Egress16,1000.0
283.0,sfc-ingress16egress16,Ingress16,10,10,SF-A,1083,10,SF-B,1500,7,SF-C,1050,9,Egress16,1000.0
284.0,sfc-ingress16egress16,Ingress16,9,9,SF-A,991,9,SF-B,1350,6,SF-C,900,8,Egress16,1000.0
285.0,sfc-ingress16egress16,Ingress16,9,9,SF-A,945,9,SF-B,1350,6,SF-C,900,8,Egress16,1000.0
286.0,sfc-ingress16egress16,Ingress16,12,12,SF-A,1263,12,SF-B,1800,9,SF-C,1350,12,Egress16,1000.0
287.0,sfc-ingress16egress16,Ingress16,12,12,SF-A,1281,12,SF-B,1800,9,SF-C,1350,12,Egress16,1000.0
288.0,sfc-ingress16egress16,Ingress16,9,9,SF-A,984,9,SF-B,1350,6,SF-C,900,8,Egress16,1000.0
289.0,sfc-ingress16egress16,Ingress16,12,12,SF-A,1202,12,SF-B,1800,9,SF-C,1350,12,Egress16,1000.0
290.0,sfc-ingress16egress16,Ingress16,11,11,SF-A,1172,11,SF-B,1650,8,SF-C,1200,10,Egress16,1000.0
291.0,sfc-ingress16egress16,Ingress16,9,9,SF-A,903,9,SF-B,1350,6,SF-C,900,8,Egress16,1000.0
292.0,sfc-ingress16egress16,Ingress16,11,11,SF-A,1150,11,SF-B,1650,8,SF-C,1200,10,Egress16,1000.0
293.0,sfc-ingress16egress16,Ingress16,12,12,SF-A,1234,12,SF-B,1800,9,SF-C,1350,12,Egress16,1000.0
294.0,sfc-ingress16egress16,Ingress16,11,11,SF-A,1106,11,SF-B,1650,8,SF-C,1200,10,Egress16,1000.0
295.0,sfc-ingress16egress16,Ingress16,12,12,SF-A,1226,12,SF-B,1800,9,SF-C,1350,12,Egress16,1000.0
296.0,sfc-ingress16egress16,Ingress16,11,11,SF-A,1187,11,SF-B,1650,8,SF-C,1200,10,Egress16,1000.0
297.0,sfc-ingress16egress16,Ingress16,10,10,SF-A,1010,10,SF-B,1500,7,SF-C,1050,9,Egress16,1000.0
298.0,sfc-ingress16egress16,Ingress16,10,10,SF-A,1040,10,SF-B,1500,7,SF-C,1050,9,Egress16,1000.0
299.0,sfc-ingress16egress16,Ingress16,12,12,SF-A,1277,12,SF-B,1800,9,SF-C,1350,12,Egress16,1000.0
300.0,sfc-ingress16egress16,Ingress16,10,10,SF-A,1020,10,SF-B,1500,7,SF-C,1050,9,Egress16,1000.0
301.0,sfc-ingress16egress16,Ingress16,11,11,SF-A,1183,11,SF-B,1650,8,SF-C,1200,10,Egress16,1000.0
302.0,sfc-ingress16egress16,Ingress16,10,10,SF-A,1014,10,SF-B,1500,7,SF-C,1050,9,Egress16,1000.0
303.0,sfc-ingress16egress16,Ingress16,9,9,SF-A,937,9,SF-B,1350,6,SF-C,900,8,Egress16,1000.0
304.0,sfc-ingress16egress16,Ingress16,10,10,SF-A,1050,10,SF-B,1500,7,SF-C,1050,9,Egress16,1000.0
305.0,sfc-ingress16egress16,Ingress16,9,9,SF-A,986,9,SF-B,1350,6,SF-C,900,8,Egress16,1000.0
306.0,sfc-ingress16egress16,Ingress16,10,10,SF-A,1051,10,SF-B,1500,7,SF-C,1050,9,Egress16,1000.0
307.0,sfc-ingress16egress16,Ingress16,9,9,SF-A,952,9,SF-B,1350,6,SF-C,900,8,Egress16,1000.0
308.0,sfc-ingress16egress16,Ingress16,11,11,SF-A,1127,11,SF-B,1650,8,SF-C,1200,10,Egress16,1000.0
309.0,sfc-ingress16egress16,Ingress16,12,12,SF-A,1293,12,SF-B,1800,9,SF-C,1350,12,Egress16,1000.0
310.0,sfc-ingress16egress16,Ingress16,9,9,SF-A,957,9,SF-B,1350,6,SF-C,900,8,Egress16,1000.0
311.0,sfc-ingress16egress16,Ingress16,11,11,SF-A,1187,11,SF-B,1650,8,SF-C,1200,10,Egress16,1000.0
312.0,sfc-ingress16egress16,Ingress16,10,10,SF-A,1090,10,SF-B,1500,7,SF-C,1050,9,Egress16,1000.0
313.0,sfc-ingress16egress16,Ingress16,8,8,SF-A,895,8,SF-B,1200,6,SF-C,900,8,Egress16,1000.0
314.0,sfc-ingress16egress16,Ingress16,10,10,SF-A,1062,10,SF-B,1500,7,SF-C,1050,9,Egress16,1000.0
315.0,sfc-ingress16egress16,Ingress16,11,11,SF-A,1116,11,SF-B,1650,8,SF-C,1200,10,Egress16,1000.0
316.0,sfc-ingress16egress16,Ingress16,12,12,SF-A,1235,12,SF-B,1800,9,SF-C,1350,12,Egress16,1000.0
317.0,sfc-ingress16egress16,Ingress16,12,12,SF-A,1234,12,SF-B,1800,9,SF-C,1350,12,Egress16,1000.0
318.0,sfc-ingress16egress16,Ingress16,12,12,SF-A,1256,12,SF-B,1800,9,SF-C,1350,12,Egress16,1000.0
319.0,sfc-ingress16egress16,Ingress16,10,10,SF-A,1066,10,SF-B,1500,7,SF-C,1050,9,Egress16,1000.0
320.0,sfc-ingress16egress16,Ingress16,10,10,SF-A,1081,10,SF-B,1500,7,SF-C,1050,9,Egress16,1000.0
321.0,sfc-ingress16egress16,Ingress16,10,10,SF-A,1050,10,SF-B,1500,7,SF-C,1050,9,Egress16,1000.0
322.0,sfc-ingress16egress16,Ingress16,11,11,SF-A,1121,11,SF-B,1650,8,SF-C,1200,10,Egress16,1000.0
323.0,sfc-ingress16egress16,Ingress16,11,11,SF-A,1163,11,SF-B,1650,8,SF-C,1200,10,Egress16,1000.0
324.0,sfc-ingress16egress16,Ingress16,12,12,SF-A,1276,12,SF-B,1800,9,SF-C,1350,12,Egress16,1000.0
325.0,sfc-ingress16egress16,Ingress16,9,9,SF-A,941,9,SF-B,1350,6,SF-C,900,8,Egress16,1000.0
326.0,sfc-ingress16egress16,Ingress16,11,11,SF-A,1123,11,SF-B,1650,8,SF-C,1200,10,Egress16,1000.0
327.0,sfc-ingress16egress16,Ingress16,12,12,SF-A,1243,12,SF-B,1800,9,SF-C,1350,12,Egress16,1000.0
328.0,sfc-ingress16egress16,Ingress16,10,10,SF-A,1090,10,SF-B,1500,7,SF-C,1050,9,Egress16,1000.0
329.0,sfc-ingress16egress16,Ingress16,12,12,SF-A,1244,12,SF-B,1800,9,SF-C,1350,12,Egress16,1000.0
330.0,sfc-ingress16egress16,Ingress16,10,10,SF-A,1092,10,SF-B,1500,7,SF-C,1050,9,Egress16,1000.0
331.0,sfc-ingress16egress16,Ingress16,11,11,SF-A,1197,11,SF-B,1650,8,SF-C,1200,10,Egress16,1000.0
332.0,sfc-ingress16egress16,Ingress16,10,10,SF-A,1013,10,SF-B,1500,7,SF-C,1050,9,Egress16,1000.0
333.0,sfc-ingress16egress16,Ingress16,10,10,SF-A,1026,10,SF-B,1500,7,SF-C,1050,9,Egress16,1000.0
334.0,sfc-ingress16egress16,Ingress16,10,10,SF-A,1035,10,SF-B,1500,7,SF-C,1050,9,Egress16,1000.0
335.0,sfc-ingress16egress16,Ingress16,9,9,SF-A,974,9,SF-B,1350,6,SF-C,900,8,Egress16,1000.0
336.0,sfc-ingress16egress16,Ingress16,11,11,SF-A,1119,11,SF-B,1650,8,SF-C,1200,10,Egress16,1000.0
337.0,sfc-ingress16egress16,Ingress16,10,10,SF-A,1067,10,SF-B,1500,7,SF-C,1050,9,Egress16,1000.0
338.0,sfc-ingress16egress16,Ingress16,12,12,SF-A,1292,12,SF-B,1800,9,SF-C,1350,12,Egress16,1000.0
339.0,sfc-ingress16egress16,Ingress16,11,11,SF-A,1112,11,SF-B,1650,8,SF-C,1200,10,Egress16,1000.0
340.0,sfc-ingress16egress16,Ingress16,9,9,SF-A,951,9,SF-B,1350,6,SF-C,900,8,Egress16,1000.0
341.0,sfc-ingress16egress16,Ingress16,9,9,SF-A,956,9,SF-B,1350,6,SF-C,900,8,Egress16,1000.0
342.0,sfc-ingress16egress16,Ingress16,9,9,SF-A,939,9,SF-B,1350,6,SF-C,900,8,Egress16,1000.0
343.0,sfc-ingress16egress16,Ingress16,10,10,SF-A,1011,10,SF-B,1500,7,SF-C,1050,9,Egress16,1000.0
344.0,sfc-ingress16egress16,Ingress16,10,10,SF-A,1084,10,SF-B,1500,7,SF-C,1050,9,Egress16,1000.0
345.0,sfc-ingress16egress16,Ingress16,13,13,SF-A,1306,13,SF-B,1950,9,SF-C,1350,12,Egress16,1000.0
346.0,sfc-ingress16egress16,Ingress16,10,10,SF-A,1013,10,SF-B,1500,7,SF-C,1050,9,Egress16,1000.0
347.0,sfc-ingress16egress16,Ingress16,12,12,SF-A,1202,12,SF-B,1800,9,SF-C,1350,12,Egress16,1000.0
348.0,sfc-ingress16egress16,Ingress16,11,11,SF-A,1169,11,SF-B,1650,8,SF-C,1200,10,Egress16,1000.0
349.0,sfc-ingress16egress16,Ingress16,10,10,SF-A,1087,10,SF-B,1500,7,SF-C,1050,9,Egress16,1000.0
350.0,sfc-ingress16egress16,Ingress16,10,10,SF-A,1070,10,SF-B,1500,7,SF-C,1050,9,Egress16,1000.0
351.0,sfc-ingress16egress16,Ingress16,10,10,SF-A,1067,10,SF-B,1500,7,SF-C,1050,9,Egress16,1000.0
352.0,sfc-ingress16egress16,Ingress16,11,11,SF-A,1139,11,SF-B,1650,8,SF-C,1200,10,Egress16,1000.0
353.0,sfc-ingress16egress16,Ingress16,12,12,SF-A,1221,12,SF-B,1800,9,SF-C,1350,12,Egress16,1000.0
354.0,sfc-ingress16egress16,Ingress16,12,12,SF-A,1293,12,SF-B,1800,9,SF-C,1350,12,Egress16,1000.0
355.0,sfc-ingress16egress16,Ingress16,9,9,SF-A,942,9,SF-B,1350,6,SF-C,900,8,Egress16,1000.0
356.0,sfc-ingress16egress16,Ingress16,11,11,SF-A,1112,11,SF-B,1650,8,SF-C,1200,10,Egress16,1000.0
357.0,sfc-ingress16egress16,Ingress16,9,9,SF-A,938,9,SF-B,1350,6,SF-C,900,8,Egress16,1000.0
358.0,sfc-ingress16egress16,Ingress16,11,11,SF-A,1155,11,SF-B,1650,8,SF-C,1200,10,Egress16,1000.0
359.0,sfc-ingress16egress16,Ingress16,10,10,SF-A,1046,10,SF-B,1500,7,SF-C,1050,9,Egress16,1000.0
360.0,sfc-ingress16egress16,Ingress16,12,12,SF-A,1255,12,SF-B,1800,9,SF-C,1350,12,Egress16,1000.0
361.0,sfc-ingress16egress16,Ingress16,11,11,SF-A,1175,11,SF-B,1650,8,SF-C,1200,10,Egress16,1000.0
362.0,sfc-ingress16egress16,Ingress16,9,9,SF-A,975,9,SF-B,1350,6,SF-C,900,8,Egress16,1000.0
363.0,sfc-ingress16egress16,Ingress16,12,12,SF-A,1248,12,SF-B,1800,9,SF-C,1350,12,Egress16,1000.0
364.0,sfc-ingress16egress16,Ingress16,11,11,SF-A,1120,11,SF-B,1650,8,SF-C,1200,10,Egress16,1000.0
365.0,sfc-ingress16egress16,Ingress16,10,10,SF-A,1035,10,SF-B,1500,7,SF-C,1050,9,Egress16,1000.0
366.0,sfc-ingress16egress16,Ingress16,8,8,SF-A,884,8,SF-B,1200,6,SF-C,900,8,Egress16,1000.0
367.0,sfc-ingress16egress16,Ingress16,10,10,SF-A,1047,10,SF-B,1500,7,SF-C,1050,9,Egress16,1000.0
368.0,sfc-ingress16egress16,Ingress16,12,12,SF-A,1220,12,SF-B,1800,9,SF-C,1350,12,Egress16,1000.0
369.0,sfc-ingress16egress16,Ingress16,12,12,SF-A,1258,12,SF-B,1800,9,SF-C,1350,12,Egress16,1000.0
370.0,sfc-ingress16egress16,Ingress16,11,11,SF-A,1158,11,SF-B,1650,8,SF-C,1200,10,Egress16,1000.0
371.0,sfc-ingress16egress16,Ingress16,12,12,SF-A,1284,12,SF-B,1800,9,SF-C,1350,12,Egress16,1000.0
372.0,sfc-ingress16egress16,Ingress16,11,11,SF-A,1197,11,SF-B,1650,8,SF-C,1200,10,Egress16,1000.0
373.0,sfc-ingress16egress16,Ingress16,12,12,SF-A,1235,12,SF-B,1800,9,SF-C,1350,12,Egress16,1000.0
374.0,sfc-ingress16egress16,Ingress16,9,9,SF-A,997,9,SF-B,1350,6,SF-C,900,8,Egress16,1000.0
375.0,sfc-ingress16egress16,Ingress16,11,11,SF-A,1161,11,SF-B,1650,8,SF-C,1200,10,Egress16,1000.0
376.0,sfc-ingress16egress16,Ingress16,10,10,SF-A,1004,10,SF-B,1500,7,SF-C,1050,9,Egress16,1000.0
377.0,sfc-ingress16egress16,Ingress16,11,11,SF-A,1107,11,SF-B,1650,8,SF-C,1200,10,Egress16,1000.0
378.0,sfc-ingress16egress16,Ingress16,10,10,SF-A,1042,10,SF-B,1500,7,SF-C,1050,9,Egress16,1000.0
379.0,sfc-ingress16egress16,Ingress16,11,11,SF-A,1171,11,SF-B,1650,8,SF-C,1200,10,Egress16,1000.0
380.0,sfc-ingress16egress16,Ingress16,10,10,SF-A,1012,10,SF-B,1500,7,SF-C,1050,9,Egress16,1000.0
381.0,sfc-ingress16egress16,Ingress16,10,10,SF-A,1007,10,SF-B,1500,7,SF-C,1050,9,Egress16,1000.0
382.0,sfc-ingress16egress16,Ingress16,10,10,SF-A,1043,10,SF-B,1500,7,SF-C,1050,9,Egress16,1000.0
383.0,sfc-ingress16egress16,Ingress16,11,11,SF-A,1188,11,SF-B,1650,8,SF-C,1200,10,Egress16,1000.0
384.0,sfc-ingress16egress16,Ingress16,10,10,SF-A,1092,10,SF-B,1500,7,SF-C,1050,9,Egress16,1000.0
385.0,sfc-ingress16egress16,Ingress16,10,10,SF-A,1037,10,SF-B,1500,7,SF-C,1050,9,Egress16,1000.0
386.0,sfc-ingress16egress16,Ingress16,12,12,SF-A,1284,12,SF-B,1800,9,SF-C,1350,12,Egress16,1000.0
387.0,sfc-ingress16egress16,Ingress16,9,9,SF-A,943,9,SF-B,1350,6,SF-C,900,8,Egress16,1000.0
388.0,sfc-ingress16egress16,Ingress16,9,9,SF-A,934,9,SF-B,1350,6,SF-C,900,8,Egress16,1000.0
389.0,sfc-ingress16egress16,Ingress16,8,8,SF-A,898,8,SF-B,1200,6,SF-C,900,8,Egress16,1000.0
390.0,sfc-ingress16egress16,Ingress16,11,11,SF-A,1121,11,SF-B,1650,8,SF-C,1200,10,Egress16,1000.0
391.0,sfc-ingress16egress16,Ingress16,11,11,SF-A,1149,11,SF-B,1650,8,SF-C,1200,10,Egress16,1000.0
392.0,sfc-ingress16egress16,Ingress16,11,11,SF-A,1189,11,SF-B,1650,8,SF-C,1200,10,Egress16,1000.0
393.0,sfc-ingress16egress16,Ingress16,11,11,SF-A,1173,11,SF-B,1650,8,SF-C,1200,10,Egress16,1000.0
394.0,sfc-ingress16egress16,Ingress16,9,9,SF-A,985,9,SF-B,1350,6,SF-C,900,8,Egress16,1000.0
395.0,sfc-ingress16egress16,Ingress16,12,12,SF-A,1259,12,SF-B,1800,9,SF-C,1350,12,Egress16,1000.0
396.0,sfc-ingress16egress16,Ingress16,12,12,SF-A,1276,12,SF-B,1800,9,SF-C,1350,12,Egress16,1000.0
397.0,sfc-ingress16egress16,Ingress16,10,10,SF-A,1072,10,SF-B,1500,7,SF-C,1050,9,Egress16,1000.0
398.0,sfc-ingress16egress16,Ingress16,12,12,SF-A,1223,12,SF-B,1800,9,SF-C,1350,12,Egress16,1000.0
399.0,sfc-ingress16egress16,Ingress16,12,12,SF-A,1250,12,SF-B,1800,9,SF-C,1350,12,Egress16,1000.0
400.0,sfc-ingress16egress16,Ingress16,13,13,SF-A,1315,13,SF-B,1950,9,SF-C,1350,12,Egress16,1000.0
401.0,sfc-ingress16egress16,Ingress16,10,10,SF-A,1054,10,SF-B,1500,7,SF-C,1050,9,Egress16,1000.0
402.0,sfc-ingress16egress16,Ingress16,9,9,SF-A,945,9,SF-B,1350,6,SF-C,900,8,Egress16,1000.0
403.0,sfc-ingress16egress16,Ingress16,11,11,SF-A,1153,11,SF-B,1650,8,SF-C,1200,10,Egress16,1000.0
404.0,sfc-ingress16egress16,Ingress16,12,12,SF-A,1240,12,SF-B,1800,9,SF-C,1350,12,Egress16,1000.0
405.0,sfc-ingress16egress16,Ingress16,11,11,SF-A,1180,11,SF-B,1650,8,SF-C,1200,10,Egress16,1000.0
406.0,sfc-ingress16egress16,Ingress16,11,11,SF-A,1197,11,SF-B,1650,8,SF-C,1200,10,Egress16,1000.0
407.0,sfc-ingress16egress16,Ingress16,9,9,SF-A,918,9,SF-B,1350,6,SF-C,900,8,Egress16,1000.0
408.0,sfc-ingress16egress16,Ingress16,12,12,SF-A,1296,12,SF-B,1800,9,SF-C,1350,12,Egress16,1000.0
409.0,sfc-ingress16egress16,Ingress16,12,12,SF-A,1271,12,SF-B,1800,9,SF-C,1350,12,Egress16,1000.0
410.0,sfc-ingress16egress16,Ingress16,10,10,SF-A,1008,10,SF-B,1500,7,SF-C,1050,9,Egress16,1000.0
411.0,sfc-ingress16egress16,Ingress16,13,13,SF-A,1316,13,SF-B,1950,9,SF-C,1350,12,Egress16,1000.0
412.0,sfc-ingress16egress16,Ingress16,9,9,SF-A,976,9,SF-B,1350,6,SF-C,900,8,Egress16,1000.0
413.0,sfc-ingress16egress16,Ingress16,11,11,SF-A,1109,11,SF-B,1650,8,SF-C,1200,10,Egress16,1000.0
414.0,sfc-ingress16egress16,Ingress16,9,9,SF-A,930,9,SF-B,1350,6,SF-C,900,8,Egress16,1000.0
415.0,sfc-ingress16egress16,Ingress16,11,11,SF-A,1172,11,SF-B,1650,8,SF-C,1200,10,Egress16,1000.0
416.0,sfc-ingress16egress16,Ingress16,10,10,SF-A,1005,10,SF-B,1500,7,SF-C,1050,9,Egress16,1000.0
417.0,sfc-ingress16egress16,Ingress16,9,9,SF-A,965,9,SF-B,1350,6,SF-C,900,8,Egress16,1000.0
418.0,sfc-ingress16egress16,Ingress16,11,11,SF-A,1177,11,SF-B,1650,8,SF-C,1200,10,Egress16,1000.0
419.0,sfc-ingress16egress16,Ingress16,11,11,SF-A,1130,11,SF-B,1650,8,SF-C,1200,10,Egress16,1000.0
420.0,sfc-ingress16egress16,Ingress16,10,10,SF-A,1009,10,SF-B,1500,7,SF-C,1050,9,Egress16,1000.0
421.0,sfc-ingress16egress16,Ingress16,9,9,SF-A,960,9,SF-B,1350,6,SF-C,900,8,Egress16,1000.0
422.0,sfc-ingress16egress16,Ingress16,10,10,SF-A,1078,10,SF-B,1500,7,SF-C,1050,9,Egress16,1000.0
423.0,sfc-ingress16egress16,Ingress16,9,9,SF-A,900,9,SF-B,1350,6,SF-C,900,8,Egress16,1000.0
424.0,sfc-ingress16egress16,Ingress16,12,12,SF-A,1288,12,SF-B,1800,9,SF-C,1350,12,Egress16,1000.0
425.0,sfc-ingress16egress16,Ingress16,12,12,SF-A,1217,12,SF-B,1800,9,SF-C,1350,12,Egress16,1000.0
426.0,sfc-ingress16egress16,Ingress16,8,8,SF-A,891,8,SF-B,1200,6,SF-C,900,8,Egress16,1000.0
427.0,sfc-ingress16egress16,Ingress16,9,9,SF-A,980,9,SF-B,1350,6,SF-C,900,8,Egress16,1000.0
428.0,sfc-ingress16egress16,Ingress16,9,9,SF-A,982,9,SF-B,1350,6,SF-C,900,8,Egress16,1000.0
429.0,sfc-ingress16egress16,Ingress16,10,10,SF-A,1052,10,SF-B,1500,7,SF-C,1050,9,Egress16,1000.0
430.0,sfc-ingress16egress16,Ingress16,10,10,SF-A,1098,10,SF-B,1500,7,SF-C,1050,9,Egress16,1000.0
431.0,sfc-ingress16egress16,Ingress16,12,12,SF-A,1295,12,SF-B,1800,9,SF-C,1350,12,Egress16,1000.0
432.0,sfc-ingress16egress16,Ingress16,9,9,SF-A,987,9,SF-B,1350,6,SF-C,900,8,Egress16,1000.0
433.0,sfc-ingress16egress16,Ingress16,13,13,SF-A,1314,13,SF-B,1950,9,SF-C,1350,12,Egress16,1000.0
434.0,sfc-ingress16egress16,Ingress16,12,12,SF-A,1246,12,SF-B,1800,9,SF-C,1350,12,Egress16,1000.0
435.0,sfc-ingress16egress16,Ingress16,12,12,SF-A,1217,12,SF-B,1800,9,SF-C,1350,12,Egress16,1000.0
436.0,sfc-ingress16egress16,Ingress16,13,13,SF-A,1307,13,SF-B,1950,9,SF-C,1350,12,Egress16,1000.0
437.0,sfc-ingress16egress16,Ingress16,12,12,SF-A,1233,12,SF-B,1800,9,SF-C,1350,12,Egress16,1000.0
438.0,sfc-ingress16egress16,Ingress16,11,11,SF-A,1143,11,SF-B,1650,8,SF-C,1200,10,Egress16,1000.0
439.0,sfc-ingress16egress16,Ingress16,11,11,SF-A,1160,11,SF-B,1650,8,SF-C,1200,10,Egress16,1000.0
440.0,sfc-ingress16egress16,Ingress16,8,8,SF-A,893,8,SF-B,1200,6,SF-C,900,8,Egress16,1000.0
441.0,sfc-ingress16egress16,Ingress16,12,12,SF-A,1268,12,SF-B,1800,9,SF-C,1350,12,Egress16,1000.0
442.0,sfc-ingress16egress16,Ingress16,10,10,SF-A,1039,10,SF-B,1500,7,SF-C,1050,9,Egress16,1000.0
443.0,sfc-ingress16egress16,Ingress16,13,13,SF-A,1312,13,SF-B,1950,9,SF-C,1350,12,Egress16,1000.0
444.0,sfc-ingress16egress16,Ingress16,11,11,SF-A,1149,11,SF-B,1650,8,SF-C,1200,10,Egress16,1000.0
445.0,sfc-ingress16egress16,Ingress16,11,11,SF-A,1183,11,SF-B,1650,8,SF-C,1200,10,Egress16,1000.0
446.0,sfc-ingress16egress16,Ingress16,9,9,SF-A,949,9,SF-B,1350,6,SF-C,900,8,Egress16,1000.0
447.0,sfc-ingress16egress16,Ingress16,10,10,SF-A,1011,10,SF-B,1500,7,SF-C,1050,9,Egress16,1000.0
448.0,sfc-ingress16egress16,Ingress16,9,9,SF-A,986,9,SF-B,1350,6,SF-C,900,8,Egress16,1000.0
449.0,sfc-ingress16egress16,Ingress16,10,10,SF-A,1059,10,SF-B,1500,7,SF-C,1050,9,Egress16,1000.0
450.0,sfc-ingress16egress16,Ingress16,9,9,SF-A,987,9,SF-B,1350,6,SF-C,900,8,Egress16,1000.0
451.0,sfc-ingress16egress16,Ingress16,11,11,SF-A,1121,11,SF-B,1650,8,SF-C,1200,10,Egress16,1000.0
452.0,sfc-ingress16egress16,Ingress16,9,9,SF-A,952,9,SF-B,1350,6,SF-C,900,8,Egress16,1000.0
453.0,sfc-ingress16egress16,Ingress16,10,10,SF-A,1010,10,SF-B,1500,7,SF-C,1050,9,Egress16,1000.0
454.0,sfc-ingress16egress16,Ingress16,11,11,SF-A,1189,11,SF-B,1650,8,SF-C,1200,10,Egress16,1000.0
455.0,sfc-ingress16egress16,Ingress16,11,11,SF-A,1112,11,SF-B,1650,8,SF-C,1200,10,Egress16,1000.0
456.0,sfc-ingress16egress16,Ingress16,11,11,SF-A,1129,11,SF-B,1650,8,SF-C,1200,10,Egress16,1000.0
457.0,sfc-ingress16egress16,Ingress16,12,12,SF-A,1299,12,SF-B,1800,9,SF-C,1350,12,Egress16,1000.0
458.0,sfc-ingress16egress16,Ingress16,10,10,SF-A,1071,10,SF-B,1500,7,SF-C,1050,9,Egress16,1000.0
459.0,sfc-ingress16egress16,Ingress16,10,10,SF-A,1077,10,SF-B,1500,7,SF-C,1050,9,Egress16,1000.0
460.0,sfc-ingress16egress16,Ingress16,12,12,SF-A,1216,12,SF-B,1800,9,SF-C,1350,12,Egress16,1000.0
461.0,sfc-ingress16egress16,Ingress16,11,11,SF-A,1114,11,SF-B,1650,8,SF-C,1200,10,Egress16,1000.0
462.0,sfc-ingress16egress16,Ingress16,10,10,SF-A,1070,10,SF-B,1500,7,SF-C,1050,9,Egress16,1000.0
463.0,sfc-ingress16egress16,Ingress16,9,9,SF-A,942,9,SF-B,1350,6,SF-C,900,8,Egress16,1000.0
464.0,sfc-ingress16egress16,Ingress16,11,11,SF-A,1135,11,SF-B,1650,8,SF-C,1200,10,Egress16,1000.0
465.0,sfc-ingress16egress16,Ingress16,9,9,SF-A,943,9,SF-B,1350,6,SF-C,900,8,Egress16,1000.0
466.0,sfc-ingress16egress16,Ingress16,12,12,SF-A,1264,12,SF-B,1800,9,SF-C,1350,12,Egress16,1000.0
467.0,sfc-ingress16egress16,Ingress16,9,9,SF-A,963,9,SF-B,1350,6,SF-C,900,8,Egress16,1000.0
468.0,sfc-ingress16egress16,Ingress16,11,11,SF-A,1121,11,SF-B,1650,8,SF-C,1200,10,Egress16,1000.0
469.0,sfc-ingress16egress16,Ingress16,10,10,SF-A,1056,10,SF-B,1500,7,SF-C,1050,9,Egress16,1000.0
470.0,sfc-ingress16egress16,Ingress16,9,9,SF-A,975,9,SF-B,1350,6,SF-C,900,8,Egress16,1000.0
471.0,sfc-ingress16egress16,Ingress16,11,11,SF-A,1132,11,SF-B,1650,8,SF-C,1200,10,Egress16,1000.0
472.0,sfc-ingress16egress16,Ingress16,10,10,SF-A,1097,10,SF-B,1500,7,SF-C,1050,9,Egress16,1000.0
473.0,sfc-ingress16egress16,Ingress16,11,11,SF-A,1186,11,SF-B,1650,8,SF-C,1200,10,Egress16,1000.0
474.0,sfc-ingress16egress16,Ingress16,11,11,SF-A,1143,11,SF-B,1650,8,SF-C,1200,10,Egress16,1000.0
475.0,sfc-ingress16egress16,Ingress16,13,13,SF-A,1309,13,SF-B,1950,9,SF-C,1350,12,Egress16,1000.0
476.0,sfc-ingress16egress16,Ingress16,9,9,SF-A,969,9,SF-B,1350,6,SF-C,900,8,Egress16,1000.0
477.0,sfc-ingress16egress16,Ingress16,10,10,SF-A,1097,10,SF-B,1500,7,SF-C,1050,9,Egress16,1000.0
478.0,sfc-ingress16egress16,Ingress16,12,12,SF-A,1227,12,SF-B,1800,9,SF-C,1350,12,Egress16,1000.0
479.0,sfc-ingress16egress16,Ingress16,10,10,SF-A,1025,10,SF-B,1500,7,SF-C,1050,9,Egress16,1000.0
480.0,sfc-ingress16egress16,Ingress16,11,11,SF-A,1146,11,SF-B,1650,8,SF-C,1200,10,Egress16,1000.0
481.0,sfc-ingress16egress16,Ingress16,9,9,SF-A,916,9,SF-B,1350,6,SF-C,900,8,Egress16,1000.0
482.0,sfc-ingress16egress16,Ingress16,10,10,SF-A,1007,10,SF-B,1500,7,SF-C,1050,9,Egress16,1000.0
483.0,sfc-ingress16egress16,Ingress16,12,12,SF-A,1277,12,SF-B,1800,9,SF-C,1350,12,Egress16,1000.0
484.0,sfc-ingress16egress16,Ingress16,11,11,SF-A,1188,11,SF-B,1650,8,SF-C,1200,10,Egress16,1000.0
485.0,sfc-ingress16egress16,Ingress16,11,11,SF-A,1176,11,SF-B,1650,8,SF-C,1200,10,Egress16,1000.0
486.0,sfc-ingress16egress16,Ingress16,11,11,SF-A,1151,11,SF-B,1650,8,SF-C,1200,10,Egress16,1000.0
487.0,sfc-ingress16egress16,Ingress16,12,12,SF-A,1284,12,SF-B,1800,9,SF-C,1350,12,Egress16,1000.0
488.0,sfc-ingress16egress16,Ingress16,9,9,SF-A,905,9,SF-B,1350,6,SF-C,900,8,Egress16,1000.0
489.0,sfc-ingress16egress16,Ingress16,10,10,SF-A,1083,10,SF-B,1500,7,SF-C,1050,9,Egress16,1000.0
490.0,sfc-ingress16egress16,Ingress16,12,12,SF-A,1246,12,SF-B,1800,9,SF-C,1350,12,Egress16,1000.0
491.0,sfc-ingress16egress16,Ingress16,13,13,SF-A,1307,13,SF-B,1950,9,SF-C,1350,12,Egress16,1000.0
492.0,sfc-ingress16egress16,Ingress16,9,9,SF-A,970,9,SF-B,1350,6,SF-C,900,8,Egress16,1000.0
493.0,sfc-ingress16egress16,Ingress16,10,10,SF-A,1097,10,SF-B,1500,7,SF-C,1050,9,Egress16,1000.0
494.0,sfc-ingress16egress16,Ingress16,12,12,SF-A,1200,12,SF-B,1800,9,SF-C,1350,12,Egress16,1000.0
495.0,sfc-ingress16egress16,Ingress16,10,10,SF-A,1058,10,SF-B,1500,7,SF-C,1050,9,Egress16,1000.0
496.0,sfc-ingress16egress16,Ingress16,12,12,SF-A,1244,12,SF-B,1800,9,SF-C,1350,12,Egress16,1000.0
497.0,sfc-ingress16egress16,Ingress16,11,11,SF-A,1108,11,SF-B,1650,8,SF-C,1200,10,Egress16,1000.0
498.0,sfc-ingress16egress16,Ingress16,10,10,SF-A,1081,10,SF-B,1500,7,SF-C,1050,9,Egress16,1000.0
499.0,sfc-ingress16egress16,Ingress16,13,13,SF-A,1319,13,SF-B,1950,9,SF-C,1350,12,Egress16,1000.0
500.0,sfc-ingress16egress16,Ingress16,12,12,SF-A,1246,12,SF-B,1800,9,SF-C,1350,12,Egress16,1000.0
501.0,sfc-ingress16egress16,Ingress16,9,9,SF-A,909,9,SF-B,1350,6,SF-C,900,8,Egress16,1000.0
502.0,sfc-ingress16egress16,Ingress16,12,12,SF-A,1247,12,SF-B,1800,9,SF-C,1350,12,Egress16,1000.0
503.0,sfc-ingress16egress16,Ingress16,13,13,SF-A,1314,13,SF-B,1950,9,SF-C,1350,12,Egress16,1000.0
504.0,sfc-ingress16egress16,Ingress16,10,10,SF-A,1050,10,SF-B,1500,7,SF-C,1050,9,Egress16,1000.0
505.0,sfc-ingress16egress16,Ingress16,12,12,SF-A,1227,12,SF-B,1800,9,SF-C,1350,12,Egress16,1000.0
506.0,sfc-ingress16egress16,Ingress16,12,12,SF-A,1261,12,SF-B,1800,9,SF-C,1350,12,Egress16,1000.0
507.0,sfc-ingress16egress16,Ingress16,11,11,SF-A,1189,11,SF-B,1650,8,SF-C,1200,10,Egress16,1000.0
508.0,sfc-ingress16egress16,Ingress16,10,10,SF-A,1089,10,SF-B,1500,7,SF-C,1050,9,Egress16,1000.0
509.0,sfc-ingress16egress16,Ingress16,10,10,SF-A,1086,10,SF-B,1500,7,SF-C,1050,9,Egress16,1000.0
510.0,sfc-ingress16egress16,Ingress16,9,9,SF-A,906,9,SF-B,1350,6,SF-C,900,8,Egress16,1000.0
511.0,sfc-ingress16egress16,Ingress16,12,12,SF-A,1281,12,SF-B,1800,9,SF-C,1350,12,Egress16,1000.0
512.0,sfc-ingress16egress16,Ingress16,12,12,SF-A,1205,12,SF-B,1800,9,SF-C,1350,12,Egress16,1000.0
513.0,sfc-ingress16egress16,Ingress16,9,9,SF-A,993,9,SF-B,1350,6,SF-C,900,8,Egress16,1000.0
514.0,sfc-ingress16egress16,Ingress16,12,12,SF-A,1212,12,SF-B,1800,9,SF-C,1350,12,Egress16,1000.0
515.0,sfc-ingress16egress16,Ingress16,10,10,SF-A,1089,10,SF-B,1500,7,SF-C,1050,9,Egress16,1000.0
516.0,sfc-ingress16egress16,Ingress16,9,9,SF-A,963,9,SF-B,1350,6,SF-C,900,8,Egress16,1000.0
517.0,sfc-ingress16egress16,Ingress16,11,11,SF-A,1197,11,SF-B,1650,8,SF-C,1200,10,Egress16,1000.0
518.0,sfc-ingress16egress16,Ingress16,8,8,SF-A,889,8,SF-B,1200,6,SF-C,900,8,Egress16,1000.0
519.0,sfc-ingress16egress16,Ingress16,11,11,SF-A,1187,11,SF-B,1650,8,SF-C,1200,10,Egress16,1000.0
520.0,sfc-ingress16egress16,Ingress16,11,11,SF-A,1177,11,SF-B,1650,8,SF-C,1200,10,Egress16,1000.0
521.0,sfc-ingress16egress16,Ingress16,9,9,SF-A,963,9,SF-B,1350,6,SF-C,900,8,Egress16,1000.0
522.0,sfc-ingress16egress16,Ingress16,12,12,SF-A,1292,12,SF-B,1800,9,SF-C,1350,12,Egress16,1000.0
523.0,sfc-ingress16egress16,Ingress16,10,10,SF-A,1053,10,SF-B,1500,7,SF-C,1050,9,Egress16,1000.0
524.0,sfc-ingress16egress16,Ingress16,9,9,SF-A,901,9,SF-B,1350,6,SF-C,900,8,Egress16,1000.0
525.0,sfc-ingress16egress16,Ingress16,12,12,SF-A,1240,12,SF-B,1800,9,SF-C,1350,12,Egress16,1000.0
526.0,sfc-ingress16egress16,Ingress16,10,10,SF-A,1010,10,SF-B,1500,7,SF-C,1050,9,Egress16,1000.0
527.0,sfc-ingress16egress16,Ingress16,8,8,SF-A,881,8,SF-B,1200,6,SF-C,900,8,Egress16,1000.0
528.0,sfc-ingress16egress16,Ingress16,9,9,SF-A,930,9,SF-B,1350,6,SF-C,900,8,Egress16,1000.0
529.0,sfc-ingress16egress16,Ingress16,12,12,SF-A,1249,12,SF-B,1800,9,SF-C,1350,12,Egress16,1000.0
530.0,sfc-ingress16egress16,Ingress16,12,12,SF-A,1251,12,SF-B,1800,9,SF-C,1350,12,Egress16,1000.0
531.0,sfc-ingress16egress16,Ingress16,8,8,SF-A,895,8,SF-B,1200,6,SF-C,900,8,Egress16,1000.0
532.0,sfc-ingress16egress16,Ingress16,12,12,SF-A,1253,12,SF-B,1800,9,SF-C,1350,12,Egress16,1000.0
533.0,sfc-ingress16egress16,Ingress16,10,10,SF-A,1030,10,SF-B,1500,7,SF-C,1050,9,Egress16,1000.0
534.0,sfc-ingress16egress16,Ingress16,12,12,SF-A,1242,12,SF-B,1800,9,SF-C,1350,12,Egress16,1000.0
535.0,sfc-ingress16egress16,Ingress16,12,12,SF-A,1278,12,SF-B,1800,9,SF-C,1350,12,Egress16,1000.0
536.0,sfc-ingress16egress16,Ingress16,10,10,SF-A,1004,10,SF-B,1500,7,SF-C,1050,9,Egress16,1000.0
537.0,sfc-ingress16egress16,Ingress16,11,11,SF-A,1193,11,SF-B,1650,8,SF-C,1200,10,Egress16,1000.0
538.0,sfc-ingress16egress16,Ingress16,12,12,SF-A,1202,12,SF-B,1800,9,SF-C,1350,12,Egress16,1000.0
539.0,sfc-ingress16egress16,Ingress16,9,9,SF-A,986,9,SF-B,1350,6,SF-C,900,8,Egress16,1000.0
540.0,sfc-ingress16egress16,Ingress16,13,13,SF-A,1318,13,SF-B,1950,9,SF-C,1350,12,Egress16,1000.0
541.0,sfc-ingress16egress16,Ingress16,10,10,SF-A,1009,10,SF-B,1500,7,SF-C,1050,9,Egress16,1000.0
542.0,sfc-ingress16egress16,Ingress16,9,9,SF-A,922,9,SF-B,1350,6,SF-C,900,8,Egress16,1000.0
543.0,sfc-ingress16egress16,Ingress16,11,11,SF-A,1155,11,SF-B,1650,8,SF-C,1200,10,Egress16,1000.0
544.0,sfc-ingress16egress16,Ingress16,11,11,SF-A,1177,11,SF-B,1650,8,SF-C,1200,10,Egress16,1000.0
545.0,sfc-ingress16egress16,Ingress16,12,12,SF-A,1274,12,SF-B,1800,9,SF-C,1350,12,Egress16,1000.0
546.0,sfc-ingress16egress16,Ingress16,9,9,SF-A,968,9,SF-B,1350,6,SF-C,900,8,Egress16,1000.0
547.0,sfc-ingress16egress16,Ingress16,11,11,SF-A,1112,11,SF-B,1650,8,SF-C,1200,10,Egress16,1000.0
548.0,sfc-ingress16egress16,Ingress16,12,12,SF-A,1283,12,SF-B,1800,9,SF-C,1350,12,Egress16,1000.0
549.0,sfc-ingress16egress16,Ingress16,9,9,SF-A,936,9,SF-B,1350,6,SF-C,900,8,Egress16,1000.0
550.0,sfc-ingress16egress16,Ingress16,13,13,SF-A,1309,13,SF-B,1950,9,SF-C,1350,12,Egress16,1000.0
551.0,sfc-ingress16egress16,Ingress16,10,10,SF-A,1022,10,SF-B,1500,7,SF-C,1050,9,Egress16,1000.0
552.0,sfc-ingress16egress16,Ingress16,9,9,SF-A,959,9,SF-B,1350,6,SF-C,900,8,Egress16,1000.0
553.0,sfc-ingress16egress16,Ingress16,11,11,SF-A,1187,11,SF-B,1650,8,SF-C,1200,10,Egress16,1000.0
554.0,sfc-ingress16egress16,Ingress16,12,12,SF-A,1279,12,SF-B,1800,9,SF-C,1350,12,Egress16,1000.0
555.0,sfc-ingress16egress16,Ingress16,9,9,SF-A,938,9,SF-B,1350,6,SF-C,900,8,Egress16,1000.0
556.0,sfc-ingress16egress16,Ingress16,9,9,SF-A,922,9,SF-B,1350,6,SF-C,900,8,Egress16,1000.0
557.0,sfc-ingress16egress16,Ingress16,12,12,SF-A,1266,12,SF-B,1800,9,SF-C,1350,12,Egress16,1000.0
558.0,sfc-ingress16egress16,Ingress16,11,11,SF-A,1139,11,SF-B,1650,8,SF-C,1200,10,Egress16,1000.0
559.0,sfc-ingress16egress16,Ingress16,11,11,SF-A,1167,11,SF-B,1650,8,SF-C,1200,10,Egress16,1000.0
560.0,sfc-ingress16egress16,Ingress16,11,11,SF-A,1137,11,SF-B,1650,8,SF-C,1200,10,Egress16,1000.0
561.0,sfc-ingress16egress16,Ingress16,11,11,SF-A,1176,11,SF-B,1650,8,SF-C,1200,10,Egress16,1000.0
562.0,sfc-ingress16egress16,Ingress16,11,11,SF-A,1189,11,SF-B,1650,8,SF-C,1200,10,Egress16,1000.0
563.0,sfc-ingress16egress16,Ingress16,9,9,SF-A,947,9,SF-B,1350,6,SF-C,900,8,Egress16,1000.0
564.0,sfc-ingress16egress16,Ingress16,12,12,SF-A,1202,12,SF-B,1800,9,SF-C,1350,12,Egress16,1000.0
565.0,sfc-ingress16egress16,Ingress16,11,11,SF-A,1159,11,SF-B,1650,8,SF-C,1200,10,Egress16,1000.0
566.0,sfc-ingress16egress16,Ingress16,10,10,SF-A,1038,10,SF-B,1500,7,SF-C,1050,9,Egress16,1000.0
567.0,sfc-ingress16egress16,Ingress16,9,9,SF-A,943,9,SF-B,1350,6,SF-C,900,8,Egress16,1000.0
568.0,sfc-ingress16egress16,Ingress16,12,12,SF-A,1272,12,SF-B,1800,9,SF-C,1350,12,Egress16,1000.0
569.0,sfc-ingress16egress16,Ingress16,10,10,SF-A,1048,10,SF-B,1500,7,SF-C,1050,9,Egress16,1000.0
570.0,sfc-ingress16egress16,Ingress16,10,10,SF-A,1011,10,SF-B,1500,7,SF-C,1050,9,Egress16,1000.0
571.0,sfc-ingress16egress16,Ingress16,11,11,SF-A,1111,11,SF-B,1650,8,SF-C,1200,10,Egress16,1000.0
572.0,sfc-ingress16egress16,Ingress16,10,10,SF-A,1055,10,SF-B,1500,7,SF-C,1050,9,Egress16,1000.0
573.0,sfc-ingress16egress16,Ingress16,9,9,SF-A,973,9,SF-B,1350,6,SF-C,900,8,Egress16,1000.0
574.0,sfc-ingress16egress16,Ingress16,12,12,SF-A,1251,12,SF-B,1800,9,SF-C,1350,12,Egress16,1000.0
575.0,sfc-ingress16egress16,Ingress16,10,10,SF-A,1015,10,SF-B,1500,7,SF-C,1050,9,Egress16,1000.0
576.0,sfc-ingress16egress16,Ingress16,10,10,SF-A,1007,10,SF-B,1500,7,SF-C,1050,9,Egress16,1000.0
577.0,sfc-ingress16egress16,Ingress16,10,10,SF-A,1025,10,SF-B,1500,7,SF-C,1050,9,Egress16,1000.0
578.0,sfc-ingress16egress16,Ingress16,10,10,SF-A,1014,10,SF-B,1500,7,SF-C,1050,9,Egress16,1000.0
579.0,sfc-ingress16egress16,Ingress16,11,11,SF-A,1101,11,SF-B,1650,8,SF-C,1200,10,Egress16,1000.0
580.0,sfc-ingress16egress16,Ingress16,10,10,SF-A,1094,10,SF-B,1500,7,SF-C,1050,9,Egress16,1000.0
581.0,sfc-ingress16egress16,Ingress16,11,11,SF-A,1101,11,SF-B,1650,8,SF-C,1200,10,Egress16,1000.0
582.0,sfc-ingress16egress16,Ingress16,10,10,SF-A,1054,10,SF-B,1500,7,SF-C,1050,9,Egress16,1000.0
583.0,sfc-ingress16egress16,Ingress16,10,10,SF-A,1005,10,SF-B,1500,7,SF-C,1050,9,Egress16,1000.0
584.0,sfc-ingress16egress16,Ingress16,10,10,SF-A,1094,10,SF-B,1500,7,SF-C,1050,9,Egress16,1000.0
585.0,sfc-ingress16egress16,Ingress16,12,12,SF-A,1235,12,SF-B,1800,9,SF-C,1350,12,Egress16,1000.0
586.0,sfc-ingress16egress16,Ingress16,12,12,SF-A,1239,12,SF-B,1800,9,SF-C,1350,12,Egress16,1000.0
587.0,sfc-ingress16egress16,Ingress16,9,9,SF-A,954,9,SF-B,1350,6,SF-C,900,8,Egress16,1000.0
588.0,sfc-ingress16egress16,Ingress16,10,10,SF-A,1079,10,SF-B,1500,7,SF-C,1050,9,Egress16,1000.0
589.0,sfc-ingress16egress16,Ingress16,12,12,SF-A,1251,12,SF-B,1800,9,SF-C,1350,12,Egress16,1000.0
590.0,sfc-ingress16egress16,Ingress16,13,13,SF-A,1313,13,SF-B,1950,9,SF-C,1350,12,Egress16,1000.0
591.0,sfc-ingress16egress16,Ingress16,9,9,SF-A,920,9,SF-B,1350,6,SF-C,900,8,Egress16,1000.0
592.0,sfc-ingress16egress16,Ingress16,12,12,SF-A,1279,12,SF-B,1800,9,SF-C,1350,12,Egress16,1000.0
593.0,sfc-ingress16egress16,Ingress16,9,9,SF-A,907,9,SF-B,1350,6,SF-C,900,8,Egress16,1000.0
594.0,sfc-ingress16egress16,Ingress16,10,10,SF-A,1099,10,SF-B,1500,7,SF-C,1050,9,Egress16,1000.0
595.0,sfc-ingress16egress16,Ingress16,12,12,SF-A,1203,12,SF-B,1800,9,SF-C,1350,12,Egress16,1000.0
596.0,sfc-ingress16egress16,Ingress16,9,9,SF-A,997,9,SF-B,1350,6,SF-C,900,8,Egress16,1000.0
597.0,sfc-ingress16egress16,Ingress16,11,11,SF-A,1140,11,SF-B,1650,8,SF-C,1200,10,Egress16,1000.0
598.0,sfc-ingress16egress16,Ingress16,12,12,SF-A,1219,12,SF-B,1800,9,SF-C,1350,12,Egress16,1000.0
599.0,sfc-ingress16egress16,Ingress16,12,12,SF-A,1278,12,SF-B,1800,9,SF-C,1350,12,Egress16,1000.0
600.0,sfc-ingress16egress16,Ingress16,11,11,SF-A,1193,11,SF-B,1650,8,SF-C,1200,10,Egress16,1000.0
601.0,sfc-ingress16egress16,Ingress16,9,9,SF-A,915,9,SF-B,1350,6,SF-C,900,8,Egress16,1000.0
602.0,sfc-ingress16egress16,Ingress16,10,10,SF-A,1093,10,SF-B,1500,7,SF-C,1050,9,Egress16,1000.0
603.0,sfc-ingress16egress16,Ingress16,12,12,SF-A,1269,12,SF-B,1800,9,SF-C,1350,12,Egress16,1000.0
604.0,sfc-ingress16egress16,Ingress16,12,12,SF-A,1273,12,SF-B,1800,9,SF-C,1350,12,Egress16,1000.0
605.0,sfc-ingress16egress16,Ingress16,12,12,SF-A,1221,12,SF-B,1800,9,SF-C,1350,12,Egress16,1000.0
606.0,sfc-ingress16egress16,Ingress16,11,11,SF-A,1133,11,SF-B,1650,8,SF-C,1200,10,Egress16,1000.0
607.0,sfc-ingress16egress16,Ingress16,12,12,SF-A,1298,12,SF-B,1800,9,SF-C,1350,12,Egress16,1000.0
608.0,sfc-ingress16egress16,Ingress16,9,9,SF-A,932,9,SF-B,1350,6,SF-C,900,8,Egress16,1000.0
609.0,sfc-ingress16egress16,Ingress16,12,12,SF-A,1232,12,SF-B,1800,9,SF-C,1350,12,Egress16,1000.0
610.0,sfc-ingress16egress16,Ingress16,11,11,SF-A,1137,11,SF-B,1650,8,SF-C,1200,10,Egress16,1000.0
611.0,sfc-ingress16egress16,Ingress16,12,12,SF-A,1264,12,SF-B,1800,9,SF-C,1350,12,Egress16,1000.0
612.0,sfc-ingress16egress16,Ingress16,11,11,SF-A,1108,11,SF-B,1650,8,SF-C,1200,10,Egress16,1000.0
613.0,sfc-ingress16egress16,Ingress16,9,9,SF-A,926,9,SF-B,1350,6,SF-C,900,8,Egress16,1000.0
614.0,sfc-ingress16egress16,Ingress16,12,12,SF-A,1292,12,SF-B,1800,9,SF-C,1350,12,Egress16,1000.0
615.0,sfc-ingress16egress16,Ingress16,10,10,SF-A,1072,10,SF-B,1500,7,SF-C,1050,9,Egress16,1000.0
616.0,sfc-ingress16egress16,Ingress16,11,11,SF-A,1114,11,SF-B,1650,8,SF-C,1200,10,Egress16,1000.0
617.0,sfc-ingress16egress16,Ingress16,9,9,SF-A,919,9,SF-B,1350,6,SF-C,900,8,Egress16,1000.0
618.0,sfc-ingress16egress16,Ingress16,11,11,SF-A,1110,11,SF-B,1650,8,SF-C,1200,10,Egress16,1000.0
619.0,sfc-ingress16egress16,Ingress16,11,11,SF-A,1196,11,SF-B,1650,8,SF-C,1200,10,Egress16,1000.0
620.0,sfc-ingress16egress16,Ingress16,11,11,SF-A,1182,11,SF-B,1650,8,SF-C,1200,10,Egress16,1000.0
621.0,sfc-ingress16egress16,Ingress16,12,12,SF-A,1253,12,SF-B,1800,9,SF-C,1350,12,Egress16,1000.0
622.0,sfc-ingress16egress16,Ingress16,10,10,SF-A,1055,10,SF-B,1500,7,SF-C,1050,9,Egress16,1000.0
623.0,sfc-ingress16egress16,Ingress16,9,9,SF-A,995,9,SF-B,1350,6,SF-C,900,8,Egress16,1000.0
624.0,sfc-ingress16egress16,Ingress16,11,11,SF-A,1196,11,SF-B,1650,8,SF-C,1200,10,Egress16,1000.0
625.0,sfc-ingress16egress16,Ingress16,10,10,SF-A,1007,10,SF-B,1500,7,SF-C,1050,9,Egress16,1000.0
626.0,sfc-ingress16egress16,Ingress16,12,12,SF-A,1224,12,SF-B,1800,9,SF-C,1350,12,Egress16,1000.0
627.0,sfc-ingress16egress16,Ingress16,11,11,SF-A,1195,11,SF-B,1650,8,SF-C,1200,10,Egress16,1000.0
628.0,sfc-ingress16egress16,Ingress16,10,10,SF-A,1004,10,SF-B,1500,7,SF-C,1050,9,Egress16,1000.0
629.0,sfc-ingress16egress16,Ingress16,10,10,SF-A,1002,10,SF-B,1500,7,SF-C,1050,9,Egress16,1000.0
630.0,sfc-ingress16egress16,Ingress16,11,11,SF-A,1115,11,SF-B,1650,8,SF-C,1200,10,Egress16,1000.0
631.0,sfc-ingress16egress16,Ingress16,9,9,SF-A,968,9,SF-B,1350,6,SF-C,900,8,Egress16,1000.0
632.0,sfc-ingress16egress16,Ingress16,11,11,SF-A,1181,11,SF-B,1650,8,SF-C,1200,10,Egress16,1000.0
633.0,sfc-ingress16egress16,Ingress16,9,9,SF-A,933,9,SF-B,1350,6,SF-C,900,8,Egress16,1000.0
634.0,sfc-ingress16egress16,Ingress16,11,11,SF-A,1162,11,SF-B,1650,8,SF-C,1200,10,Egress16,1000.0
635.0,sfc-ingress16egress16,Ingress16,12,12,SF-A,1213,12,SF-B,1800,9,SF-C,1350,12,Egress16,1000.0
636.0,sfc-ingress16egress16,Ingress16,9,9,SF-A,903,9,SF-B,1350,6,SF-C,900,8,Egress16,1000.0
637.0,sfc-ingress16egress16,Ingress16,11,11,SF-A,1106,11,SF-B,1650,8,SF-C,1200,10,Egress16,1000.0
638.0,sfc-ingress16egress16,Ingress16,11,11,SF-A,1128,11,SF-B,1650,8,SF-C,1200,10,Egress16,1000.0
639.0,sfc-ingress16egress16,Ingress16,9,9,SF-A,902,9,SF-B,1350,6,SF-C,900,8,Egress16,1000.0
640.0,sfc-ingress16egress16,Ingress16,13,13,SF-A,1301,13,SF-B,1950,9,SF-C,1350,12,Egress16,1000.0
641.0,sfc-ingress16egress16,Ingress16,9,9,SF-A,962,9,SF-B,1350,6,SF-C,900,8,Egress16,1000.0
642.0,sfc-ingress16egress16,Ingress16,12,12,SF-A,1209,12,SF-B,1800,9,SF-C,1350,12,Egress16,1000.0
643.0,sfc-ingress16egress16,Ingress16,12,12,SF-A,1255,12,SF-B,1800,9,SF-C,1350,12,Egress16,1000.0
644.0,sfc-ingress16egress16,Ingress16,9,9,SF-A,900,9,SF-B,1350,6,SF-C,900,8,Egress16,1000.0
645.0,sfc-ingress16egress16,Ingress16,12,12,SF-A,1218,12,SF-B,1800,9,SF-C,1350,12,Egress16,1000.0
646.0,sfc-ingress16egress16,Ingress16,11,11,SF-A,1173,11,SF-B,1650,8,SF-C,1200,10,Egress16,1000.0
647.0,sfc-ingress16egress16,Ingress16,8,8,SF-A,882,8,SF-B,1200,6,SF-C,900,8,Egress16,1000.0
648.0,sfc-ingress16egress16,Ingress16,11,11,SF-A,1140,11,SF-B,1650,8,SF-C,1200,10,Egress16,1000.0
649.0,sfc-ingress16egress16,Ingress16,12,12,SF-A,1251,12,SF-B,1800,9,SF-C,1350,12,Egress16,1000.0
650.0,sfc-ingress16egress16,Ingress16,11,11,SF-A,1195,11,SF-B,1650,8,SF-C,1200,10,Egress16,1000.0
651.0,sfc-ingress16egress16,Ingress16,12,12,SF-A,1207,12,SF-B,1800,9,SF-C,1350,12,Egress16,1000.0
652.0,sfc-ingress16egress16,Ingress16,9,9,SF-A,994,9,SF-B,1350,6,SF-C,900,8,Egress16,1000.0
653.0,sfc-ingress16egress16,Ingress16,11,11,SF-A,1160,11,SF-B,1650,8,SF-C,1200,10,Egress16,1000.0
654.0,sfc-ingress16egress16,Ingress16,9,9,SF-A,975,9,SF-B,1350,6,SF-C,900,8,Egress16,1000.0
655.0,sfc-ingress16egress16,Ingress16,11,11,SF-A,1166,11,SF-B,1650,8,SF-C,1200,10,Egress16,1000.0
656.0,sfc-ingress16egress16,Ingress16,11,11,SF-A,1111,11,SF-B,1650,8,SF-C,1200,10,Egress16,1000.0
657.0,sfc-ingress16egress16,Ingress16,9,9,SF-A,967,9,SF-B,1350,6,SF-C,900,8,Egress16,1000.0
658.0,sfc-ingress16egress16,Ingress16,8,8,SF-A,887,8,SF-B,1200,6,SF-C,900,8,Egress16,1000.0
659.0,sfc-ingress16egress16,Ingress16,10,10,SF-A,1090,10,SF-B,1500,7,SF-C,1050,9,Egress16,1000.0
660.0,sfc-ingress16egress16,Ingress16,10,10,SF-A,1094,10,SF-B,1500,7,SF-C,1050,9,Egress16,1000.0
661.0,sfc-ingress16egress16,Ingress16,13,13,SF-A,1308,13,SF-B,1950,9,SF-C,1350,12,Egress16,1000.0
662.0,sfc-ingress16egress16,Ingress16,9,9,SF-A,985,9,SF-B,1350,6,SF-C,900,8,Egress16,1000.0
663.0,sfc-ingress16egress16,Ingress16,8,8,SF-A,895,8,SF-B,1200,6,SF-C,900,8,Egress16,1000.0
664.0,sfc-ingress16egress16,Ingress16,8,8,SF-A,896,8,SF-B,1200,6,SF-C,900,8,Egress16,1000.0
665.0,sfc-ingress16egress16,Ingress16,12,12,SF-A,1201,12,SF-B,1800,9,SF-C,1350,12,Egress16,1000.0
666.0,sfc-ingress16egress16,Ingress16,12,12,SF-A,1270,12,SF-B,1800,9,SF-C,1350,12,Egress16,1000.0
667.0,sfc-ingress16egress16,Ingress16,12,12,SF-A,1247,12,SF-B,1800,9,SF-C,1350,12,Egress16,1000.0
668.0,sfc-ingress16egress16,Ingress16,10,10,SF-A,1063,10,SF-B,1500,7,SF-C,1050,9,Egress16,1000.0
669.0,sfc-ingress16egress16,Ingress16,10,10,SF-A,1073,10,SF-B,1500,7,SF-C,1050,9,Egress16,1000.0
670.0,sfc-ingress16egress16,Ingress16,10,10,SF-A,1022,10,SF-B,1500,7,SF-C,1050,9,Egress16,1000.0
671.0,sfc-ingress16egress16,Ingress16,10,10,SF-A,1004,10,SF-B,1500,7,SF-C,1050,9,Egress16,1000.0
672.0,sfc-ingress16egress16,Ingress16,11,11,SF-A,1163,11,SF-B,1650,8,SF-C,1200,10,Egress16,1000.0
673.0,sfc-ingress16egress16,Ingress16,12,12,SF-A,1205,12,SF-B,1800,9,SF-C,1350,12,Egress16,1000.0
674.0,sfc-ingress16egress16,Ingress16,11,11,SF-A,1112,11,SF-B,1650,8,SF-C,1200,10,Egress16,1000.0
675.0,sfc-ingress16egress16,Ingress16,12,12,SF-A,1287,12,SF-B,1800,9,SF-C,1350,12,Egress16,1000.0
676.0,sfc-ingress16egress16,Ingress16,11,11,SF-A,1178,11,SF-B,1650,8,SF-C,1200,10,Egress16,1000.0
677.0,sfc-ingress16egress16,Ingress16,12,12,SF-A,1203,12,SF-B,1800,9,SF-C,1350,12,Egress16,1000.0
678.0,sfc-ingress16egress16,Ingress16,11,11,SF-A,1194,11,SF-B,1650,8,SF-C,1200,10,Egress16,1000.0
679.0,sfc-ingress16egress16,Ingress16,12,12,SF-A,1222,12,SF-B,1800,9,SF-C,1350,12,Egress16,1000.0
680.0,sfc-ingress16egress16,Ingress16,9,9,SF-A,983,9,SF-B,1350,6,SF-C,900,8,Egress16,1000.0
681.0,sfc-ingress16egress16,Ingress16,10,10,SF-A,1083,10,SF-B,1500,7,SF-C,1050,9,Egress16,1000.0
682.0,sfc-ingress16egress16,Ingress16,12,12,SF-A,1226,12,SF-B,1800,9,SF-C,1350,12,Egress16,1000.0
683.0,sfc-ingress16egress16,Ingress16,9,9,SF-A,973,9,SF-B,1350,6,SF-C,900,8,Egress16,1000.0
684.0,sfc-ingress16egress16,Ingress16,12,12,SF-A,1296,12,SF-B,1800,9,SF-C,1350,12,Egress16,1000.0
685.0,sfc-ingress16egress16,Ingress16,10,10,SF-A,1065,10,SF-B,1500,7,SF-C,1050,9,Egress16,1000.0
686.0,sfc-ingress16egress16,Ingress16,9,9,SF-A,960,9,SF-B,1350,6,SF-C,900,8,Egress16,1000.0
687.0,sfc-ingress16egress16,Ingress16,9,9,SF-A,945,9,SF-B,1350,6,SF-C,900,8,Egress16,1000.0
688.0,sfc-ingress16egress16,Ingress16,10,10,SF-A,1014,10,SF-B,1500,7,SF-C,1050,9,Egress16,1000.0
689.0,sfc-ingress16egress16,Ingress16,10,10,SF-A,1055,10,SF-B,1500,7,SF-C,1050,9,Egress16,1000.0
690.0,sfc-ingress16egress16,Ingress16,12,12,SF-A,1295,12,SF-B,1800,9,SF-C,1350,12,Egress16,1000.0
691.0,sfc-ingress16egress16,Ingress16,11,11,SF-A,1114,11,SF-B,1650,8,SF-C,1200,10,Egress16,1000.0
692.0,sfc-ingress16egress16,Ingress16,11,11,SF-A,1148,11,SF-B,1650,8,SF-C,1200,10,Egress16,1000.0
693.0,sfc-ingress16egress16,Ingress16,10,10,SF-A,1092,10,SF-B,1500,7,SF-C,1050,9,Egress16,1000.0
694.0,sfc-ingress16egress16,Ingress16,8,8,SF-A,892,8,SF-B,1200,6,SF-C,900,8,Egress16,1000.0
695.0,sfc-ingress16egress16,Ingress16,9,9,SF-A,949,9,SF-B,1350,6,SF-C,900,8,Egress16,1000.0
696.0,sfc-ingress16egress16,Ingress16,10,10,SF-A,1048,10,SF-B,1500,7,SF-C,1050,9,Egress16,1000.0
697.0,sfc-ingress16egress16,Ingress16,11,11,SF-A,1143,11,SF-B,1650,8,SF-C,1200,10,Egress16,1000.0
698.0,sfc-ingress16egress16,Ingress16,10,10,SF-A,1026,10,SF-B,1500,7,SF-C,1050,9,Egress16,1000.0
699.0,sfc-ingress16egress16,Ingress16,11,11,SF-A,1166,11,SF-B,1650,8,SF-C,1200,10,Egress16,1000.0
700.0,sfc-ingress16egress16,Ingress16,10,10,SF-A,1070,10,SF-B,1500,7,SF-C,1050,9,Egress16,1000.0
701.0,sfc-ingress16egress16,Ingress16,9,9,SF-A,952,9,SF-B,1350,6,SF-C,900,8,Egress16,1000.0
702.0,sfc-ingress16egress16,Ingress16,12,12,SF-A,1281,12,SF-B,1800,9,SF-C,1350,12,Egress16,1000.0
703.0,sfc-ingress16egress16,Ingress16,10,10,SF-A,1045,10,SF-B,1500,7,SF-C,1050,9,Egress16,1000.0
704.0,sfc-ingress16egress16,Ingress16,10,10,SF-A,1033,10,SF-B,1500,7,SF-C,1050,9,Egress16,1000.0
705.0,sfc-ingress16egress16,Ingress16,11,11,SF-A,1147,11,SF-B,1650,8,SF-C,1200,10,Egress16,1000.0
706.0,sfc-ingress16egress16,Ingress16,10,10,SF-A,1090,10,SF-B,1500,7,SF-C,1050,9,Egress16,1000.0
707.0,sfc-ingress16egress16,Ingress16,12,12,SF-A,1243,12,SF-B,1800,9,SF-C,1350,12,Egress16,1000.0
708.0,sfc-ingress16egress16,Ingress16,9,9,SF-A,925,9,SF-B,1350,6,SF-C,900,8,Egress16,1000.0
709.0,sfc-ingress16egress16,Ingress16,11,11,SF-A,1116,11,SF-B,1650,8,SF-C,1200,10,Egress16,1000.0
710.0,sfc-ingress16egress16,Ingress16,12,12,SF-A,1289,12,SF-B,1800,9,SF-C,1350,12,Egress16,1000.0
711.0,sfc-ingress16egress16,Ingress16,12,12,SF-A,1252,12,SF-B,1800,9,SF-C,1350,12,Egress16,1000.0
712.0,sfc-ingress16egress16,Ingress16,11,11,SF-A,1179,11,SF-B,1650,8,SF-C,1200,10,Egress16,1000.0
713.0,sfc-ingress16egress16,Ingress16,12,12,SF-A,1219,12,SF-B,1800,9,SF-C,1350,12,Egress16,1000.0
714.0,sfc-ingress16egress16,Ingress16,9,9,SF-A,913,9,SF-B,1350,6,SF-C,900,8,Egress16,1000.0
715.0,sfc-ingress16egress16,Ingress16,11,11,SF-A,1144,11,SF-B,1650,8,SF-C,1200,10,Egress16,1000.0
716.0,sfc-ingress16egress16,Ingress16,12,12,SF-A,1228,12,SF-B,1800,9,SF-C,1350,12,Egress16,1000.0
717.0,sfc-ingress16egress16,Ingress16,11,11,SF-A,1160,11,SF-B,1650,8,SF-C,1200,10,Egress16,1000.0
718.0,sfc-ingress16egress16,Ingress16,8,8,SF-A,889,8,SF-B,1200,6,SF-C,900,8,Egress16,1000.0
719.0,sfc-ingress16egress16,Ingress16,10,10,SF-A,1097,10,SF-B,1500,7,SF-C,1050,9,Egress16,1000.0
720.0,sfc-ingress16egress16,Ingress16,9,9,SF-A,924,9,SF-B,1350,6,SF-C,900,8,Egress16,1000.0
721.0,sfc-ingress16egress16,Ingress16,12,12,SF-A,1218,12,SF-B,1800,9,SF-C,1350,12,Egress16,1000.0
722.0,sfc-ingress16egress16,Ingress16,9,9,SF-A,918,9,SF-B,1350,6,SF-C,900,8,Egress16,1000.0
723.0,sfc-ingress16egress16,Ingress16,10,10,SF-A,1075,10,SF-B,1500,7,SF-C,1050,9,Egress16,1000.0
724.0,sfc-ingress16egress16,Ingress16,11,11,SF-A,1171,11,SF-B,1650,8,SF-C,1200,10,Egress16,1000.0
725.0,sfc-ingress16egress16,Ingress16,10,10,SF-A,1066,10,SF-B,1500,7,SF-C,1050,9,Egress16,1000.0
726.0,sfc-ingress16egress16,Ingress16,10,10,SF-A,1071,10,SF-B,1500,7,SF-C,1050,9,Egress16,1000.0
727.0,sfc-ingress16egress16,Ingress16,10,10,SF-A,1022,10,SF-B,1500,7,SF-C,1050,9,Egress16,1000.0
728.0,sfc-ingress16egress16,Ingress16,8,8,SF-A,897,8,SF-B,1200,6,SF-C,900,8,Egress16,1000.0
729.0,sfc-ingress16egress16,Ingress16,10,10,SF-A,1073,10,SF-B,1500,7,SF-C,1050,9,Egress16,1000.0
730.0,sfc-ingress16egress16,Ingress16,10,10,SF-A,1032,10,SF-B,1500,7,SF-C,1050,9,Egress16,1000.0
731.0,sfc-ingress16egress16,Ingress16,9,9,SF-A,913,9,SF-B,1350,6,SF-C,900,8,Egress16,1000.0
732.0,sfc-ingress16egress16,Ingress16,9,9,SF-A,937,9,SF-B,1350,6,SF-C,900,8,Egress16,1000.0
733.0,sfc-ingress16egress16,Ingress16,8,8,SF-A,890,8,SF-B,1200,6,SF-C,900,8,Egress16,1000.0
734.0,sfc-ingress16egress16,Ingress16,10,10,SF-A,1076,10,SF-B,1500,7,SF-C,1050,9,Egress16,1000.0
735.0,sfc-ingress16egress16,Ingress16,11,11,SF-A,1111,11,SF-B,1650,8,SF-C,1200,10,Egress16,1000.0
736.0,sfc-ingress16egress16,Ingress16,12,12,SF-A,1215,12,SF-B,1800,9,SF-C,1350,12,Egress16,1000.0
737.0,sfc-ingress16egress16,Ingress16,9,9,SF-A,907,9,SF-B,1350,6,SF-C,900,8,Egress16,1000.0
738.0,sfc-ingress16egress16,Ingress16,12,12,SF-A,1258,12,SF-B,1800,9,SF-C,1350,12,Egress16,1000.0
739.0,sfc-ingress16egress16,Ingress16,9,9,SF-A,901,9,SF-B,1350,6,SF-C,900,8,Egress16,1000.0
740.0,sfc-ingress16egress16,Ingress16,13,13,SF-A,1317,13,SF-B,1950,9,SF-C,1350,12,Egress16,1000.0
741.0,sfc-ingress16egress16,Ingress16,10,10,SF-A,1089,10,SF-B,1500,7,SF-C,1050,9,Egress16,1000.0
742.0,sfc-ingress16egress16,Ingress16,9,9,SF-A,908,9,SF-B,1350,6,SF-C,900,8,Egress16,1000.0
743.0,sfc-ingress16egress16,Ingress16,9,9,SF-A,967,9,SF-B,1350,6,SF-C,900,8,Egress16,1000.0
744.0,sfc-ingress16egress16,Ingress16,12,12,SF-A,1215,12,SF-B,1800,9,SF-C,1350,12,Egress16,1000.0
745.0,sfc-ingress16egress16,Ingress16,8,8,SF-A,888,8,SF-B,1200,6,SF-C,900,8,Egress16,1000.0
746.0,sfc-ingress16egress16,Ingress16,10,10,SF-A,1022,10,SF-B,1500,7,SF-C,1050,9,Egress16,1000.0
747.0,sfc-ingress16egress16,Ingress16,11,11,SF-A,1184,11,SF-B,1650,8,SF-C,1200,10,Egress16,1000.0
748.0,sfc-ingress16egress16,Ingress16,10,10,SF-A,1035,10,SF-B,1500,7,SF-C,1050,9,Egress16,1000.0
749.0,sfc-ingress16egress16,Ingress16,12,12,SF-A,1215,12,SF-B,1800,9,SF-C,1350,12,Egress16,1000.0
750.0,sfc-ingress16egress16,Ingress16,11,11,SF-A,1170,11,SF-B,1650,8,SF-C,1200,10,Egress16,1000.0
751.0,sfc-ingress16egress16,Ingress16,11,11,SF-A,1133,11,SF-B,1650,8,SF-C,1200,10,Egress16,1000.0
752.0,sfc-ingress16egress16,Ingress16,9,9,SF-A,912,9,SF-B,1350,6,SF-C,900,8,Egress16,1000.0
753.0,sfc-ingress16egress16,Ingress16,11,11,SF-A,1187,11,SF-B,1650,8,SF-C,1200,10,Egress16,1000.0
754.0,sfc-ingress16egress16,Ingress16,8,8,SF-A,893,8,SF-B,1200,6,SF-C,900,8,Egress16,1000.0
755.0,sfc-ingress16egress16,Ingress16,12,12,SF-A,1235,12,SF-B,1800,9,SF-C,1350,12,Egress16,1000.0
756.0,sfc-ingress16egress16,Ingress16,11,11,SF-A,1131,11,SF-B,1650,8,SF-C,1200,10,Egress16,1000.0
757.0,sfc-ingress16egress16,Ingress16,12,12,SF-A,1212,12,SF-B,1800,9,SF-C,1350,12,Egress16,1000.0
758.0,sfc-ingress16egress16,Ingress16,12,12,SF-A,1259,12,SF-B,1800,9,SF-C,1350,12,Egress16,1000.0
759.0,sfc-ingress16egress16,Ingress16,11,11,SF-A,1112,11,SF-B,1650,8,SF-C,1200,10,Egress16,1000.0
760.0,sfc-ingress16egress16,Ingress16,10,10,SF-A,1067,10,SF-B,1500,7,SF-C,1050,9,Egress16,1000.0
761.0,sfc-ingress16egress16,Ingress16,11,11,SF-A,1146,11,SF-B,1650,8,SF-C,1200,10,Egress16,1000.0
762.0,sfc-ingress16egress16,Ingress16,10,10,SF-A,1057,10,SF-B,1500,7,SF-C,1050,9,Egress16,1000.0
763.0,sfc-ingress16egress16,Ingress16,11,11,SF-A,1155,11,SF-B,1650,8,SF-C,1200,10,Egress16,1000.0
764.0,sfc-ingress16egress16,Ingress16,13,13,SF-A,1303,13,SF-B,1950,9,SF-C,1350,12,Egress16,1000.0
765.0,sfc-ingress16egress16,Ingress16,11,11,SF-A,1108,11,SF-B,1650,8,SF-C,1200,10,Egress16,1000.0
766.0,sfc-ingress16egress16,Ingress16,9,9,SF-A,930,9,SF-B,1350,6,SF-C,900,8,Egress16,1000.0
767.0,sfc-ingress16egress16,Ingress16,8,8,SF-A,889,8,SF-B,1200,6,SF-C,900,8,Egress16,1000.0
768.0,sfc-ingress16egress16,Ingress16,11,11,SF-A,1127,11,SF-B,1650,8,SF-C,1200,10,Egress16,1000.0
769.0,sfc-ingress16egress16,Ingress16,12,12,SF-A,1255,12,SF-B,1800,9,SF-C,1350,12,Egress16,1000.0
770.0,sfc-ingress16egress16,Ingress16,10,10,SF-A,1072,10,SF-B,1500,7,SF-C,1050,9,Egress16,1000.0
771.0,sfc-ingress16egress16,Ingress16,9,9,SF-A,995,9,SF-B,1350,6,SF-C,900,8,Egress16,1000.0
772.0,sfc-ingress16egress16,Ingress16,11,11,SF-A,1182,11,SF-B,1650,8,SF-C,1200,10,Egress16,1000.0
773.0,sfc-ingress16egress16,Ingress16,13,13,SF-A,1307,13,SF-B,1950,9,SF-C,1350,12,Egress16,1000.0
774.0,sfc-ingress16egress16,Ingress16,11,11,SF-A,1150,11,SF-B,1650,8,SF-C,1200,10,Egress16,1000.0
775.0,sfc-ingress16egress16,Ingress16,12,12,SF-A,1207,12,SF-B,1800,9,SF-C,1350,12,Egress16,1000.0
776.0,sfc-ingress16egress16,Ingress16,9,9,SF-A,995,9,SF-B,1350,6,SF-C,900,8,Egress16,1000.0
777.0,sfc-ingress16egress16,Ingress16,12,12,SF-A,1283,12,SF-B,1800,9,SF-C,1350,12,Egress16,1000.0
778.0,sfc-ingress16egress16,Ingress16,12,12,SF-A,1232,12,SF-B,1800,9,SF-C,1350,12,Egress16,1000.0
779.0,sfc-ingress16egress16,Ingress16,8,8,SF-A,898,8,SF-B,1200,6,SF-C,900,8,Egress16,1000.0
780.0,sfc-ingress16egress16,Ingress16,10,10,SF-A,1097,10,SF-B,1500,7,SF-C,1050,9,Egress16,1000.0
781.0,sfc-ingress16egress16,Ingress16,11,11,SF-A,1197,11,SF-B,1650,8,SF-C,1200,10,Egress16,1000.0
782.0,sfc-ingress16egress16,Ingress16,11,11,SF-A,1168,11,SF-B,1650,8,SF-C,1200,10,Egress16,1000.0
783.0,sfc-ingress16egress16,Ingress16,12,12,SF-A,1271,12,SF-B,1800,9,SF-C,1350,12,Egress16,1000.0
784.0,sfc-ingress16egress16,Ingress16,9,9,SF-A,965,9,SF-B,1350,6,SF-C,900,8,Egress16,1000.0
785.0,sfc-ingress16egress16,Ingress16,12,12,SF-A,1219,12,SF-B,1800,9,SF-C,1350,12,Egress16,1000.0
786.0,sfc-ingress16egress16,Ingress16,12,12,SF-A,1237,12,SF-B,1800,9,SF-C,1350,12,Egress16,1000.0
787.0,sfc-ingress16egress16,Ingress16,12,12,SF-A,1220,12,SF-B,1800,9,SF-C,1350,12,Egress16,1000.0
788.0,sfc-ingress16egress16,Ingress16,12,12,SF-A,1272,12,SF-B,1800,9,SF-C,1350,12,Egress16,1000.0
789.0,sfc-ingress16egress16,Ingress16,12,12,SF-A,1291,12,SF-B,1800,9,SF-C,1350,12,Egress16,1000.0
790.0,sfc-ingress16egress16,Ingress16,10,10,SF-A,1074,10,SF-B,1500,7,SF-C,1050,9,Egress16,1000.0
791.0,sfc-ingress16egress16,Ingress16,13,13,SF-A,1313,13,SF-B,1950,9,SF-C,1350,12,Egress16,1000.0
792.0,sfc-ingress16egress16,Ingress16,11,11,SF-A,1149,11,SF-B,1650,8,SF-C,1200,10,Egress16,1000.0
793.0,sfc-ingress16egress16,Ingress16,11,11,SF-A,1164,11,SF-B,1650,8,SF-C,1200,10,Egress16,1000.0
794.0,sfc-ingress16egress16,Ingress16,11,11,SF-A,1148,11,SF-B,1650,8,SF-C,1200,10,Egress16,1000.0
795.0,sfc-ingress16egress16,Ingress16,12,12,SF-A,1228,12,SF-B,1800,9,SF-C,1350,12,Egress16,1000.0
796.0,sfc-ingress16egress16,Ingress16,10,10,SF-A,1087,10,SF-B,1500,7,SF-C,1050,9,Egress16,1000.0
797.0,sfc-ingress16egress16,Ingress16,9,9,SF-A,933,9,SF-B,1350,6,SF-C,900,8,Egress16,1000.0
798.0,sfc-ingress16egress16,Ingress16,10,10,SF-A,1017,10,SF-B,1500,7,SF-C,1050,9,Egress16,1000.0
799.0,sfc-ingress16egress16,Ingress16,12,12,SF-A,1274,12,SF-B,1800,9,SF-C,1350,12,Egress16,1000.0
800.0,sfc-ingress16egress16,Ingress16,12,12,SF-A,1232,12,SF-B,1800,9,SF-C,1350,12,Egress16,1000.0
801.0,sfc-ingress16egress16,Ingress16,12,12,SF-A,1271,12,SF-B,1800,9,SF-C,1350,12,Egress16,1000.0
802.0,sfc-ingress16egress16,Ingress16,12,12,SF-A,1277,12,SF-B,1800,9,SF-C,1350,12,Egress16,1000.0
803.0,sfc-ingress16egress16,Ingress16,9,9,SF-A,977,9,SF-B,1350,6,SF-C,900,8,Egress16,1000.0
804.0,sfc-ingress16egress16,Ingress16,11,11,SF-A,1138,11,SF-B,1650,8,SF-C,1200,10,Egress16,1000.0
805.0,sfc-ingress16egress16,Ingress16,8,8,SF-A,898,8,SF-B,1200,6,SF-C,900,8,Egress16,1000.0
806.0,sfc-ingress16egress16,Ingress16,10,10,SF-A,1056,10,SF-B,1500,7,SF-C,1050,9,Egress16,1000.0
807.0,sfc-ingress16egress16,Ingress16,12,12,SF-A,1226,12,SF-B,1800,9,SF-C,1350,12,Egress16,1000.0
808.0,sfc-ingress16egress16,Ingress16,11,11,SF-A,1130,11,SF-B,1650,8,SF-C,1200,10,Egress16,1000.0
809.0,sfc-ingress16egress16,Ingress16,9,9,SF-A,982,9,SF-B,1350,6,SF-C,900,8,Egress16,1000.0
810.0,sfc-ingress16egress16,Ingress16,12,12,SF-A,1296,12,SF-B,1800,9,SF-C,1350,12,Egress16,1000.0
811.0,sfc-ingress16egress16,Ingress16,9,9,SF-A,978,9,SF-B,1350,6,SF-C,900,8,Egress16,1000.0
812.0,sfc-ingress16egress16,Ingress16,11,11,SF-A,1186,11,SF-B,1650,8,SF-C,1200,10,Egress16,1000.0
813.0,sfc-ingress16egress16,Ingress16,10,10,SF-A,1067,10,SF-B,1500,7,SF-C,1050,9,Egress16,1000.0
814.0,sfc-ingress16egress16,Ingress16,12,12,SF-A,1204,12,SF-B,1800,9,SF-C,1350,12,Egress16,1000.0
815.0,sfc-ingress16egress16,Ingress16,10,10,SF-A,1011,10,SF-B,1500,7,SF-C,1050,9,Egress16,1000.0
816.0,sfc-ingress16egress16,Ingress16,9,9,SF-A,937,9,SF-B,1350,6,SF-C,900,8,Egress16,1000.0
817.0,sfc-ingress16egress16,Ingress16,10,10,SF-A,1041,10,SF-B,1500,7,SF-C,1050,9,Egress16,1000.0
818.0,sfc-ingress16egress16,Ingress16,11,11,SF-A,1112,11,SF-B,1650,8,SF-C,1200,10,Egress16,1000.0
819.0,sfc-ingress16egress16,Ingress16,9,9,SF-A,915,9,SF-B,1350,6,SF-C,900,8,Egress16,1000.0
820.0,sfc-ingress16egress16,Ingress16,11,11,SF-A,1185,11,SF-B,1650,8,SF-C,1200,10,Egress16,1000.0
821.0,sfc-ingress16egress16,Ingress16,12,12,SF-A,1270,12,SF-B,1800,9,SF-C,1350,12,Egress16,1000.0
822.0,sfc-ingress16egress16,Ingress16,11,11,SF-A,1148,11,SF-B,1650,8,SF-C,1200,10,Egress16,1000.0
823.0,sfc-ingress16egress16,Ingress16,9,9,SF-A,970,9,SF-B,1350,6,SF-C,900,8,Egress16,1000.0
824.0,sfc-ingress16egress16,Ingress16,9,9,SF-A,927,9,SF-B,1350,6,SF-C,900,8,Egress16,1000.0
825.0,sfc-ingress16egress16,Ingress16,10,10,SF-A,1082,10,SF-B,1500,7,SF-C,1050,9,Egress16,1000.0
826.0,sfc-ingress16egress16,Ingress16,10,10,SF-A,1053,10,SF-B,1500,7,SF-C,1050,9,Egress16,1000.0
827.0,sfc-ingress16egress16,Ingress16,9,9,SF-A,959,9,SF-B,1350,6,SF-C,900,8,Egress16,1000.0
828.0,sfc-ingress16egress16,Ingress16,12,12,SF-A,1271,12,SF-B,1800,9,SF-C,1350,12,Egress16,1000.0
829.0,sfc-ingress16egress16,Ingress16,10,10,SF-A,1077,10,SF-B,1500,7,SF-C,1050,9,Egress16,1000.0
830.0,sfc-ingress16egress16,Ingress16,8,8,SF-A,888,8,SF-B,1200,6,SF-C,900,8,Egress16,1000.0
831.0,sfc-ingress16egress16,Ingress16,9,9,SF-A,945,9,SF-B,1350,6,SF-C,900,8,Egress16,1000.0
832.0,sfc-ingress16egress16,Ingress16,12,12,SF-A,1243,12,SF-B,1800,9,SF-C,1350,12,Egress16,1000.0
833.0,sfc-ingress16egress16,Ingress16,12,12,SF-A,1291,12,SF-B,1800,9,SF-C,1350,12,Egress16,1000.0
834.0,sfc-ingress16egress16,Ingress16,11,11,SF-A,1117,11,SF-B,1650,8,SF-C,1200,10,Egress16,1000.0
835.0,sfc-ingress16egress16,Ingress16,12,12,SF-A,1208,12,SF-B,1800,9,SF-C,1350,12,Egress16,1000.0
836.0,sfc-ingress16egress16,Ingress16,10,10,SF-A,1030,10,SF-B,1500,7,SF-C,1050,9,Egress16,1000.0
837.0,sfc-ingress16egress16,Ingress16,9,9,SF-A,984,9,SF-B,1350,6,SF-C,900,8,Egress16,1000.0
838.0,sfc-ingress16egress16,Ingress16,11,11,SF-A,1123,11,SF-B,1650,8,SF-C,1200,10,Egress16,1000.0
839.0,sfc-ingress16egress16,Ingress16,12,12,SF-A,1210,12,SF-B,1800,9,SF-C,1350,12,Egress16,1000.0
840.0,sfc-ingress16egress16,Ingress16,11,11,SF-A,1108,11,SF-B,1650,8,SF-C,1200,10,Egress16,1000.0
841.0,sfc-ingress16egress16,Ingress16,12,12,SF-A,1274,12,SF-B,1800,9,SF-C,1350,12,Egress16,1000.0
842.0,sfc-ingress16egress16,Ingress16,10,10,SF-A,1026,10,SF-B,1500,7,SF-C,1050,9,Egress16,1000.0
843.0,sfc-ingress16egress16,Ingress16,9,9,SF-A,928,9,SF-B,1350,6,SF-C,900,8,Egress16,1000.0
844.0,sfc-ingress16egress16,Ingress16,9,9,SF-A,946,9,SF-B,1350,6,SF-C,900,8,Egress16,1000.0
845.0,sfc-ingress16egress16,Ingress16,8,8,SF-A,887,8,SF-B,1200,6,SF-C,900,8,Egress16,1000.0
846.0,sfc-ingress16egress16,Ingress16,11,11,SF-A,1141,11,SF-B,1650,8,SF-C,1200,10,Egress16,1000.0
847.0,sfc-ingress16egress16,Ingress16,10,10,SF-A,1036,10,SF-B,1500,7,SF-C,1050,9,Egress16,1000.0
848.0,sfc-ingress16egress16,Ingress16,10,10,SF-A,1090,10,SF-B,1500,7,SF-C,1050,9,Egress16,1000.0
849.0,sfc-ingress16egress16,Ingress16,12,12,SF-A,1204,12,SF-B,1800,9,SF-C,1350,12,Egress16,1000.0
850.0,sfc-ingress16egress16,Ingress16,10,10,SF-A,1004,10,SF-B,1500,7,SF-C,1050,9,Egress16,1000.0
851.0,sfc-ingress16egress16,Ingress16,10,10,SF-A,1050,10,SF-B,1500,7,SF-C,1050,9,Egress16,1000.0
852.0,sfc-ingress16egress16,Ingress16,12,12,SF-A,1260,12,SF-B,1800,9,SF-C,1350,12,Egress16,1000.0
853.0,sfc-ingress16egress16,Ingress16,12,12,SF-A,1236,12,SF-B,1800,9,SF-C,1350,12,Egress16,1000.0
854.0,sfc-ingress16egress16,Ingress16,9,9,SF-A,913,9,SF-B,1350,6,SF-C,900,8,Egress16,1000.0
855.0,sfc-ingress16egress16,Ingress16,12,12,SF-A,1279,12,SF-B,1800,9,SF-C,1350,12,Egress16,1000.0
856.0,sfc-ingress16egress16,Ingress16,10,10,SF-A,1015,10,SF-B,1500,7,SF-C,1050,9,Egress16,1000.0
857.0,sfc-ingress16egress16,Ingress16,10,10,SF-A,1006,10,SF-B,1500,7,SF-C,1050,9,Egress16,1000.0
858.0,sfc-ingress16egress16,Ingress16,12,12,SF-A,1272,12,SF-B,1800,9,SF-C,1350,12,Egress16,1000.0
859.0,sfc-ingress16egress16,Ingress16,13,13,SF-A,1305,13,SF-B,1950,9,SF-C,1350,12,Egress16,1000.0
860.0,sfc-ingress16egress16,Ingress16,10,10,SF-A,1092,10,SF-B,1500,7,SF-C,1050,9,Egress16,1000.0
861.0,sfc-ingress16egress16,Ingress16,9,9,SF-A,997,9,SF-B,1350,6,SF-C,900,8,Egress16,1000.0
862.0,sfc-ingress16egress16,Ingress16,12,12,SF-A,1220,12,SF-B,1800,9,SF-C,1350,12,Egress16,1000.0
863.0,sfc-ingress16egress16,Ingress16,12,12,SF-A,1267,12,SF-B,1800,9,SF-C,1350,12,Egress16,1000.0
864.0,sfc-ingress16egress16,Ingress16,9,9,SF-A,936,9,SF-B,1350,6,SF-C,900,8,Egress16,1000.0
865.0,sfc-ingress16egress16,Ingress16,12,12,SF-A,1242,12,SF-B,1800,9,SF-C,1350,12,Egress16,1000.0
866.0,sfc-ingress16egress16,Ingress16,9,9,SF-A,921,9,SF-B,1350,6,SF-C,900,8,Egress16,1000.0
867.0,sfc-ingress16egress16,Ingress16,11,11,SF-A,1132,11,SF-B,1650,8,SF-C,1200,10,Egress16,1000.0
868.0,sfc-ingress16egress16,Ingress16,12,12,SF-A,1233,12,SF-B,1800,9,SF-C,1350,12,Egress16,1000.0
869.0,sfc-ingress16egress16,Ingress16,9,9,SF-A,937,9,SF-B,1350,6,SF-C,900,8,Egress16,1000.0
870.0,sfc-ingress16egress16,Ingress16,10,10,SF-A,1086,10,SF-B,1500,7,SF-C,1050,9,Egress16,1000.0
871.0,sfc-ingress16egress16,Ingress16,12,12,SF-A,1202,12,SF-B,1800,9,SF-C,1350,12,Egress16,1000.0
872.0,sfc-ingress16egress16,Ingress16,10,10,SF-A,1095,10,SF-B,1500,7,SF-C,1050,9,Egress16,1000.0
873.0,sfc-ingress16egress16,Ingress16,8,8,SF-A,885,8,SF-B,1200,6,SF-C,900,8,Egress16,1000.0
874.0,sfc-ingress16egress16,Ingress16,9,9,SF-A,992,9,SF-B,1350,6,SF-C,900,8,Egress16,1000.0
875.0,sfc-ingress16egress16,Ingress16,12,12,SF-A,1210,12,SF-B,1800,9,SF-C,1350,12,Egress16,1000.0
876.0,sfc-ingress16egress16,Ingress16,13,13,SF-A,1310,13,SF-B,1950,9,SF-C,1350,12,Egress16,1000.0
877.0,sfc-ingress16egress16,Ingress16,10,10,SF-A,1056,10,SF-B,1500,7,SF-C,1050,9,Egress16,1000.0
878.0,sfc-ingress16egress16,Ingress16,12,12,SF-A,1217,12,SF-B,1800,9,SF-C,1350,12,Egress16,1000.0
879.0,sfc-ingress16egress16,Ingress16,10,10,SF-A,1050,10,SF-B,1500,7,SF-C,1050,9,Egress16,1000.0
880.0,sfc-ingress16egress16,Ingress16,10,10,SF-A,1089,10,SF-B,1500,7,SF-C,1050,9,Egress16,1000.0
881.0,sfc-ingress16egress16,Ingress16,8,8,SF-A,886,8,SF-B,1200,6,SF-C,900,8,Egress16,1000.0
882.0,sfc-ingress16egress16,Ingress16,13,13,SF-A,1315,13,SF-B,1950,9,SF-C,1350,12,Egress16,1000.0
883.0,sfc-ingress16egress16,Ingress16,12,12,SF-A,1201,12,SF-B,1800,9,SF-C,1350,12,Egress16,1000.0
884.0,sfc-ingress16egress16,Ingress16,10,10,SF-A,1028,10,SF-B,1500,7,SF-C,1050,9,Egress16,1000.0
885.0,sfc-ingress16egress16,Ingress16,12,12,SF-A,1248,12,SF-B,1800,9,SF-C,1350,12,Egress16,1000.0
886.0,sfc-ingress16egress16,Ingress16,10,10,SF-A,1077,10,SF-B,1500,7,SF-C,1050,9,Egress16,1000.0
887.0,sfc-ingress16egress16,Ingress16,12,12,SF-A,1234,12,SF-B,1800,9,SF-C,1350,12,Egress16,1000.0
888.0,sfc-ingress16egress16,Ingress16,12,12,SF-A,1278,12,SF-B,1800,9,SF-C,1350,12,Egress16,1000.0
889.0,sfc-ingress16egress16,Ingress16,12,12,SF-A,1268,12,SF-B,1800,9,SF-C,1350,12,Egress16,1000.0
890.0,sfc-ingress16egress16,Ingress16,11,11,SF-A,1185,11,SF-B,1650,8,SF-C,1200,10,Egress16,1000.0
891.0,sfc-ingress16egress16,Ingress16,11,11,SF-A,1158,11,SF-B,1650,8,SF-C,1200,10,Egress16,1000.0
892.0,sfc-ingress16egress16,Ingress16,10,10,SF-A,1055,10,SF-B,1500,7,SF-C,1050,9,Egress16,1000.0
893.0,sfc-ingress16egress16,Ingress16,10,10,SF-A,1042,10,SF-B,1500,7,SF-C,1050,9,Egress16,1000.0
894.0,sfc-ingress16egress16,Ingress16,9,9,SF-A,976,9,SF-B,1350,6,SF-C,900,8,Egress16,1000.0
895.0,sfc-ingress16egress16,Ingress16,10,10,SF-A,1057,10,SF-B,1500,7,SF-C,1050,9,Egress16,1000.0
896.0,sfc-ingress16egress16,Ingress16,10,10,SF-A,1082,10,SF-B,1500,7,SF-C,1050,9,Egress16,1000.0
897.0,sfc-ingress16egress16,Ingress16,11,11,SF-A,1127,11,SF-B,1650,8,SF-C,1200,10,Egress16,1000.0
898.0,sfc-ingress16egress16,Ingress16,10,10,SF-A,1000,10,SF-B,1500,7,SF-C,1050,9,Egress16,1000.0
899.0,sfc-ingress16egress16,Ingress16,11,11,SF-A,1166,11,SF-B,1650,8,SF-C,1200,10,Egress16,1000.0
900.0,sfc-ingress16egress16,Ingress16,9,9,SF-A,969,9,SF-B,1350,6,SF-C,900,8,Egress16,1000.0
901.0,sfc-ingress16egress16,Ingress16,11,11,SF-A,1184,11,SF-B,1650,8,SF-C,1200,10,Egress16,1000.0
902.0,sfc-ingress16egress16,Ingress16,11,11,SF-A,1130,11,SF-B,1650,8,SF-C,1200,10,Egress16,1000.0
903.0,sfc-ingress16egress16,Ingress16,9,9,SF-A,947,9,SF-B,1350,6,SF-C,900,8,Egress16,1000.0
904.0,sfc-ingress16egress16,Ingress16,11,11,SF-A,1133,11,SF-B,1650,8,SF-C,1200,10,Egress16,1000.0
905.0,sfc-ingress16egress16,Ingress16,12,12,SF-A,1294,12,SF-B,1800,9,SF-C,1350,12,Egress16,1000.0
906.0,sfc-ingress16egress16,Ingress16,8,8,SF-A,885,8,SF-B,1200,6,SF-C,900,8,Egress16,1000.0
907.0,sfc-ingress16egress16,Ingress16,11,11,SF-A,1188,11,SF-B,1650,8,SF-C,1200,10,Egress16,1000.0
908.0,sfc-ingress16egress16,Ingress16,12,12,SF-A,1251,12,SF-B,1800,9,SF-C,1350,12,Egress16,1000.0
909.0,sfc-ingress16egress16,Ingress16,8,8,SF-A,888,8,SF-B,1200,6,SF-C,900,8,Egress16,1000.0
910.0,sfc-ingress16egress16,Ingress16,9,9,SF-A,984,9,SF-B,1350,6,SF-C,900,8,Egress16,1000.0
911.0,sfc-ingress16egress16,Ingress16,11,11,SF-A,1178,11,SF-B,1650,8,SF-C,1200,10,Egress16,1000.0
912.0,sfc-ingress16egress16,Ingress16,10,10,SF-A,1000,10,SF-B,1500,7,SF-C,1050,9,Egress16,1000.0
913.0,sfc-ingress16egress16,Ingress16,12,12,SF-A,1221,12,SF-B,1800,9,SF-C,1350,12,Egress16,1000.0
914.0,sfc-ingress16egress16,Ingress16,12,12,SF-A,1272,12,SF-B,1800,9,SF-C,1350,12,Egress16,1000.0
915.0,sfc-ingress16egress16,Ingress16,10,10,SF-A,1068,10,SF-B,1500,7,SF-C,1050,9,Egress16,1000.0
916.0,sfc-ingress16egress16,Ingress16,9,9,SF-A,957,9,SF-B,1350,6,SF-C,900,8,Egress16,1000.0
917.0,sfc-ingress16egress16,Ingress16,10,10,SF-A,1090,10,SF-B,1500,7,SF-C,1050,9,Egress16,1000.0
918.0,sfc-ingress16egress16,Ingress16,9,9,SF-A,942,9,SF-B,1350,6,SF-C,900,8,Egress16,1000.0
919.0,sfc-ingress16egress16,Ingress16,10,10,SF-A,1080,10,SF-B,1500,7,SF-C,1050,9,Egress16,1000.0
920.0,sfc-ingress16egress16,Ingress16,9,9,SF-A,992,9,SF-B,1350,6,SF-C,900,8,Egress16,1000.0
921.0,sfc-ingress16egress16,Ingress16,9,9,SF-A,919,9,SF-B,1350,6,SF-C,900,8,Egress16,1000.0
922.0,sfc-ingress16egress16,Ingress16,10,10,SF-A,1019,10,SF-B,1500,7,SF-C,1050,9,Egress16,1000.0
923.0,sfc-ingress16egress16,Ingress16,9,9,SF-A,989,9,SF-B,1350,6,SF-C,900,8,Egress16,1000.0
924.0,sfc-ingress16egress16,Ingress16,12,12,SF-A,1244,12,SF-B,1800,9,SF-C,1350,12,Egress16,1000.0
925.0,sfc-ingress16egress16,Ingress16,12,12,SF-A,1212,12,SF-B,1800,9,SF-C,1350,12,Egress16,1000.0
926.0,sfc-ingress16egress16,Ingress16,10,10,SF-A,1058,10,SF-B,1500,7,SF-C,1050,9,Egress16,1000.0
927.0,sfc-ingress16egress16,Ingress16,8,8,SF-A,883,8,SF-B,1200,6,SF-C,900,8,Egress16,1000.0
928.0,sfc-ingress16egress16,Ingress16,10,10,SF-A,1027,10,SF-B,1500,7,SF-C,1050,9,Egress16,1000.0
929.0,sfc-ingress16egress16,Ingress16,9,9,SF-A,904,9,SF-B,1350,6,SF-C,900,8,Egress16,1000.0
930.0,sfc-ingress16egress16,Ingress16,11,11,SF-A,1107,11,SF-B,1650,8,SF-C,1200,10,Egress16,1000.0
931.0,sfc-ingress16egress16,Ingress16,11,11,SF-A,1155,11,SF-B,1650,8,SF-C,1200,10,Egress16,1000.0
932.0,sfc-ingress16egress16,Ingress16,12,12,SF-A,1232,12,SF-B,1800,9,SF-C,1350,12,Egress16,1000.0
933.0,sfc-ingress16egress16,Ingress16,9,9,SF-A,940,9,SF-B,1350,6,SF-C,900,8,Egress16,1000.0
934.0,sfc-ingress16egress16,Ingress16,10,10,SF-A,1013,10,SF-B,1500,7,SF-C,1050,9,Egress16,1000.0
935.0,sfc-ingress16egress16,Ingress16,10,10,SF-A,1098,10,SF-B,1500,7,SF-C,1050,9,Egress16,1000.0
936.0,sfc-ingress16egress16,Ingress16,8,8,SF-A,896,8,SF-B,1200,6,SF-C,900,8,Egress16,1000.0
937.0,sfc-ingress16egress16,Ingress16,13,13,SF-A,1300,13,SF-B,1950,9,SF-C,1350,12,Egress16,1000.0
938.0,sfc-ingress16egress16,Ingress16,9,9,SF-A,910,9,SF-B,1350,6,SF-C,900,8,Egress16,1000.0
939.0,sfc-ingress16egress16,Ingress16,8,8,SF-A,890,8,SF-B,1200,6,SF-C,900,8,Egress16,1000.0
940.0,sfc-ingress16egress16,Ingress16,11,11,SF-A,1184,11,SF-B,1650,8,SF-C,1200,10,Egress16,1000.0
941.0,sfc-ingress16egress16,Ingress16,11,11,SF-A,1193,11,SF-B,1650,8,SF-C,1200,10,Egress16,1000.0
942.0,sfc-ingress16egress16,Ingress16,12,12,SF-A,1219,12,SF-B,1800,9,SF-C,1350,12,Egress16,1000.0
943.0,sfc-ingress16egress16,Ingress16,9,9,SF-A,935,9,SF-B,1350,6,SF-C,900,8,Egress16,1000.0
944.0,sfc-ingress16egress16,Ingress16,10,10,SF-A,1049,10,SF-B,1500,7,SF-C,1050,9,Egress16,1000.0
945.0,sfc-ingress16egress16,Ingress16,9,9,SF-A,987,9,SF-B,1350,6,SF-C,900,8,Egress16,1000.0
946.0,sfc-ingress16egress16,Ingress16,12,12,SF-A,1258,12,SF-B,1800,9,SF-C,1350,12,Egress16,1000.0
947.0,sfc-ingress16egress16,Ingress16,10,10,SF-A,1077,10,SF-B,1500,7,SF-C,1050,9,Egress16,1000.0
948.0,sfc-ingress16egress16,Ingress16,10,10,SF-A,1075,10,SF-B,1500,7,SF-C,1050,9,Egress16,1000.0
949.0,sfc-ingress16egress16,Ingress16,11,11,SF-A,1150,11,SF-B,1650,8,SF-C,1200,10,Egress16,1000.0
950.0,sfc-ingress16egress16,Ingress16,11,11,SF-A,1167,11,SF-B,1650,8,SF-C,1200,10,Egress16,1000.0
951.0,sfc-ingress16egress16,Ingress16,8,8,SF-A,892,8,SF-B,1200,6,SF-C,900,8,Egress16,1000.0
952.0,sfc-ingress16egress16,Ingress16,12,12,SF-A,1241,12,SF-B,1800,9,SF-C,1350,12,Egress16,1000.0
953.0,sfc-ingress16egress16,Ingress16,11,11,SF-A,1194,11,SF-B,1650,8,SF-C,1200,10,Egress16,1000.0
954.0,sfc-ingress16egress16,Ingress16,11,11,SF-A,1196,11,SF-B,1650,8,SF-C,1200,10,Egress16,1000.0
955.0,sfc-ingress16egress16,Ingress16,9,9,SF-A,983,9,SF-B,1350,6,SF-C,900,8,Egress16,1000.0
956.0,sfc-ingress16egress16,Ingress16,11,11,SF-A,1165,11,SF-B,1650,8,SF-C,1200,10,Egress16,1000.0
957.0,sfc-ingress16egress16,Ingress16,9,9,SF-A,903,9,SF-B,1350,6,SF-C,900,8,Egress16,1000.0
958.0,sfc-ingress16egress16,Ingress16,10,10,SF-A,1050,10,SF-B,1500,7,SF-C,1050,9,Egress16,1000.0
959.0,sfc-ingress16egress16,Ingress16,9,9,SF-A,988,9,SF-B,1350,6,SF-C,900,8,Egress16,1000.0
960.0,sfc-ingress16egress16,Ingress16,9,9,SF-A,930,9,SF-B,1350,6,SF-C,900,8,Egress16,1000.0
961.0,sfc-ingress16egress16,Ingress16,9,9,SF-A,949,9,SF-B,1350,6,SF-C,900,8,Egress16,1000.0
962.0,sfc-ingress16egress16,Ingress16,8,8,SF-A,894,8,SF-B,1200,6,SF-C,900,8,Egress16,1000.0
963.0,sfc-ingress16egress16,Ingress16,10,10,SF-A,1027,10,SF-B,1500,7,SF-C,1050,9,Egress16,1000.0
964.0,sfc-ingress16egress16,Ingress16,11,11,SF-A,1119,11,SF-B,1650,8,SF-C,1200,10,Egress16,1000.0
965.0,sfc-ingress16egress16,Ingress16,12,12,SF-A,1223,12,SF-B,1800,9,SF-C,1350,12,Egress16,1000.0
966.0,sfc-ingress16egress16,Ingress16,12,12,SF-A,1203,12,SF-B,1800,9,SF-C,1350,12,Egress16,1000.0
967.0,sfc-ingress16egress16,Ingress16,8,8,SF-A,888,8,SF-B,1200,6,SF-C,900,8,Egress16,1000.0
968.0,sfc-ingress16egress16,Ingress16,9,9,SF-A,969,9,SF-B,1350,6,SF-C,900,8,Egress16,1000.0
969.0,sfc-ingress16egress16,Ingress16,9,9,SF-A,901,9,SF-B,1350,6,SF-C,900,8,Egress16,1000.0
970.0,sfc-ingress16egress16,Ingress16,10,10,SF-A,1076,10,SF-B,1500,7,SF-C,1050,9,Egress16,1000.0
971.0,sfc-ingress16egress16,Ingress16,9,9,SF-A,923,9,SF-B,1350,6,SF-C,900,8,Egress16,1000.0
972.0,sfc-ingress16egress16,Ingress16,12,12,SF-A,1205,12,SF-B,1800,9,SF-C,1350,12,Egress16,1000.0
973.0,sfc-ingress16egress16,Ingress16,10,10,SF-A,1042,10,SF-B,1500,7,SF-C,1050,9,Egress16,1000.0
974.0,sfc-ingress16egress16,Ingress16,10,10,SF-A,1062,10,SF-B,1500,7,SF-C,1050,9,Egress16,1000.0
975.0,sfc-ingress16egress16,Ingress16,12,12,SF-A,1203,12,SF-B,1800,9,SF-C,1350,12,Egress16,1000.0
976.0,sfc-ingress16egress16,Ingress16,12,12,SF-A,1256,12,SF-B,1800,9,SF-C,1350,12,Egress16,1000.0
977.0,sfc-ingress16egress16,Ingress16,9,9,SF-A,978,9,SF-B,1350,6,SF-C,900,8,Egress16,1000.0
978.0,sfc-ingress16egress16,Ingress16,11,11,SF-A,1132,11,SF-B,1650,8,SF-C,1200,10,Egress16,1000.0
979.0,sfc-ingress16egress16,Ingress16,9,9,SF-A,922,9,SF-B,1350,6,SF-C,900,8,Egress16,1000.0
980.0,sfc-ingress16egress16,Ingress16,10,10,SF-A,1060,10,SF-B,1500,7,SF-C,1050,9,Egress16,1000.0
981.0,sfc-ingress16egress16,Ingress16,10,10,SF-A,1098,10,SF-B,1500,7,SF-C,1050,9,Egress16,1000.0
982.0,sfc-ingress16egress16,Ingress16,9,9,SF-A,972,9,SF-B,1350,6,SF-C,900,8,Egress16,1000.0
983.0,sfc-ingress16egress16,Ingress16,11,11,SF-A,1168,11,SF-B,1650,8,SF-C,1200,10,Egress16,1000.0
984.0,sfc-ingress16egress16,Ingress16,9,9,SF-A,970,9,SF-B,1350,6,SF-C,900,8,Egress16,1000.0
985.0,sfc-ingress16egress16,Ingress16,10,10,SF-A,1071,10,SF-B,1500,7,SF-C,1050,9,Egress16,1000.0
986.0,sfc-ingress16egress16,Ingress16,10,10,SF-A,1036,10,SF-B,1500,7,SF-C,1050,9,Egress16,1000.0
987.0,sfc-ingress16egress16,Ingress16,11,11,SF-A,1170,11,SF-B,1650,8,SF-C,1200,10,Egress16,1000.0
988.0,sfc-ingress16egress16,Ingress16,9,9,SF-A,978,9,SF-B,1350,6,SF-C,900,8,Egress16,1000.0
989.0,sfc-ingress16egress16,Ingress16,12,12,SF-A,1298,12,SF-B,1800,9,SF-C,1350,12,Egress16,1000.0
990.0,sfc-ingress16egress16,Ingress16,10,10,SF-A,1021,10,SF-B,1500,7,SF-C,1050,9,Egress16,1000.0
991.0,sfc-ingress16egress16,Ingress16,9,9,SF-A,984,9,SF-B,1350,6,SF-C,900,8,Egress16,1000.0
992.0,sfc-ingress16egress16,Ingress16,10,10,SF-A,1041,10,SF-B,1500,7,SF-C,1050,9,Egress16,1000.0
993.0,sfc-ingress16egress16,Ingress16,10,10,SF-A,1023,10,SF-B,1500,7,SF-C,1050,9,Egress16,1000.0
994.0,sfc-ingress16egress16,Ingress16,9,9,SF-A,910,9,SF-B,1350,6,SF-C,900,8,Egress16,1000.0
995.0,sfc-ingress16egress16,Ingress16,12,12,SF-A,1229,12,SF-B,1800,9,SF-C,1350,12,Egress16,1000.0
996.0,sfc-ingress16egress16,Ingress16,11,11,SF-A,1193,11,SF-B,1650,8,SF-C,1200,10,Egress16,1000.0
997.0,sfc-ingress16egress16,Ingress16,11,11,SF-A,1170,11,SF-B,1650,8,SF-C,1200,10,Egress16,1000.0
998.0,sfc-ingress16egress16,Ingress16,11,11,SF-A,1103,11,SF-B,1650,8,SF-C,1200,10,Egress16,1000.0
999.0,sfc-ingress16egress16,Ingress16,12,12,SF-A,1213,12,SF-B,1800,9,SF-C,1350,12,Egress16,1000.0
1000.0,sfc-ingress16egress16,Ingress16,12,12,SF-A,1279,12,SF-B,1800,9,SF-C,1350,12,Egress16,1000.0
