time(s),target_sfc,Ingress,InitialRequestSize,Transmission1(MB),VM1,cloudlet.1(MI),Transmission2(MB),VM2,cloudlet.2(MI),Transmission3(MB),Egress,latency_demand(s)
0.0,sfc-ingress44egress44,Ingress44,13,13,SF-B,2013,10,SF-C,1500,13,Egress44,1000.0
1.0,sfc-ingress44egress44,Ingress44,16,16,SF-B,2483,12,SF-C,1800,16,Egress44,1000.0
2.0,sfc-ingress44egress44,Ingress44,12,12,SF-B,1911,9,SF-C,1350,12,Egress44,1000.0
3.0,sfc-ingress44egress44,Ingress44,15,15,SF-B,2388,11,SF-C,1650,14,Egress44,1000.0
4.0,sfc-ingress44egress44,Ingress44,13,13,SF-B,1994,9,SF-C,1350,12,Egress44,1000.0
5.0,sfc-ingress44egress44,Ingress44,14,14,SF-B,2168,10,SF-C,1500,13,Egress44,1000.0
6.0,sfc-ingress44egress44,Ingress44,15,15,SF-B,2313,11,SF-C,1650,14,Egress44,1000.0
7.0,sfc-ingress44egress44,Ingress44,13,13,SF-B,1976,9,SF-C,1350,12,Egress44,1000.0
8.0,sfc-ingress44egress44,Ingress44,15,15,SF-B,2298,11,SF-C,1650,14,Egress44,1000.0
9.0,sfc-ingress44egress44,Ingress44,13,13,SF-B,2003,10,SF-C,1500,13,Egress44,1000.0
10.0,sfc-ingress44egress44,Ingress44,12,12,SF-B,1814,9,SF-C,1350,12,Egress44,1000.0
11.0,sfc-ingress44egress44,Ingress44,12,12,SF-B,1834,9,SF-C,1350,12,Egress44,1000.0
12.0,sfc-ingress44egress44,Ingress44,12,12,SF-B,1948,9,SF-C,1350,12,Egress44,1000.0
13.0,sfc-ingress44egress44,Ingress44,15,15,SF-B,2352,11,SF-C,1650,14,Egress44,1000.0
14.0,sfc-ingress44egress44,Ingress44,15,15,SF-B,2363,11,SF-C,1650,14,Egress44,1000.0
15.0,sfc-ingress44egress44,Ingress44,13,13,SF-B,2017,10,SF-C,1500,13,Egress44,1000.0
16.0,sfc-ingress44egress44,Ingress44,15,15,SF-B,2312,11,SF-C,1650,14,Egress44,1000.0
17.0,sfc-ingress44egress44,Ingress44,12,12,SF-B,1807,9,SF-C,1350,12,Egress44,1000.0
18.0,sfc-ingress44egress44,Ingress44,12,12,SF-B,1904,9,SF-C,1350,12,Egress44,1000.0
19.0,sfc-ingress44egress44,Ingress44,14,14,SF-B,2166,10,SF-C,1500,13,Egress44,1000.0
20.0,sfc-ingress44egress44,Ingress44,15,15,SF-B,2330,11,SF-C,1650,14,Egress44,1000.0
21.0,sfc-ingress44egress44,Ingress44,15,15,SF-B,2392,11,SF-C,1650,14,Egress44,1000.0
22.0,sfc-ingress44egress44,Ingress44,15,15,SF-B,2341,11,SF-C,1650,14,Egress44,1000.0
23.0,sfc-ingress44egress44,Ingress44,16,16,SF-B,2424,12,SF-C,1800,16,Egress44,1000.0
24.0,sfc-ingress44egress44,Ingress44,13,13,SF-B,1954,9,SF-C,1350,12,Egress44,1000.0
25.0,sfc-ingress44egress44,Ingress44,15,15,SF-B,2387,11,SF-C,1650,14,Egress44,1000.0
26.0,sfc-ingress44egress44,Ingress44,15,15,SF-B,2281,11,SF-C,1650,14,Egress44,1000.0
27.0,sfc-ingress44egress44,Ingress44,14,14,SF-B,2124,10,SF-C,1500,13,Egress44,1000.0
28.0,sfc-ingress44egress44,Ingress44,13,13,SF-B,1977,9,SF-C,1350,12,Egress44,1000.0
29.0,sfc-ingress44egress44,Ingress44,14,14,SF-B,2190,10,SF-C,1500,13,Egress44,1000.0
30.0,sfc-ingress44egress44,Ingress44,14,14,SF-B,2200,11,SF-C,1650,14,Egress44,1000.0
31.0,sfc-ingress44egress44,Ingress44,12,12,SF-B,1923,9,SF-C,1350,12,Egress44,1000.0
32.0,sfc-ingress44egress44,Ingress44,13,13,SF-B,2047,10,SF-C,1500,13,Egress44,1000.0
33.0,sfc-ingress44egress44,Ingress44,13,13,SF-B,2005,10,SF-C,1500,13,Egress44,1000.0
34.0,sfc-ingress44egress44,Ingress44,12,12,SF-B,1877,9,SF-C,1350,12,Egress44,1000.0
35.0,sfc-ingress44egress44,Ingress44,14,14,SF-B,2184,10,SF-C,1500,13,Egress44,1000.0
36.0,sfc-ingress44egress44,Ingress44,12,12,SF-B,1839,9,SF-C,1350,12,Egress44,1000.0
37.0,sfc-ingress44egress44,Ingress44,16,16,SF-B,2429,12,SF-C,1800,16,Egress44,1000.0
38.0,sfc-ingress44egress44,Ingress44,15,15,SF-B,2373,11,SF-C,1650,14,Egress44,1000.0
39.0,sfc-ingress44egress44,Ingress44,12,12,SF-B,1883,9,SF-C,1350,12,Egress44,1000.0
40.0,sfc-ingress44egress44,Ingress44,16,16,SF-B,2402,12,SF-C,1800,16,Egress44,1000.0
41.0,sfc-ingress44egress44,Ingress44,12,12,SF-B,1843,9,SF-C,1350,12,Egress44,1000.0
42.0,sfc-ingress44egress44,Ingress44,16,16,SF-B,2404,12,SF-C,1800,16,Egress44,1000.0
43.0,sfc-ingress44egress44,Ingress44,14,14,SF-B,2163,10,SF-C,1500,13,Egress44,1000.0
44.0,sfc-ingress44egress44,Ingress44,12,12,SF-B,1883,9,SF-C,1350,12,Egress44,1000.0
45.0,sfc-ingress44egress44,Ingress44,12,12,SF-B,1933,9,SF-C,1350,12,Egress44,1000.0
46.0,sfc-ingress44egress44,Ingress44,16,16,SF-B,2470,12,SF-C,1800,16,Egress44,1000.0
47.0,sfc-ingress44egress44,Ingress44,11,11,SF-B,1726,8,SF-C,1200,10,Egress44,1000.0
48.0,sfc-ingress44egress44,Ingress44,13,13,SF-B,2078,10,SF-C,1500,13,Egress44,1000.0
49.0,sfc-ingress44egress44,Ingress44,11,11,SF-B,1707,8,SF-C,1200,10,Egress44,1000.0
50.0,sfc-ingress44egress44,Ingress44,16,16,SF-B,2466,12,SF-C,1800,16,Egress44,1000.0
51.0,sfc-ingress44egress44,Ingress44,14,14,SF-B,2180,10,SF-C,1500,13,Egress44,1000.0
52.0,sfc-ingress44egress44,Ingress44,14,14,SF-B,2197,10,SF-C,1500,13,Egress44,1000.0
53.0,sfc-ingress44egress44,Ingress44,16,16,SF-B,2509,12,SF-C,1800,16,Egress44,1000.0
54.0,sfc-ingress44egress44,Ingress44,13,13,SF-B,1965,9,SF-C,1350,12,Egress44,1000.0
55.0,sfc-ingress44egress44,Ingress44,16,16,SF-B,2514,12,SF-C,1800,16,Egress44,1000.0
56.0,sfc-ingress44egress44,Ingress44,12,12,SF-B,1930,9,SF-C,1350,12,Egress44,1000.0
57.0,sfc-ingress44egress44,Ingress44,16,16,SF-B,2405,12,SF-C,1800,16,Egress44,1000.0
58.0,sfc-ingress44egress44,Ingress44,14,14,SF-B,2156,10,SF-C,1500,13,Egress44,1000.0
59.0,sfc-ingress44egress44,Ingress44,16,16,SF-B,2460,12,SF-C,1800,16,Egress44,1000.0
60.0,sfc-ingress44egress44,Ingress44,12,12,SF-B,1806,9,SF-C,1350,12,Egress44,1000.0
61.0,sfc-ingress44egress44,Ingress44,16,16,SF-B,2475,12,SF-C,1800,16,Egress44,1000.0
62.0,sfc-ingress44egress44,Ingress44,13,13,SF-B,1970,9,SF-C,1350,12,Egress44,1000.0
63.0,sfc-ingress44egress44,Ingress44,14,14,SF-B,2160,10,SF-C,1500,13,Egress44,1000.0
64.0,sfc-ingress44egress44,Ingress44,15,15,SF-B,2337,11,SF-C,1650,14,Egress44,1000.0
65.0,sfc-ingress44egress44,Ingress44,15,15,SF-B,2273,11,SF-C,1650,14,Egress44,1000.0
66.0,sfc-ingress44egress44,Ingress44,13,13,SF-B,2007,10,SF-C,1500,13,Egress44,1000.0
67.0,sfc-ingress44egress44,Ingress44,14,14,SF-B,2112,10,SF-C,1500,13,Egress44,1000.0
68.0,sfc-ingress44egress44,Ingress44,11,11,SF-B,1716,8,SF-C,1200,10,Egress44,1000.0
69.0,sfc-ingress44egress44,Ingress44,16,16,SF-B,2485,12,SF-C,1800,16,Egress44,1000.0
70.0,sfc-ingress44egress44,Ingress44,16,16,SF-B,2512,12,SF-C,1800,16,Egress44,1000.0
71.0,sfc-ingress44egress44,Ingress44,14,14,SF-B,2228,11,SF-C,1650,14,Egress44,1000.0
72.0,sfc-ingress44egress44,Ingress44,15,15,SF-B,2282,11,SF-C,1650,14,Egress44,1000.0
73.0,sfc-ingress44egress44,Ingress44,13,13,SF-B,1951,9,SF-C,1350,12,Egress44,1000.0
74.0,sfc-ingress44egress44,Ingress44,12,12,SF-B,1931,9,SF-C,1350,12,Egress44,1000.0
75.0,sfc-ingress44egress44,Ingress44,16,16,SF-B,2487,12,SF-C,1800,16,Egress44,1000.0
76.0,sfc-ingress44egress44,Ingress44,12,12,SF-B,1921,9,SF-C,1350,12,Egress44,1000.0
77.0,sfc-ingress44egress44,Ingress44,16,16,SF-B,2410,12,SF-C,1800,16,Egress44,1000.0
78.0,sfc-ingress44egress44,Ingress44,14,14,SF-B,2124,10,SF-C,1500,13,Egress44,1000.0
79.0,sfc-ingress44egress44,Ingress44,16,16,SF-B,2450,12,SF-C,1800,16,Egress44,1000.0
80.0,sfc-ingress44egress44,Ingress44,12,12,SF-B,1807,9,SF-C,1350,12,Egress44,1000.0
81.0,sfc-ingress44egress44,Ingress44,15,15,SF-B,2374,11,SF-C,1650,14,Egress44,1000.0
82.0,sfc-ingress44egress44,Ingress44,15,15,SF-B,2341,11,SF-C,1650,14,Egress44,1000.0
83.0,sfc-ingress44egress44,Ingress44,16,16,SF-B,2513,12,SF-C,1800,16,Egress44,1000.0
84.0,sfc-ingress44egress44,Ingress44,11,11,SF-B,1787,8,SF-C,1200,10,Egress44,1000.0
85.0,sfc-ingress44egress44,Ingress44,11,11,SF-B,1723,8,SF-C,1200,10,Egress44,1000.0
86.0,sfc-ingress44egress44,Ingress44,15,15,SF-B,2265,11,SF-C,1650,14,Egress44,1000.0
87.0,sfc-ingress44egress44,Ingress44,16,16,SF-B,2460,12,SF-C,1800,16,Egress44,1000.0
88.0,sfc-ingress44egress44,Ingress44,15,15,SF-B,2364,11,SF-C,1650,14,Egress44,1000.0
89.0,sfc-ingress44egress44,Ingress44,14,14,SF-B,2182,10,SF-C,1500,13,Egress44,1000.0
90.0,sfc-ingress44egress44,Ingress44,14,14,SF-B,2226,11,SF-C,1650,14,Egress44,1000.0
91.0,sfc-ingress44egress44,Ingress44,15,15,SF-B,2303,11,SF-C,1650,14,Egress44,1000.0
92.0,sfc-ingress44egress44,Ingress44,11,11,SF-B,1792,8,SF-C,1200,10,Egress44,1000.0
93.0,sfc-ingress44egress44,Ingress44,16,16,SF-B,2415,12,SF-C,1800,16,Egress44,1000.0
94.0,sfc-ingress44egress44,Ingress44,15,15,SF-B,2352,11,SF-C,1650,14,Egress44,1000.0
95.0,sfc-ingress44egress44,Ingress44,11,11,SF-B,1730,8,SF-C,1200,10,Egress44,1000.0
96.0,sfc-ingress44egress44,Ingress44,16,16,SF-B,2415,12,SF-C,1800,16,Egress44,1000.0
97.0,sfc-ingress44egress44,Ingress44,13,13,SF-B,2046,10,SF-C,1500,13,Egress44,1000.0
98.0,sfc-ingress44egress44,Ingress44,12,12,SF-B,1809,9,SF-C,1350,12,Egress44,1000.0
99.0,sfc-ingress44egress44,Ingress44,12,12,SF-B,1868,9,SF-C,1350,12,Egress44,1000.0
100.0,sfc-ingress44egress44,Ingress44,12,12,SF-B,1847,9,SF-C,1350,12,Egress44,1000.0
101.0,sfc-ingress44egress44,Ingress44,11,11,SF-B,1784,8,SF-C,1200,10,Egress44,1000.0
102.0,sfc-ingress44egress44,Ingress44,11,11,SF-B,1684,8,SF-C,1200,10,Egress44,1000.0
103.0,sfc-ingress44egress44,Ingress44,11,11,SF-B,1788,8,SF-C,1200,10,Egress44,1000.0
104.0,sfc-ingress44egress44,Ingress44,11,11,SF-B,1705,8,SF-C,1200,10,Egress44,1000.0
105.0,sfc-ingress44egress44,Ingress44,16,16,SF-B,2429,12,SF-C,1800,16,Egress44,1000.0
106.0,sfc-ingress44egress44,Ingress44,12,12,SF-B,1914,9,SF-C,1350,12,Egress44,1000.0
107.0,sfc-ingress44egress44,Ingress44,13,13,SF-B,1957,9,SF-C,1350,12,Egress44,1000.0
108.0,sfc-ingress44egress44,Ingress44,13,13,SF-B,2066,10,SF-C,1500,13,Egress44,1000.0
109.0,sfc-ingress44egress44,Ingress44,12,12,SF-B,1937,9,SF-C,1350,12,Egress44,1000.0
110.0,sfc-ingress44egress44,Ingress44,16,16,SF-B,2420,12,SF-C,1800,16,Egress44,1000.0
111.0,sfc-ingress44egress44,Ingress44,15,15,SF-B,2377,11,SF-C,1650,14,Egress44,1000.0
112.0,sfc-ingress44egress44,Ingress44,13,13,SF-B,2084,10,SF-C,1500,13,Egress44,1000.0
113.0,sfc-ingress44egress44,Ingress44,12,12,SF-B,1905,9,SF-C,1350,12,Egress44,1000.0
114.0,sfc-ingress44egress44,Ingress44,15,15,SF-B,2346,11,SF-C,1650,14,Egress44,1000.0
115.0,sfc-ingress44egress44,Ingress44,16,16,SF-B,2514,12,SF-C,1800,16,Egress44,1000.0
116.0,sfc-ingress44egress44,Ingress44,12,12,SF-B,1812,9,SF-C,1350,12,Egress44,1000.0
117.0,sfc-ingress44egress44,Ingress44,16,16,SF-B,2420,12,SF-C,1800,16,Egress44,1000.0
118.0,sfc-ingress44egress44,Ingress44,12,12,SF-B,1921,9,SF-C,1350,12,Egress44,1000.0
119.0,sfc-ingress44egress44,Ingress44,16,16,SF-B,2409,12,SF-C,1800,16,Egress44,1000.0
120.0,sfc-ingress44egress44,Ingress44,15,15,SF-B,2269,11,SF-C,1650,14,Egress44,1000.0
121.0,sfc-ingress44egress44,Ingress44,13,13,SF-B,1997,9,SF-C,1350,12,Egress44,1000.0
122.0,sfc-ingress44egress44,Ingress44,15,15,SF-B,2270,11,SF-C,1650,14,Egress44,1000.0
123.0,sfc-ingress44egress44,Ingress44,12,12,SF-B,1858,9,SF-C,1350,12,Egress44,1000.0
124.0,sfc-ingress44egress44,Ingress44,11,11,SF-B,1784,8,SF-C,1200,10,Egress44,1000.0
125.0,sfc-ingress44egress44,Ingress44,12,12,SF-B,1894,9,SF-C,1350,12,Egress44,1000.0
126.0,sfc-ingress44egress44,Ingress44,14,14,SF-B,2138,10,SF-C,1500,13,Egress44,1000.0
127.0,sfc-ingress44egress44,Ingress44,12,12,SF-B,1873,9,SF-C,1350,12,Egress44,1000.0
128.0,sfc-ingress44egress44,Ingress44,12,12,SF-B,1884,9,SF-C,1350,12,Egress44,1000.0
129.0,sfc-ingress44egress44,Ingress44,15,15,SF-B,2348,11,SF-C,1650,14,Egress44,1000.0
130.0,sfc-ingress44egress44,Ingress44,12,12,SF-B,1921,9,SF-C,1350,12,Egress44,1000.0
131.0,sfc-ingress44egress44,Ingress44,12,12,SF-B,1816,9,SF-C,1350,12,Egress44,1000.0
132.0,sfc-ingress44egress44,Ingress44,13,13,SF-B,2061,10,SF-C,1500,13,Egress44,1000.0
133.0,sfc-ingress44egress44,Ingress44,12,12,SF-B,1800,9,SF-C,1350,12,Egress44,1000.0
134.0,sfc-ingress44egress44,Ingress44,15,15,SF-B,2372,11,SF-C,1650,14,Egress44,1000.0
135.0,sfc-ingress44egress44,Ingress44,13,13,SF-B,2022,10,SF-C,1500,13,Egress44,1000.0
136.0,sfc-ingress44egress44,Ingress44,12,12,SF-B,1900,9,SF-C,1350,12,Egress44,1000.0
137.0,sfc-ingress44egress44,Ingress44,12,12,SF-B,1822,9,SF-C,1350,12,Egress44,1000.0
138.0,sfc-ingress44egress44,Ingress44,12,12,SF-B,1897,9,SF-C,1350,12,Egress44,1000.0
139.0,sfc-ingress44egress44,Ingress44,11,11,SF-B,1741,8,SF-C,1200,10,Egress44,1000.0
140.0,sfc-ingress44egress44,Ingress44,14,14,SF-B,2248,11,SF-C,1650,14,Egress44,1000.0
141.0,sfc-ingress44egress44,Ingress44,14,14,SF-B,2212,11,SF-C,1650,14,Egress44,1000.0
142.0,sfc-ingress44egress44,Ingress44,13,13,SF-B,2027,10,SF-C,1500,13,Egress44,1000.0
143.0,sfc-ingress44egress44,Ingress44,16,16,SF-B,2440,12,SF-C,1800,16,Egress44,1000.0
144.0,sfc-ingress44egress44,Ingress44,14,14,SF-B,2214,11,SF-C,1650,14,Egress44,1000.0
145.0,sfc-ingress44egress44,Ingress44,14,14,SF-B,2112,10,SF-C,1500,13,Egress44,1000.0
146.0,sfc-ingress44egress44,Ingress44,12,12,SF-B,1931,9,SF-C,1350,12,Egress44,1000.0
147.0,sfc-ingress44egress44,Ingress44,13,13,SF-B,1983,9,SF-C,1350,12,Egress44,1000.0
148.0,sfc-ingress44egress44,Ingress44,13,13,SF-B,1951,9,SF-C,1350,12,Egress44,1000.0
149.0,sfc-ingress44egress44,Ingress44,11,11,SF-B,1765,8,SF-C,1200,10,Egress44,1000.0
150.0,sfc-ingress44egress44,Ingress44,12,12,SF-B,1884,9,SF-C,1350,12,Egress44,1000.0
151.0,sfc-ingress44egress44,Ingress44,13,13,SF-B,1978,9,SF-C,1350,12,Egress44,1000.0
152.0,sfc-ingress44egress44,Ingress44,13,13,SF-B,1966,9,SF-C,1350,12,Egress44,1000.0
153.0,sfc-ingress44egress44,Ingress44,12,12,SF-B,1857,9,SF-C,1350,12,Egress44,1000.0
154.0,sfc-ingress44egress44,Ingress44,13,13,SF-B,2020,10,SF-C,1500,13,Egress44,1000.0
155.0,sfc-ingress44egress44,Ingress44,14,14,SF-B,2150,10,SF-C,1500,13,Egress44,1000.0
156.0,sfc-ingress44egress44,Ingress44,13,13,SF-B,2025,10,SF-C,1500,13,Egress44,1000.0
157.0,sfc-ingress44egress44,Ingress44,11,11,SF-B,1749,8,SF-C,1200,10,Egress44,1000.0
158.0,sfc-ingress44egress44,Ingress44,11,11,SF-B,1761,8,SF-C,1200,10,Egress44,1000.0
159.0,sfc-ingress44egress44,Ingress44,11,11,SF-B,1725,8,SF-C,1200,10,Egress44,1000.0
160.0,sfc-ingress44egress44,Ingress44,13,13,SF-B,2022,10,SF-C,1500,13,Egress44,1000.0
161.0,sfc-ingress44egress44,Ingress44,15,15,SF-B,2275,11,SF-C,1650,14,Egress44,1000.0
162.0,sfc-ingress44egress44,Ingress44,16,16,SF-B,2502,12,SF-C,1800,16,Egress44,1000.0
163.0,sfc-ingress44egress44,Ingress44,16,16,SF-B,2510,12,SF-C,1800,16,Egress44,1000.0
164.0,sfc-ingress44egress44,Ingress44,14,14,SF-B,2172,10,SF-C,1500,13,Egress44,1000.0
165.0,sfc-ingress44egress44,Ingress44,12,12,SF-B,1872,9,SF-C,1350,12,Egress44,1000.0
166.0,sfc-ingress44egress44,Ingress44,15,15,SF-B,2266,11,SF-C,1650,14,Egress44,1000.0
167.0,sfc-ingress44egress44,Ingress44,15,15,SF-B,2321,11,SF-C,1650,14,Egress44,1000.0
168.0,sfc-ingress44egress44,Ingress44,12,12,SF-B,1914,9,SF-C,1350,12,Egress44,1000.0
169.0,sfc-ingress44egress44,Ingress44,16,16,SF-B,2490,12,SF-C,1800,16,Egress44,1000.0
170.0,sfc-ingress44egress44,Ingress44,11,11,SF-B,1770,8,SF-C,1200,10,Egress44,1000.0
171.0,sfc-ingress44egress44,Ingress44,12,12,SF-B,1936,9,SF-C,1350,12,Egress44,1000.0
172.0,sfc-ingress44egress44,Ingress44,15,15,SF-B,2287,11,SF-C,1650,14,Egress44,1000.0
173.0,sfc-ingress44egress44,Ingress44,15,15,SF-B,2362,11,SF-C,1650,14,Egress44,1000.0
174.0,sfc-ingress44egress44,Ingress44,14,14,SF-B,2105,10,SF-C,1500,13,Egress44,1000.0
175.0,sfc-ingress44egress44,Ingress44,15,15,SF-B,2373,11,SF-C,1650,14,Egress44,1000.0
176.0,sfc-ingress44egress44,Ingress44,14,14,SF-B,2225,11,SF-C,1650,14,Egress44,1000.0
177.0,sfc-ingress44egress44,Ingress44,16,16,SF-B,2459,12,SF-C,1800,16,Egress44,1000.0
178.0,sfc-ingress44egress44,Ingress44,13,13,SF-B,2010,10,SF-C,1500,13,Egress44,1000.0
179.0,sfc-ingress44egress44,Ingress44,14,14,SF-B,2113,10,SF-C,1500,13,Egress44,1000.0
180.0,sfc-ingress44egress44,Ingress44,14,14,SF-B,2246,11,SF-C,1650,14,Egress44,1000.0
181.0,sfc-ingress44egress44,Ingress44,11,11,SF-B,1757,8,SF-C,1200,10,Egress44,1000.0
182.0,sfc-ingress44egress44,Ingress44,13,13,SF-B,2063,10,SF-C,1500,13,Egress44,1000.0
183.0,sfc-ingress44egress44,Ingress44,12,12,SF-B,1848,9,SF-C,1350,12,Egress44,1000.0
184.0,sfc-ingress44egress44,Ingress44,11,11,SF-B,1742,8,SF-C,1200,10,Egress44,1000.0
185.0,sfc-ingress44egress44,Ingress44,11,11,SF-B,1739,8,SF-C,1200,10,Egress44,1000.0
186.0,sfc-ingress44egress44,Ingress44,16,16,SF-B,2435,12,SF-C,1800,16,Egress44,1000.0
187.0,sfc-ingress44egress44,Ingress44,14,14,SF-B,2242,11,SF-C,1650,14,Egress44,1000.0
188.0,sfc-ingress44egress44,Ingress44,12,12,SF-B,1947,9,SF-C,1350,12,Egress44,1000.0
189.0,sfc-ingress44egress44,Ingress44,12,12,SF-B,1865,9,SF-C,1350,12,Egress44,1000.0
190.0,sfc-ingress44egress44,Ingress44,13,13,SF-B,2047,10,SF-C,1500,13,Egress44,1000.0
191.0,sfc-ingress44egress44,Ingress44,13,13,SF-B,1952,9,SF-C,1350,12,Egress44,1000.0
192.0,sfc-ingress44egress44,Ingress44,12,12,SF-B,1937,9,SF-C,1350,12,Egress44,1000.0
193.0,sfc-ingress44egress44,Ingress44,16,16,SF-B,2462,12,SF-C,1800,16,Egress44,1000.0
194.0,sfc-ingress44egress44,Ingress44,11,11,SF-B,1780,8,SF-C,1200,10,Egress44,1000.0
195.0,sfc-ingress44egress44,Ingress44,16,16,SF-B,2474,12,SF-C,1800,16,Egress44,1000.0
196.0,sfc-ingress44egress44,Ingress44,12,12,SF-B,1838,9,SF-C,1350,12,Egress44,1000.0
197.0,sfc-ingress44egress44,Ingress44,13,13,SF-B,2081,10,SF-C,1500,13,Egress44,1000.0
198.0,sfc-ingress44egress44,Ingress44,13,13,SF-B,2083,10,SF-C,1500,13,Egress44,1000.0
199.0,sfc-ingress44egress44,Ingress44,12,12,SF-B,1946,9,SF-C,1350,12,Egress44,1000.0
200.0,sfc-ingress44egress44,Ingress44,11,11,SF-B,1757,8,SF-C,1200,10,Egress44,1000.0
201.0,sfc-ingress44egress44,Ingress44,12,12,SF-B,1833,9,SF-C,1350,12,Egress44,1000.0
202.0,sfc-ingress44egress44,Ingress44,12,12,SF-B,1801,9,SF-C,1350,12,Egress44,1000.0
203.0,sfc-ingress44egress44,Ingress44,15,15,SF-B,2338,11,SF-C,1650,14,Egress44,1000.0
204.0,sfc-ingress44egress44,Ingress44,13,13,SF-B,2012,10,SF-C,1500,13,Egress44,1000.0
205.0,sfc-ingress44egress44,Ingress44,13,13,SF-B,2057,10,SF-C,1500,13,Egress44,1000.0
206.0,sfc-ingress44egress44,Ingress44,16,16,SF-B,2518,12,SF-C,1800,16,Egress44,1000.0
207.0,sfc-ingress44egress44,Ingress44,11,11,SF-B,1737,8,SF-C,1200,10,Egress44,1000.0
208.0,sfc-ingress44egress44,Ingress44,16,16,SF-B,2485,12,SF-C,1800,16,Egress44,1000.0
209.0,sfc-ingress44egress44,Ingress44,15,15,SF-B,2368,11,SF-C,1650,14,Egress44,1000.0
210.0,sfc-ingress44egress44,Ingress44,11,11,SF-B,1694,8,SF-C,1200,10,Egress44,1000.0
211.0,sfc-ingress44egress44,Ingress44,11,11,SF-B,1744,8,SF-C,1200,10,Egress44,1000.0
212.0,sfc-ingress44egress44,Ingress44,12,12,SF-B,1926,9,SF-C,1350,12,Egress44,1000.0
213.0,sfc-ingress44egress44,Ingress44,13,13,SF-B,1993,9,SF-C,1350,12,Egress44,1000.0
214.0,sfc-ingress44egress44,Ingress44,15,15,SF-B,2378,11,SF-C,1650,14,Egress44,1000.0
215.0,sfc-ingress44egress44,Ingress44,14,14,SF-B,2181,10,SF-C,1500,13,Egress44,1000.0
216.0,sfc-ingress44egress44,Ingress44,14,14,SF-B,2135,10,SF-C,1500,13,Egress44,1000.0
217.0,sfc-ingress44egress44,Ingress44,16,16,SF-B,2503,12,SF-C,1800,16,Egress44,1000.0
218.0,sfc-ingress44egress44,Ingress44,12,12,SF-B,1869,9,SF-C,1350,12,Egress44,1000.0
219.0,sfc-ingress44egress44,Ingress44,11,11,SF-B,1701,8,SF-C,1200,10,Egress44,1000.0
220.0,sfc-ingress44egress44,Ingress44,13,13,SF-B,2098,10,SF-C,1500,13,Egress44,1000.0
221.0,sfc-ingress44egress44,Ingress44,13,13,SF-B,2078,10,SF-C,1500,13,Egress44,1000.0
222.0,sfc-ingress44egress44,Ingress44,16,16,SF-B,2471,12,SF-C,1800,16,Egress44,1000.0
223.0,sfc-ingress44egress44,Ingress44,12,12,SF-B,1927,9,SF-C,1350,12,Egress44,1000.0
224.0,sfc-ingress44egress44,Ingress44,16,16,SF-B,2513,12,SF-C,1800,16,Egress44,1000.0
225.0,sfc-ingress44egress44,Ingress44,14,14,SF-B,2187,10,SF-C,1500,13,Egress44,1000.0
226.0,sfc-ingress44egress44,Ingress44,16,16,SF-B,2446,12,SF-C,1800,16,Egress44,1000.0
227.0,sfc-ingress44egress44,Ingress44,14,14,SF-B,2199,10,SF-C,1500,13,Egress44,1000.0
228.0,sfc-ingress44egress44,Ingress44,13,13,SF-B,2082,10,SF-C,1500,13,Egress44,1000.0
229.0,sfc-ingress44egress44,Ingress44,12,12,SF-B,1925,9,SF-C,1350,12,Egress44,1000.0
230.0,sfc-ingress44egress44,Ingress44,13,13,SF-B,2064,10,SF-C,1500,13,Egress44,1000.0
231.0,sfc-ingress44egress44,Ingress44,16,16,SF-B,2430,12,SF-C,1800,16,Egress44,1000.0
232.0,sfc-ingress44egress44,Ingress44,11,11,SF-B,1714,8,SF-C,1200,10,Egress44,1000.0
233.0,sfc-ingress44egress44,Ingress44,16,16,SF-B,2475,12,SF-C,1800,16,Egress44,1000.0
234.0,sfc-ingress44egress44,Ingress44,13,13,SF-B,2057,10,SF-C,1500,13,Egress44,1000.0
235.0,sfc-ingress44egress44,Ingress44,11,11,SF-B,1728,8,SF-C,1200,10,Egress44,1000.0
236.0,sfc-ingress44egress44,Ingress44,15,15,SF-B,2354,11,SF-C,1650,14,Egress44,1000.0
237.0,sfc-ingress44egress44,Ingress44,12,12,SF-B,1839,9,SF-C,1350,12,Egress44,1000.0
238.0,sfc-ingress44egress44,Ingress44,12,12,SF-B,1838,9,SF-C,1350,12,Egress44,1000.0
239.0,sfc-ingress44egress44,Ingress44,14,14,SF-B,2119,10,SF-C,1500,13,Egress44,1000.0
240.0,sfc-ingress44egress44,Ingress44,16,16,SF-B,2401,12,SF-C,1800,16,Egress44,1000.0
241.0,sfc-ingress44egress44,Ingress44,13,13,SF-B,2052,10,SF-C,1500,13,Egress44,1000.0
242.0,sfc-ingress44egress44,Ingress44,12,12,SF-B,1900,9,SF-C,1350,12,Egress44,1000.0
243.0,sfc-ingress44egress44,Ingress44,12,12,SF-B,1926,9,SF-C,1350,12,Egress44,1000.0
244.0,sfc-ingress44egress44,Ingress44,15,15,SF-B,2294,11,SF-C,1650,14,Egress44,1000.0
245.0,sfc-ingress44egress44,Ingress44,14,14,SF-B,2234,11,SF-C,1650,14,Egress44,1000.0
246.0,sfc-ingress44egress44,Ingress44,14,14,SF-B,2194,10,SF-C,1500,13,Egress44,1000.0
247.0,sfc-ingress44egress44,Ingress44,12,12,SF-B,1870,9,SF-C,1350,12,Egress44,1000.0
248.0,sfc-ingress44egress44,Ingress44,15,15,SF-B,2381,11,SF-C,1650,14,Egress44,1000.0
249.0,sfc-ingress44egress44,Ingress44,13,13,SF-B,2059,10,SF-C,1500,13,Egress44,1000.0
250.0,sfc-ingress44egress44,Ingress44,14,14,SF-B,2225,11,SF-C,1650,14,Egress44,1000.0
251.0,sfc-ingress44egress44,Ingress44,13,13,SF-B,1963,9,SF-C,1350,12,Egress44,1000.0
252.0,sfc-ingress44egress44,Ingress44,14,14,SF-B,2196,10,SF-C,1500,13,Egress44,1000.0
253.0,sfc-ingress44egress44,Ingress44,13,13,SF-B,2056,10,SF-C,1500,13,Egress44,1000.0
254.0,sfc-ingress44egress44,Ingress44,14,14,SF-B,2128,10,SF-C,1500,13,Egress44,1000.0
255.0,sfc-ingress44egress44,Ingress44,15,15,SF-B,2278,11,SF-C,1650,14,Egress44,1000.0
256.0,sfc-ingress44egress44,Ingress44,14,14,SF-B,2191,10,SF-C,1500,13,Egress44,1000.0
257.0,sfc-ingress44egress44,Ingress44,16,16,SF-B,2459,12,SF-C,1800,16,Egress44,1000.0
258.0,sfc-ingress44egress44,Ingress44,13,13,SF-B,2014,10,SF-C,1500,13,Egress44,1000.0
259.0,sfc-ingress44egress44,Ingress44,16,16,SF-B,2422,12,SF-C,1800,16,Egress44,1000.0
260.0,sfc-ingress44egress44,Ingress44,11,11,SF-B,1769,8,SF-C,1200,10,Egress44,1000.0
261.0,sfc-ingress44egress44,Ingress44,12,12,SF-B,1914,9,SF-C,1350,12,Egress44,1000.0
262.0,sfc-ingress44egress44,Ingress44,13,13,SF-B,1975,9,SF-C,1350,12,Egress44,1000.0
263.0,sfc-ingress44egress44,Ingress44,14,14,SF-B,2137,10,SF-C,1500,13,Egress44,1000.0
264.0,sfc-ingress44egress44,Ingress44,16,16,SF-B,2460,12,SF-C,1800,16,Egress44,1000.0
265.0,sfc-ingress44egress44,Ingress44,13,13,SF-B,2079,10,SF-C,1500,13,Egress44,1000.0
266.0,sfc-ingress44egress44,Ingress44,14,14,SF-B,2112,10,SF-C,1500,13,Egress44,1000.0
267.0,sfc-ingress44egress44,Ingress44,11,11,SF-B,1740,8,SF-C,1200,10,Egress44,1000.0
268.0,sfc-ingress44egress44,Ingress44,14,14,SF-B,2157,10,SF-C,1500,13,Egress44,1000.0
269.0,sfc-ingress44egress44,Ingress44,11,11,SF-B,1720,8,SF-C,1200,10,Egress44,1000.0
270.0,sfc-ingress44egress44,Ingress44,11,11,SF-B,1774,8,SF-C,1200,10,Egress44,1000.0
271.0,sfc-ingress44egress44,Ingress44,15,15,SF-B,2373,11,SF-C,1650,14,Egress44,1000.0
272.0,sfc-ingress44egress44,Ingress44,13,13,SF-B,2080,10,SF-C,1500,13,Egress44,1000.0
273.0,sfc-ingress44egress44,Ingress44,15,15,SF-B,2268,11,SF-C,1650,14,Egress44,1000.0
274.0,sfc-ingress44egress44,Ingress44,11,11,SF-B,1718,8,SF-C,1200,10,Egress44,1000.0
275.0,sfc-ingress44egress44,Ingress44,15,15,SF-B,2290,11,SF-C,1650,14,Egress44,1000.0
276.0,sfc-ingress44egress44,Ingress44,15,15,SF-B,2278,11,SF-C,1650,14,Egress44,1000.0
277.0,sfc-ingress44egress44,Ingress44,16,16,SF-B,2432,12,SF-C,1800,16,Egress44,1000.0
278.0,sfc-ingress44egress44,Ingress44,12,12,SF-B,1922,9,SF-C,1350,12,Egress44,1000.0
279.0,sfc-ingress44egress44,Ingress44,15,15,SF-B,2363,11,SF-C,1650,14,Egress44,1000.0
280.0,sfc-ingress44egress44,Ingress44,12,12,SF-B,1871,9,SF-C,1350,12,Egress44,1000.0
281.0,sfc-ingress44egress44,Ingress44,13,13,SF-B,1983,9,SF-C,1350,12,Egress44,1000.0
282.0,sfc-ingress44egress44,Ingress44,16,16,SF-B,2471,12,SF-C,1800,16,Egress44,1000.0
283.0,sfc-ingress44egress44,Ingress44,12,12,SF-B,1814,9,SF-C,1350,12,Egress44,1000.0
284.0,sfc-ingress44egress44,Ingress44,12,12,SF-B,1875,9,SF-C,1350,12,Egress44,1000.0
285.0,sfc-ingress44egress44,Ingress44,11,11,SF-B,1714,8,SF-C,1200,10,Egress44,1000.0
286.0,sfc-ingress44egress44,Ingress44,16,16,SF-B,2443,12,SF-C,1800,16,Egress44,1000.0
287.0,sfc-ingress44egress44,Ingress44,15,15,SF-B,2253,11,SF-C,1650,14,Egress44,1000.0
288.0,sfc-ingress44egress44,Ingress44,12,12,SF-B,1856,9,SF-C,1350,12,Egress44,1000.0
289.0,sfc-ingress44egress44,Ingress44,13,13,SF-B,1958,9,SF-C,1350,12,Egress44,1000.0
290.0,sfc-ingress44egress44,Ingress44,12,12,SF-B,1890,9,SF-C,1350,12,Egress44,1000.0
291.0,sfc-ingress44egress44,Ingress44,14,14,SF-B,2142,10,SF-C,1500,13,Egress44,1000.0
292.0,sfc-ingress44egress44,Ingress44,15,15,SF-B,2264,11,SF-C,1650,14,Egress44,1000.0
293.0,sfc-ingress44egress44,Ingress44,11,11,SF-B,1709,8,SF-C,1200,10,Egress44,1000.0
294.0,sfc-ingress44egress44,Ingress44,14,14,SF-B,2179,10,SF-C,1500,13,Egress44,1000.0
295.0,sfc-ingress44egress44,Ingress44,12,12,SF-B,1868,9,SF-C,1350,12,Egress44,1000.0
296.0,sfc-ingress44egress44,Ingress44,16,16,SF-B,2404,12,SF-C,1800,16,Egress44,1000.0
297.0,sfc-ingress44egress44,Ingress44,16,16,SF-B,2444,12,SF-C,1800,16,Egress44,1000.0
298.0,sfc-ingress44egress44,Ingress44,14,14,SF-B,2232,11,SF-C,1650,14,Egress44,1000.0
299.0,sfc-ingress44egress44,Ingress44,11,11,SF-B,1795,8,SF-C,1200,10,Egress44,1000.0
300.0,sfc-ingress44egress44,Ingress44,13,13,SF-B,1996,9,SF-C,1350,12,Egress44,1000.0
301.0,sfc-ingress44egress44,Ingress44,16,16,SF-B,2464,12,SF-C,1800,16,Egress44,1000.0
302.0,sfc-ingress44egress44,Ingress44,15,15,SF-B,2253,11,SF-C,1650,14,Egress44,1000.0
303.0,sfc-ingress44egress44,Ingress44,14,14,SF-B,2126,10,SF-C,1500,13,Egress44,1000.0
304.0,sfc-ingress44egress44,Ingress44,16,16,SF-B,2450,12,SF-C,1800,16,Egress44,1000.0
305.0,sfc-ingress44egress44,Ingress44,13,13,SF-B,2001,10,SF-C,1500,13,Egress44,1000.0
306.0,sfc-ingress44egress44,Ingress44,12,12,SF-B,1907,9,SF-C,1350,12,Egress44,1000.0
307.0,sfc-ingress44egress44,Ingress44,13,13,SF-B,2010,10,SF-C,1500,13,Egress44,1000.0
308.0,sfc-ingress44egress44,Ingress44,14,14,SF-B,2171,10,SF-C,1500,13,Egress44,1000.0
309.0,sfc-ingress44egress44,Ingress44,14,14,SF-B,2219,11,SF-C,1650,14,Egress44,1000.0
310.0,sfc-ingress44egress44,Ingress44,11,11,SF-B,1734,8,SF-C,1200,10,Egress44,1000.0
311.0,sfc-ingress44egress44,Ingress44,13,13,SF-B,2032,10,SF-C,1500,13,Egress44,1000.0
312.0,sfc-ingress44egress44,Ingress44,14,14,SF-B,2136,10,SF-C,1500,13,Egress44,1000.0
313.0,sfc-ingress44egress44,Ingress44,15,15,SF-B,2317,11,SF-C,1650,14,Egress44,1000.0
314.0,sfc-ingress44egress44,Ingress44,13,13,SF-B,1991,9,SF-C,1350,12,Egress44,1000.0
315.0,sfc-ingress44egress44,Ingress44,15,15,SF-B,2254,11,SF-C,1650,14,Egress44,1000.0
316.0,sfc-ingress44egress44,Ingress44,13,13,SF-B,2035,10,SF-C,1500,13,Egress44,1000.0
317.0,sfc-ingress44egress44,Ingress44,12,12,SF-B,1847,9,SF-C,1350,12,Egress44,1000.0
318.0,sfc-ingress44egress44,Ingress44,12,12,SF-B,1946,9,SF-C,1350,12,Egress44,1000.0
319.0,sfc-ingress44egress44,Ingress44,14,14,SF-B,2105,10,SF-C,1500,13,Egress44,1000.0
320.0,sfc-ingress44egress44,Ingress44,14,14,SF-B,2216,11,SF-C,1650,14,Egress44,1000.0
321.0,sfc-ingress44egress44,Ingress44,12,12,SF-B,1893,9,SF-C,1350,12,Egress44,1000.0
322.0,sfc-ingress44egress44,Ingress44,16,16,SF-B,2493,12,SF-C,1800,16,Egress44,1000.0
323.0,sfc-ingress44egress44,Ingress44,14,14,SF-B,2128,10,SF-C,1500,13,Egress44,1000.0
324.0,sfc-ingress44egress44,Ingress44,15,15,SF-B,2385,11,SF-C,1650,14,Egress44,1000.0
325.0,sfc-ingress44egress44,Ingress44,15,15,SF-B,2385,11,SF-C,1650,14,Egress44,1000.0
326.0,sfc-ingress44egress44,Ingress44,13,13,SF-B,2025,10,SF-C,1500,13,Egress44,1000.0
327.0,sfc-ingress44egress44,Ingress44,14,14,SF-B,2211,11,SF-C,1650,14,Egress44,1000.0
328.0,sfc-ingress44egress44,Ingress44,11,11,SF-B,1792,8,SF-C,1200,10,Egress44,1000.0
329.0,sfc-ingress44egress44,Ingress44,11,11,SF-B,1703,8,SF-C,1200,10,Egress44,1000.0
330.0,sfc-ingress44egress44,Ingress44,15,15,SF-B,2290,11,SF-C,1650,14,Egress44,1000.0
331.0,sfc-ingress44egress44,Ingress44,15,15,SF-B,2396,11,SF-C,1650,14,Egress44,1000.0
332.0,sfc-ingress44egress44,Ingress44,11,11,SF-B,1752,8,SF-C,1200,10,Egress44,1000.0
333.0,sfc-ingress44egress44,Ingress44,13,13,SF-B,2034,10,SF-C,1500,13,Egress44,1000.0
334.0,sfc-ingress44egress44,Ingress44,15,15,SF-B,2398,11,SF-C,1650,14,Egress44,1000.0
335.0,sfc-ingress44egress44,Ingress44,12,12,SF-B,1825,9,SF-C,1350,12,Egress44,1000.0
336.0,sfc-ingress44egress44,Ingress44,16,16,SF-B,2484,12,SF-C,1800,16,Egress44,1000.0
337.0,sfc-ingress44egress44,Ingress44,13,13,SF-B,1974,9,SF-C,1350,12,Egress44,1000.0
338.0,sfc-ingress44egress44,Ingress44,15,15,SF-B,2343,11,SF-C,1650,14,Egress44,1000.0
339.0,sfc-ingress44egress44,Ingress44,12,12,SF-B,1872,9,SF-C,1350,12,Egress44,1000.0
340.0,sfc-ingress44egress44,Ingress44,12,12,SF-B,1865,9,SF-C,1350,12,Egress44,1000.0
341.0,sfc-ingress44egress44,Ingress44,16,16,SF-B,2485,12,SF-C,1800,16,Egress44,1000.0
342.0,sfc-ingress44egress44,Ingress44,16,16,SF-B,2483,12,SF-C,1800,16,Egress44,1000.0
343.0,sfc-ingress44egress44,Ingress44,13,13,SF-B,2048,10,SF-C,1500,13,Egress44,1000.0
344.0,sfc-ingress44egress44,Ingress44,13,13,SF-B,1970,9,SF-C,1350,12,Egress44,1000.0
345.0,sfc-ingress44egress44,Ingress44,11,11,SF-B,1685,8,SF-C,1200,10,Egress44,1000.0
346.0,sfc-ingress44egress44,Ingress44,14,14,SF-B,2204,11,SF-C,1650,14,Egress44,1000.0
347.0,sfc-ingress44egress44,Ingress44,16,16,SF-B,2404,12,SF-C,1800,16,Egress44,1000.0
348.0,sfc-ingress44egress44,Ingress44,14,14,SF-B,2177,10,SF-C,1500,13,Egress44,1000.0
349.0,sfc-ingress44egress44,Ingress44,11,11,SF-B,1723,8,SF-C,1200,10,Egress44,1000.0
350.0,sfc-ingress44egress44,Ingress44,12,12,SF-B,1845,9,SF-C,1350,12,Egress44,1000.0
351.0,sfc-ingress44egress44,Ingress44,15,15,SF-B,2359,11,SF-C,1650,14,Egress44,1000.0
352.0,sfc-ingress44egress44,Ingress44,12,12,SF-B,1840,9,SF-C,1350,12,Egress44,1000.0
353.0,sfc-ingress44egress44,Ingress44,12,12,SF-B,1848,9,SF-C,1350,12,Egress44,1000.0
354.0,sfc-ingress44egress44,Ingress44,15,15,SF-B,2277,11,SF-C,1650,14,Egress44,1000.0
355.0,sfc-ingress44egress44,Ingress44,14,14,SF-B,2235,11,SF-C,1650,14,Egress44,1000.0
356.0,sfc-ingress44egress44,Ingress44,15,15,SF-B,2284,11,SF-C,1650,14,Egress44,1000.0
357.0,sfc-ingress44egress44,Ingress44,14,14,SF-B,2227,11,SF-C,1650,14,Egress44,1000.0
358.0,sfc-ingress44egress44,Ingress44,16,16,SF-B,2400,12,SF-C,1800,16,Egress44,1000.0
359.0,sfc-ingress44egress44,Ingress44,15,15,SF-B,2346,11,SF-C,1650,14,Egress44,1000.0
360.0,sfc-ingress44egress44,Ingress44,11,11,SF-B,1782,8,SF-C,1200,10,Egress44,1000.0
361.0,sfc-ingress44egress44,Ingress44,12,12,SF-B,1906,9,SF-C,1350,12,Egress44,1000.0
362.0,sfc-ingress44egress44,Ingress44,14,14,SF-B,2199,10,SF-C,1500,13,Egress44,1000.0
363.0,sfc-ingress44egress44,Ingress44,14,14,SF-B,2190,10,SF-C,1500,13,Egress44,1000.0
364.0,sfc-ingress44egress44,Ingress44,13,13,SF-B,2069,10,SF-C,1500,13,Egress44,1000.0
365.0,sfc-ingress44egress44,Ingress44,16,16,SF-B,2512,12,SF-C,1800,16,Egress44,1000.0
366.0,sfc-ingress44egress44,Ingress44,13,13,SF-B,1968,9,SF-C,1350,12,Egress44,1000.0
367.0,sfc-ingress44egress44,Ingress44,11,11,SF-B,1721,8,SF-C,1200,10,Egress44,1000.0
368.0,sfc-ingress44egress44,Ingress44,13,13,SF-B,2066,10,SF-C,1500,13,Egress44,1000.0
369.0,sfc-ingress44egress44,Ingress44,15,15,SF-B,2396,11,SF-C,1650,14,Egress44,1000.0
370.0,sfc-ingress44egress44,Ingress44,11,11,SF-B,1759,8,SF-C,1200,10,Egress44,1000.0
371.0,sfc-ingress44egress44,Ingress44,15,15,SF-B,2336,11,SF-C,1650,14,Egress44,1000.0
372.0,sfc-ingress44egress44,Ingress44,16,16,SF-B,2446,12,SF-C,1800,16,Egress44,1000.0
373.0,sfc-ingress44egress44,Ingress44,11,11,SF-B,1697,8,SF-C,1200,10,Egress44,1000.0
374.0,sfc-ingress44egress44,Ingress44,14,14,SF-B,2199,10,SF-C,1500,13,Egress44,1000.0
375.0,sfc-ingress44egress44,Ingress44,13,13,SF-B,2020,10,SF-C,1500,13,Egress44,1000.0
376.0,sfc-ingress44egress44,Ingress44,15,15,SF-B,2309,11,SF-C,1650,14,Egress44,1000.0
377.0,sfc-ingress44egress44,Ingress44,14,14,SF-B,2246,11,SF-C,1650,14,Egress44,1000.0
378.0,sfc-ingress44egress44,Ingress44,12,12,SF-B,1847,9,SF-C,1350,12,Egress44,1000.0
379.0,sfc-ingress44egress44,Ingress44,16,16,SF-B,2446,12,SF-C,1800,16,Egress44,1000.0
380.0,sfc-ingress44egress44,Ingress44,12,12,SF-B,1834,9,SF-C,1350,12,Egress44,1000.0
381.0,sfc-ingress44egress44,Ingress44,12,12,SF-B,1914,9,SF-C,1350,12,Egress44,1000.0
382.0,sfc-ingress44egress44,Ingress44,12,12,SF-B,1805,9,SF-C,1350,12,Egress44,1000.0
383.0,sfc-ingress44egress44,Ingress44,15,15,SF-B,2392,11,SF-C,1650,14,Egress44,1000.0
384.0,sfc-ingress44egress44,Ingress44,15,15,SF-B,2289,11,SF-C,1650,14,Egress44,1000.0
385.0,sfc-ingress44egress44,Ingress44,15,15,SF-B,2356,11,SF-C,1650,14,Egress44,1000.0
386.0,sfc-ingress44egress44,Ingress44,11,11,SF-B,1682,8,SF-C,1200,10,Egress44,1000.0
387.0,sfc-ingress44egress44,Ingress44,12,12,SF-B,1823,9,SF-C,1350,12,Egress44,1000.0
388.0,sfc-ingress44egress44,Ingress44,11,11,SF-B,1689,8,SF-C,1200,10,Egress44,1000.0
389.0,sfc-ingress44egress44,Ingress44,13,13,SF-B,2032,10,SF-C,1500,13,Egress44,1000.0
390.0,sfc-ingress44egress44,Ingress44,14,14,SF-B,2195,10,SF-C,1500,13,Egress44,1000.0
391.0,sfc-ingress44egress44,Ingress44,13,13,SF-B,2008,10,SF-C,1500,13,Egress44,1000.0
392.0,sfc-ingress44egress44,Ingress44,13,13,SF-B,2051,10,SF-C,1500,13,Egress44,1000.0
393.0,sfc-ingress44egress44,Ingress44,12,12,SF-B,1804,9,SF-C,1350,12,Egress44,1000.0
394.0,sfc-ingress44egress44,Ingress44,16,16,SF-B,2488,12,SF-C,1800,16,Egress44,1000.0
395.0,sfc-ingress44egress44,Ingress44,15,15,SF-B,2344,11,SF-C,1650,14,Egress44,1000.0
396.0,sfc-ingress44egress44,Ingress44,14,14,SF-B,2140,10,SF-C,1500,13,Egress44,1000.0
397.0,sfc-ingress44egress44,Ingress44,14,14,SF-B,2242,11,SF-C,1650,14,Egress44,1000.0
398.0,sfc-ingress44egress44,Ingress44,11,11,SF-B,1762,8,SF-C,1200,10,Egress44,1000.0
399.0,sfc-ingress44egress44,Ingress44,11,11,SF-B,1684,8,SF-C,1200,10,Egress44,1000.0
400.0,sfc-ingress44egress44,Ingress44,13,13,SF-B,2025,10,SF-C,1500,13,Egress44,1000.0
401.0,sfc-ingress44egress44,Ingress44,14,14,SF-B,2216,11,SF-C,1650,14,Egress44,1000.0
402.0,sfc-ingress44egress44,Ingress44,11,11,SF-B,1688,8,SF-C,1200,10,Egress44,1000.0
403.0,sfc-ingress44egress44,Ingress44,13,13,SF-B,2004,10,SF-C,1500,13,Egress44,1000.0
404.0,sfc-ingress44egress44,Ingress44,12,12,SF-B,1824,9,SF-C,1350,12,Egress44,1000.0
405.0,sfc-ingress44egress44,Ingress44,16,16,SF-B,2433,12,SF-C,1800,16,Egress44,1000.0
406.0,sfc-ingress44egress44,Ingress44,16,16,SF-B,2476,12,SF-C,1800,16,Egress44,1000.0
407.0,sfc-ingress44egress44,Ingress44,12,12,SF-B,1833,9,SF-C,1350,12,Egress44,1000.0
408.0,sfc-ingress44egress44,Ingress44,13,13,SF-B,2039,10,SF-C,1500,13,Egress44,1000.0
409.0,sfc-ingress44egress44,Ingress44,13,13,SF-B,2093,10,SF-C,1500,13,Egress44,1000.0
410.0,sfc-ingress44egress44,Ingress44,14,14,SF-B,2244,11,SF-C,1650,14,Egress44,1000.0
411.0,sfc-ingress44egress44,Ingress44,16,16,SF-B,2454,12,SF-C,1800,16,Egress44,1000.0
412.0,sfc-ingress44egress44,Ingress44,16,16,SF-B,2472,12,SF-C,1800,16,Egress44,1000.0
413.0,sfc-ingress44egress44,Ingress44,11,11,SF-B,1766,8,SF-C,1200,10,Egress44,1000.0
414.0,sfc-ingress44egress44,Ingress44,12,12,SF-B,1818,9,SF-C,1350,12,Egress44,1000.0
415.0,sfc-ingress44egress44,Ingress44,16,16,SF-B,2466,12,SF-C,1800,16,Egress44,1000.0
416.0,sfc-ingress44egress44,Ingress44,14,14,SF-B,2239,11,SF-C,1650,14,Egress44,1000.0
417.0,sfc-ingress44egress44,Ingress44,12,12,SF-B,1894,9,SF-C,1350,12,Egress44,1000.0
418.0,sfc-ingress44egress44,Ingress44,11,11,SF-B,1690,8,SF-C,1200,10,Egress44,1000.0
419.0,sfc-ingress44egress44,Ingress44,11,11,SF-B,1713,8,SF-C,1200,10,Egress44,1000.0
420.0,sfc-ingress44egress44,Ingress44,12,12,SF-B,1933,9,SF-C,1350,12,Egress44,1000.0
421.0,sfc-ingress44egress44,Ingress44,12,12,SF-B,1829,9,SF-C,1350,12,Egress44,1000.0
422.0,sfc-ingress44egress44,Ingress44,16,16,SF-B,2504,12,SF-C,1800,16,Egress44,1000.0
423.0,sfc-ingress44egress44,Ingress44,16,16,SF-B,2427,12,SF-C,1800,16,Egress44,1000.0
424.0,sfc-ingress44egress44,Ingress44,11,11,SF-B,1779,8,SF-C,1200,10,Egress44,1000.0
425.0,sfc-ingress44egress44,Ingress44,12,12,SF-B,1877,9,SF-C,1350,12,Egress44,1000.0
426.0,sfc-ingress44egress44,Ingress44,12,12,SF-B,1920,9,SF-C,1350,12,Egress44,1000.0
427.0,sfc-ingress44egress44,Ingress44,14,14,SF-B,2101,10,SF-C,1500,13,Egress44,1000.0
428.0,sfc-ingress44egress44,Ingress44,13,13,SF-B,1963,9,SF-C,1350,12,Egress44,1000.0
429.0,sfc-ingress44egress44,Ingress44,14,14,SF-B,2239,11,SF-C,1650,14,Egress44,1000.0
430.0,sfc-ingress44egress44,Ingress44,11,11,SF-B,1715,8,SF-C,1200,10,Egress44,1000.0
431.0,sfc-ingress44egress44,Ingress44,12,12,SF-B,1926,9,SF-C,1350,12,Egress44,1000.0
432.0,sfc-ingress44egress44,Ingress44,12,12,SF-B,1932,9,SF-C,1350,12,Egress44,1000.0
433.0,sfc-ingress44egress44,Ingress44,11,11,SF-B,1681,8,SF-C,1200,10,Egress44,1000.0
434.0,sfc-ingress44egress44,Ingress44,13,13,SF-B,2025,10,SF-C,1500,13,Egress44,1000.0
435.0,sfc-ingress44egress44,Ingress44,14,14,SF-B,2124,10,SF-C,1500,13,Egress44,1000.0
436.0,sfc-ingress44egress44,Ingress44,14,14,SF-B,2196,10,SF-C,1500,13,Egress44,1000.0
437.0,sfc-ingress44egress44,Ingress44,11,11,SF-B,1791,8,SF-C,1200,10,Egress44,1000.0
438.0,sfc-ingress44egress44,Ingress44,16,16,SF-B,2437,12,SF-C,1800,16,Egress44,1000.0
439.0,sfc-ingress44egress44,Ingress44,13,13,SF-B,2027,10,SF-C,1500,13,Egress44,1000.0
440.0,sfc-ingress44egress44,Ingress44,14,14,SF-B,2163,10,SF-C,1500,13,Egress44,1000.0
441.0,sfc-ingress44egress44,Ingress44,14,14,SF-B,2199,10,SF-C,1500,13,Egress44,1000.0
442.0,sfc-ingress44egress44,Ingress44,16,16,SF-B,2436,12,SF-C,1800,16,Egress44,1000.0
443.0,sfc-ingress44egress44,Ingress44,15,15,SF-B,2349,11,SF-C,1650,14,Egress44,1000.0
444.0,sfc-ingress44egress44,Ingress44,14,14,SF-B,2231,11,SF-C,1650,14,Egress44,1000.0
445.0,sfc-ingress44egress44,Ingress44,14,14,SF-B,2110,10,SF-C,1500,13,Egress44,1000.0
446.0,sfc-ingress44egress44,Ingress44,14,14,SF-B,2130,10,SF-C,1500,13,Egress44,1000.0
447.0,sfc-ingress44egress44,Ingress44,15,15,SF-B,2361,11,SF-C,1650,14,Egress44,1000.0
448.0,sfc-ingress44egress44,Ingress44,12,12,SF-B,1819,9,SF-C,1350,12,Egress44,1000.0
449.0,sfc-ingress44egress44,Ingress44,14,14,SF-B,2109,10,SF-C,1500,13,Egress44,1000.0
450.0,sfc-ingress44egress44,Ingress44,14,14,SF-B,2180,10,SF-C,1500,13,Egress44,1000.0
451.0,sfc-ingress44egress44,Ingress44,12,12,SF-B,1862,9,SF-C,1350,12,Egress44,1000.0
452.0,sfc-ingress44egress44,Ingress44,12,12,SF-B,1938,9,SF-C,1350,12,Egress44,1000.0
453.0,sfc-ingress44egress44,Ingress44,13,13,SF-B,2073,10,SF-C,1500,13,Egress44,1000.0
454.0,sfc-ingress44egress44,Ingress44,11,11,SF-B,1776,8,SF-C,1200,10,Egress44,1000.0
455.0,sfc-ingress44egress44,Ingress44,15,15,SF-B,2379,11,SF-C,1650,14,Egress44,1000.0
456.0,sfc-ingress44egress44,Ingress44,12,12,SF-B,1868,9,SF-C,1350,12,Egress44,1000.0
457.0,sfc-ingress44egress44,Ingress44,12,12,SF-B,1904,9,SF-C,1350,12,Egress44,1000.0
458.0,sfc-ingress44egress44,Ingress44,11,11,SF-B,1729,8,SF-C,1200,10,Egress44,1000.0
459.0,sfc-ingress44egress44,Ingress44,15,15,SF-B,2351,11,SF-C,1650,14,Egress44,1000.0
460.0,sfc-ingress44egress44,Ingress44,15,15,SF-B,2298,11,SF-C,1650,14,Egress44,1000.0
461.0,sfc-ingress44egress44,Ingress44,15,15,SF-B,2286,11,SF-C,1650,14,Egress44,1000.0
462.0,sfc-ingress44egress44,Ingress44,15,15,SF-B,2270,11,SF-C,1650,14,Egress44,1000.0
463.0,sfc-ingress44egress44,Ingress44,13,13,SF-B,1990,9,SF-C,1350,12,Egress44,1000.0
464.0,sfc-ingress44egress44,Ingress44,13,13,SF-B,1998,9,SF-C,1350,12,Egress44,1000.0
465.0,sfc-ingress44egress44,Ingress44,16,16,SF-B,2433,12,SF-C,1800,16,Egress44,1000.0
466.0,sfc-ingress44egress44,Ingress44,13,13,SF-B,1982,9,SF-C,1350,12,Egress44,1000.0
467.0,sfc-ingress44egress44,Ingress44,13,13,SF-B,1987,9,SF-C,1350,12,Egress44,1000.0
468.0,sfc-ingress44egress44,Ingress44,13,13,SF-B,2043,10,SF-C,1500,13,Egress44,1000.0
469.0,sfc-ingress44egress44,Ingress44,11,11,SF-B,1747,8,SF-C,1200,10,Egress44,1000.0
470.0,sfc-ingress44egress44,Ingress44,14,14,SF-B,2106,10,SF-C,1500,13,Egress44,1000.0
471.0,sfc-ingress44egress44,Ingress44,15,15,SF-B,2273,11,SF-C,1650,14,Egress44,1000.0
472.0,sfc-ingress44egress44,Ingress44,14,14,SF-B,2182,10,SF-C,1500,13,Egress44,1000.0
473.0,sfc-ingress44egress44,Ingress44,16,16,SF-B,2479,12,SF-C,1800,16,Egress44,1000.0
474.0,sfc-ingress44egress44,Ingress44,15,15,SF-B,2327,11,SF-C,1650,14,Egress44,1000.0
475.0,sfc-ingress44egress44,Ingress44,13,13,SF-B,1993,9,SF-C,1350,12,Egress44,1000.0
476.0,sfc-ingress44egress44,Ingress44,12,12,SF-B,1872,9,SF-C,1350,12,Egress44,1000.0
477.0,sfc-ingress44egress44,Ingress44,14,14,SF-B,2160,10,SF-C,1500,13,Egress44,1000.0
478.0,sfc-ingress44egress44,Ingress44,15,15,SF-B,2320,11,SF-C,1650,14,Egress44,1000.0
479.0,sfc-ingress44egress44,Ingress44,15,15,SF-B,2392,11,SF-C,1650,14,Egress44,1000.0
480.0,sfc-ingress44egress44,Ingress44,11,11,SF-B,1703,8,SF-C,1200,10,Egress44,1000.0
481.0,sfc-ingress44egress44,Ingress44,11,11,SF-B,1744,8,SF-C,1200,10,Egress44,1000.0
482.0,sfc-ingress44egress44,Ingress44,11,11,SF-B,1772,8,SF-C,1200,10,Egress44,1000.0
483.0,sfc-ingress44egress44,Ingress44,14,14,SF-B,2210,11,SF-C,1650,14,Egress44,1000.0
484.0,sfc-ingress44egress44,Ingress44,11,11,SF-B,1795,8,SF-C,1200,10,Egress44,1000.0
485.0,sfc-ingress44egress44,Ingress44,15,15,SF-B,2307,11,SF-C,1650,14,Egress44,1000.0
486.0,sfc-ingress44egress44,Ingress44,13,13,SF-B,2035,10,SF-C,1500,13,Egress44,1000.0
487.0,sfc-ingress44egress44,Ingress44,16,16,SF-B,2442,12,SF-C,1800,16,Egress44,1000.0
488.0,sfc-ingress44egress44,Ingress44,13,13,SF-B,2021,10,SF-C,1500,13,Egress44,1000.0
489.0,sfc-ingress44egress44,Ingress44,12,12,SF-B,1872,9,SF-C,1350,12,Egress44,1000.0
490.0,sfc-ingress44egress44,Ingress44,15,15,SF-B,2334,11,SF-C,1650,14,Egress44,1000.0
491.0,sfc-ingress44egress44,Ingress44,13,13,SF-B,2020,10,SF-C,1500,13,Egress44,1000.0
492.0,sfc-ingress44egress44,Ingress44,13,13,SF-B,2058,10,SF-C,1500,13,Egress44,1000.0
493.0,sfc-ingress44egress44,Ingress44,16,16,SF-B,2443,12,SF-C,1800,16,Egress44,1000.0
494.0,sfc-ingress44egress44,Ingress44,13,13,SF-B,2058,10,SF-C,1500,13,Egress44,1000.0
495.0,sfc-ingress44egress44,Ingress44,15,15,SF-B,2280,11,SF-C,1650,14,Egress44,1000.0
496.0,sfc-ingress44egress44,Ingress44,16,16,SF-B,2421,12,SF-C,1800,16,Egress44,1000.0
497.0,sfc-ingress44egress44,Ingress44,11,11,SF-B,1711,8,SF-C,1200,10,Egress44,1000.0
498.0,sfc-ingress44egress44,Ingress44,16,16,SF-B,2433,12,SF-C,1800,16,Egress44,1000.0
499.0,sfc-ingress44egress44,Ingress44,14,14,SF-B,2144,10,SF-C,1500,13,Egress44,1000.0
500.0,sfc-ingress44egress44,Ingress44,11,11,SF-B,1739,8,SF-C,1200,10,Egress44,1000.0
501.0,sfc-ingress44egress44,Ingress44,16,16,SF-B,2490,12,SF-C,1800,16,Egress44,1000.0
502.0,sfc-ingress44egress44,Ingress44,14,14,SF-B,2164,10,SF-C,1500,13,Egress44,1000.0
503.0,sfc-ingress44egress44,Ingress44,15,15,SF-B,2332,11,SF-C,1650,14,Egress44,1000.0
504.0,sfc-ingress44egress44,Ingress44,13,13,SF-B,2068,10,SF-C,1500,13,Egress44,1000.0
505.0,sfc-ingress44egress44,Ingress44,15,15,SF-B,2310,11,SF-C,1650,14,Egress44,1000.0
506.0,sfc-ingress44egress44,Ingress44,11,11,SF-B,1771,8,SF-C,1200,10,Egress44,1000.0
507.0,sfc-ingress44egress44,Ingress44,13,13,SF-B,1969,9,SF-C,1350,12,Egress44,1000.0
508.0,sfc-ingress44egress44,Ingress44,16,16,SF-B,2431,12,SF-C,1800,16,Egress44,1000.0
509.0,sfc-ingress44egress44,Ingress44,11,11,SF-B,1681,8,SF-C,1200,10,Egress44,1000.0
510.0,sfc-ingress44egress44,Ingress44,11,11,SF-B,1749,8,SF-C,1200,10,Egress44,1000.0
511.0,sfc-ingress44egress44,Ingress44,13,13,SF-B,2063,10,SF-C,1500,13,Egress44,1000.0
512.0,sfc-ingress44egress44,Ingress44,16,16,SF-B,2408,12,SF-C,1800,16,Egress44,1000.0
513.0,sfc-ingress44egress44,Ingress44,12,12,SF-B,1842,9,SF-C,1350,12,Egress44,1000.0
514.0,sfc-ingress44egress44,Ingress44,13,13,SF-B,1975,9,SF-C,1350,12,Egress44,1000.0
515.0,sfc-ingress44egress44,Ingress44,14,14,SF-B,2167,10,SF-C,1500,13,Egress44,1000.0
516.0,sfc-ingress44egress44,Ingress44,13,13,SF-B,2031,10,SF-C,1500,13,Egress44,1000.0
517.0,sfc-ingress44egress44,Ingress44,11,11,SF-B,1733,8,SF-C,1200,10,Egress44,1000.0
518.0,sfc-ingress44egress44,Ingress44,15,15,SF-B,2351,11,SF-C,1650,14,Egress44,1000.0
519.0,sfc-ingress44egress44,Ingress44,15,15,SF-B,2331,11,SF-C,1650,14,Egress44,1000.0
520.0,sfc-ingress44egress44,Ingress44,16,16,SF-B,2436,12,SF-C,1800,16,Egress44,1000.0
521.0,sfc-ingress44egress44,Ingress44,13,13,SF-B,1985,9,SF-C,1350,12,Egress44,1000.0
522.0,sfc-ingress44egress44,Ingress44,13,13,SF-B,2024,10,SF-C,1500,13,Egress44,1000.0
523.0,sfc-ingress44egress44,Ingress44,15,15,SF-B,2340,11,SF-C,1650,14,Egress44,1000.0
524.0,sfc-ingress44egress44,Ingress44,16,16,SF-B,2468,12,SF-C,1800,16,Egress44,1000.0
525.0,sfc-ingress44egress44,Ingress44,11,11,SF-B,1694,8,SF-C,1200,10,Egress44,1000.0
526.0,sfc-ingress44egress44,Ingress44,11,11,SF-B,1793,8,SF-C,1200,10,Egress44,1000.0
527.0,sfc-ingress44egress44,Ingress44,13,13,SF-B,1952,9,SF-C,1350,12,Egress44,1000.0
528.0,sfc-ingress44egress44,Ingress44,12,12,SF-B,1827,9,SF-C,1350,12,Egress44,1000.0
529.0,sfc-ingress44egress44,Ingress44,15,15,SF-B,2398,11,SF-C,1650,14,Egress44,1000.0
530.0,sfc-ingress44egress44,Ingress44,16,16,SF-B,2502,12,SF-C,1800,16,Egress44,1000.0
531.0,sfc-ingress44egress44,Ingress44,15,15,SF-B,2288,11,SF-C,1650,14,Egress44,1000.0
532.0,sfc-ingress44egress44,Ingress44,16,16,SF-B,2401,12,SF-C,1800,16,Egress44,1000.0
533.0,sfc-ingress44egress44,Ingress44,15,15,SF-B,2284,11,SF-C,1650,14,Egress44,1000.0
534.0,sfc-ingress44egress44,Ingress44,14,14,SF-B,2214,11,SF-C,1650,14,Egress44,1000.0
535.0,sfc-ingress44egress44,Ingress44,14,14,SF-B,2141,10,SF-C,1500,13,Egress44,1000.0
536.0,sfc-ingress44egress44,Ingress44,15,15,SF-B,2339,11,SF-C,1650,14,Egress44,1000.0
537.0,sfc-ingress44egress44,Ingress44,15,15,SF-B,2323,11,SF-C,1650,14,Egress44,1000.0
538.0,sfc-ingress44egress44,Ingress44,16,16,SF-B,2469,12,SF-C,1800,16,Egress44,1000.0
539.0,sfc-ingress44egress44,Ingress44,11,11,SF-B,1718,8,SF-C,1200,10,Egress44,1000.0
540.0,sfc-ingress44egress44,Ingress44,15,15,SF-B,2319,11,SF-C,1650,14,Egress44,1000.0
541.0,sfc-ingress44egress44,Ingress44,11,11,SF-B,1788,8,SF-C,1200,10,Egress44,1000.0
542.0,sfc-ingress44egress44,Ingress44,13,13,SF-B,2079,10,SF-C,1500,13,Egress44,1000.0
543.0,sfc-ingress44egress44,Ingress44,12,12,SF-B,1932,9,SF-C,1350,12,Egress44,1000.0
544.0,sfc-ingress44egress44,Ingress44,15,15,SF-B,2284,11,SF-C,1650,14,Egress44,1000.0
545.0,sfc-ingress44egress44,Ingress44,16,16,SF-B,2519,12,SF-C,1800,16,Egress44,1000.0
546.0,sfc-ingress44egress44,Ingress44,15,15,SF-B,2252,11,SF-C,1650,14,Egress44,1000.0
547.0,sfc-ingress44egress44,Ingress44,11,11,SF-B,1750,8,SF-C,1200,10,Egress44,1000.0
548.0,sfc-ingress44egress44,Ingress44,13,13,SF-B,1985,9,SF-C,1350,12,Egress44,1000.0
549.0,sfc-ingress44egress44,Ingress44,14,14,SF-B,2148,10,SF-C,1500,13,Egress44,1000.0
550.0,sfc-ingress44egress44,Ingress44,16,16,SF-B,2404,12,SF-C,1800,16,Egress44,1000.0
551.0,sfc-ingress44egress44,Ingress44,16,16,SF-B,2436,12,SF-C,1800,16,Egress44,1000.0
552.0,sfc-ingress44egress44,Ingress44,12,12,SF-B,1818,9,SF-C,1350,12,Egress44,1000.0
553.0,sfc-ingress44egress44,Ingress44,15,15,SF-B,2373,11,SF-C,1650,14,Egress44,1000.0
554.0,sfc-ingress44egress44,Ingress44,11,11,SF-B,1724,8,SF-C,1200,10,Egress44,1000.0
555.0,sfc-ingress44egress44,Ingress44,11,11,SF-B,1779,8,SF-C,1200,10,Egress44,1000.0
556.0,sfc-ingress44egress44,Ingress44,14,14,SF-B,2101,10,SF-C,1500,13,Egress44,1000.0
557.0,sfc-ingress44egress44,Ingress44,12,12,SF-B,1862,9,SF-C,1350,12,Egress44,1000.0
558.0,sfc-ingress44egress44,Ingress44,15,15,SF-B,2389,11,SF-C,1650,14,Egress44,1000.0
559.0,sfc-ingress44egress44,Ingress44,11,11,SF-B,1705,8,SF-C,1200,10,Egress44,1000.0
560.0,sfc-ingress44egress44,Ingress44,13,13,SF-B,1955,9,SF-C,1350,12,Egress44,1000.0
561.0,sfc-ingress44egress44,Ingress44,12,12,SF-B,1858,9,SF-C,1350,12,Egress44,1000.0
562.0,sfc-ingress44egress44,Ingress44,11,11,SF-B,1701,8,SF-C,1200,10,Egress44,1000.0
563.0,sfc-ingress44egress44,Ingress44,12,12,SF-B,1929,9,SF-C,1350,12,Egress44,1000.0
564.0,sfc-ingress44egress44,Ingress44,15,15,SF-B,2308,11,SF-C,1650,14,Egress44,1000.0
565.0,sfc-ingress44egress44,Ingress44,11,11,SF-B,1721,8,SF-C,1200,10,Egress44,1000.0
566.0,sfc-ingress44egress44,Ingress44,13,13,SF-B,1997,9,SF-C,1350,12,Egress44,1000.0
567.0,sfc-ingress44egress44,Ingress44,14,14,SF-B,2102,10,SF-C,1500,13,Egress44,1000.0
568.0,sfc-ingress44egress44,Ingress44,13,13,SF-B,1990,9,SF-C,1350,12,Egress44,1000.0
569.0,sfc-ingress44egress44,Ingress44,16,16,SF-B,2448,12,SF-C,1800,16,Egress44,1000.0
570.0,sfc-ingress44egress44,Ingress44,12,12,SF-B,1830,9,SF-C,1350,12,Egress44,1000.0
571.0,sfc-ingress44egress44,Ingress44,12,12,SF-B,1937,9,SF-C,1350,12,Egress44,1000.0
572.0,sfc-ingress44egress44,Ingress44,11,11,SF-B,1705,8,SF-C,1200,10,Egress44,1000.0
573.0,sfc-ingress44egress44,Ingress44,12,12,SF-B,1920,9,SF-C,1350,12,Egress44,1000.0
574.0,sfc-ingress44egress44,Ingress44,15,15,SF-B,2367,11,SF-C,1650,14,Egress44,1000.0
575.0,sfc-ingress44egress44,Ingress44,14,14,SF-B,2110,10,SF-C,1500,13,Egress44,1000.0
576.0,sfc-ingress44egress44,Ingress44,13,13,SF-B,2072,10,SF-C,1500,13,Egress44,1000.0
577.0,sfc-ingress44egress44,Ingress44,14,14,SF-B,2195,10,SF-C,1500,13,Egress44,1000.0
578.0,sfc-ingress44egress44,Ingress44,16,16,SF-B,2487,12,SF-C,1800,16,Egress44,1000.0
579.0,sfc-ingress44egress44,Ingress44,14,14,SF-B,2100,10,SF-C,1500,13,Egress44,1000.0
580.0,sfc-ingress44egress44,Ingress44,14,14,SF-B,2228,11,SF-C,1650,14,Egress44,1000.0
581.0,sfc-ingress44egress44,Ingress44,15,15,SF-B,2379,11,SF-C,1650,14,Egress44,1000.0
582.0,sfc-ingress44egress44,Ingress44,11,11,SF-B,1734,8,SF-C,1200,10,Egress44,1000.0
583.0,sfc-ingress44egress44,Ingress44,13,13,SF-B,2054,10,SF-C,1500,13,Egress44,1000.0
584.0,sfc-ingress44egress44,Ingress44,15,15,SF-B,2374,11,SF-C,1650,14,Egress44,1000.0
585.0,sfc-ingress44egress44,Ingress44,13,13,SF-B,1990,9,SF-C,1350,12,Egress44,1000.0
586.0,sfc-ingress44egress44,Ingress44,15,15,SF-B,2296,11,SF-C,1650,14,Egress44,1000.0
587.0,sfc-ingress44egress44,Ingress44,13,13,SF-B,2037,10,SF-C,1500,13,Egress44,1000.0
588.0,sfc-ingress44egress44,Ingress44,14,14,SF-B,2122,10,SF-C,1500,13,Egress44,1000.0
589.0,sfc-ingress44egress44,Ingress44,15,15,SF-B,2289,11,SF-C,1650,14,Egress44,1000.0
590.0,sfc-ingress44egress44,Ingress44,15,15,SF-B,2267,11,SF-C,1650,14,Egress44,1000.0
591.0,sfc-ingress44egress44,Ingress44,14,14,SF-B,2153,10,SF-C,1500,13,Egress44,1000.0
592.0,sfc-ingress44egress44,Ingress44,15,15,SF-B,2346,11,SF-C,1650,14,Egress44,1000.0
593.0,sfc-ingress44egress44,Ingress44,12,12,SF-B,1914,9,SF-C,1350,12,Egress44,1000.0
594.0,sfc-ingress44egress44,Ingress44,16,16,SF-B,2512,12,SF-C,1800,16,Egress44,1000.0
595.0,sfc-ingress44egress44,Ingress44,16,16,SF-B,2449,12,SF-C,1800,16,Egress44,1000.0
596.0,sfc-ingress44egress44,Ingress44,11,11,SF-B,1724,8,SF-C,1200,10,Egress44,1000.0
597.0,sfc-ingress44egress44,Ingress44,14,14,SF-B,2186,10,SF-C,1500,13,Egress44,1000.0
598.0,sfc-ingress44egress44,Ingress44,15,15,SF-B,2268,11,SF-C,1650,14,Egress44,1000.0
599.0,sfc-ingress44egress44,Ingress44,12,12,SF-B,1941,9,SF-C,1350,12,Egress44,1000.0
600.0,sfc-ingress44egress44,Ingress44,11,11,SF-B,1701,8,SF-C,1200,10,Egress44,1000.0
601.0,sfc-ingress44egress44,Ingress44,13,13,SF-B,1968,9,SF-C,1350,12,Egress44,1000.0
602.0,sfc-ingress44egress44,Ingress44,11,11,SF-B,1732,8,SF-C,1200,10,Egress44,1000.0
603.0,sfc-ingress44egress44,Ingress44,13,13,SF-B,2029,10,SF-C,1500,13,Egress44,1000.0
604.0,sfc-ingress44egress44,Ingress44,12,12,SF-B,1824,9,SF-C,1350,12,Egress44,1000.0
605.0,sfc-ingress44egress44,Ingress44,14,14,SF-B,2238,11,SF-C,1650,14,Egress44,1000.0
606.0,sfc-ingress44egress44,Ingress44,15,15,SF-B,2381,11,SF-C,1650,14,Egress44,1000.0
607.0,sfc-ingress44egress44,Ingress44,13,13,SF-B,2058,10,SF-C,1500,13,Egress44,1000.0
608.0,sfc-ingress44egress44,Ingress44,12,12,SF-B,1928,9,SF-C,1350,12,Egress44,1000.0
609.0,sfc-ingress44egress44,Ingress44,14,14,SF-B,2141,10,SF-C,1500,13,Egress44,1000.0
610.0,sfc-ingress44egress44,Ingress44,12,12,SF-B,1863,9,SF-C,1350,12,Egress44,1000.0
611.0,sfc-ingress44egress44,Ingress44,11,11,SF-B,1708,8,SF-C,1200,10,Egress44,1000.0
612.0,sfc-ingress44egress44,Ingress44,11,11,SF-B,1791,8,SF-C,1200,10,Egress44,1000.0
613.0,sfc-ingress44egress44,Ingress44,16,16,SF-B,2473,12,SF-C,1800,16,Egress44,1000.0
614.0,sfc-ingress44egress44,Ingress44,13,13,SF-B,2087,10,SF-C,1500,13,Egress44,1000.0
615.0,sfc-ingress44egress44,Ingress44,12,12,SF-B,1801,9,SF-C,1350,12,Egress44,1000.0
616.0,sfc-ingress44egress44,Ingress44,14,14,SF-B,2195,10,SF-C,1500,13,Egress44,1000.0
617.0,sfc-ingress44egress44,Ingress44,12,12,SF-B,1808,9,SF-C,1350,12,Egress44,1000.0
618.0,sfc-ingress44egress44,Ingress44,16,16,SF-B,2470,12,SF-C,1800,16,Egress44,1000.0
619.0,sfc-ingress44egress44,Ingress44,16,16,SF-B,2413,12,SF-C,1800,16,Egress44,1000.0
620.0,sfc-ingress44egress44,Ingress44,12,12,SF-B,1842,9,SF-C,1350,12,Egress44,1000.0
621.0,sfc-ingress44egress44,Ingress44,14,14,SF-B,2227,11,SF-C,1650,14,Egress44,1000.0
622.0,sfc-ingress44egress44,Ingress44,13,13,SF-B,2006,10,SF-C,1500,13,Egress44,1000.0
623.0,sfc-ingress44egress44,Ingress44,11,11,SF-B,1707,8,SF-C,1200,10,Egress44,1000.0
624.0,sfc-ingress44egress44,Ingress44,11,11,SF-B,1731,8,SF-C,1200,10,Egress44,1000.0
625.0,sfc-ingress44egress44,Ingress44,15,15,SF-B,2297,11,SF-C,1650,14,Egress44,1000.0
626.0,sfc-ingress44egress44,Ingress44,13,13,SF-B,2012,10,SF-C,1500,13,Egress44,1000.0
627.0,sfc-ingress44egress44,Ingress44,16,16,SF-B,2508,12,SF-C,1800,16,Egress44,1000.0
628.0,sfc-ingress44egress44,Ingress44,11,11,SF-B,1744,8,SF-C,1200,10,Egress44,1000.0
629.0,sfc-ingress44egress44,Ingress44,13,13,SF-B,2039,10,SF-C,1500,13,Egress44,1000.0
630.0,sfc-ingress44egress44,Ingress44,12,12,SF-B,1834,9,SF-C,1350,12,Egress44,1000.0
631.0,sfc-ingress44egress44,Ingress44,16,16,SF-B,2435,12,SF-C,1800,16,Egress44,1000.0
632.0,sfc-ingress44egress44,Ingress44,16,16,SF-B,2490,12,SF-C,1800,16,Egress44,1000.0
633.0,sfc-ingress44egress44,Ingress44,11,11,SF-B,1683,8,SF-C,1200,10,Egress44,1000.0
634.0,sfc-ingress44egress44,Ingress44,13,13,SF-B,2093,10,SF-C,1500,13,Egress44,1000.0
635.0,sfc-ingress44egress44,Ingress44,12,12,SF-B,1839,9,SF-C,1350,12,Egress44,1000.0
636.0,sfc-ingress44egress44,Ingress44,11,11,SF-B,1797,8,SF-C,1200,10,Egress44,1000.0
637.0,sfc-ingress44egress44,Ingress44,16,16,SF-B,2404,12,SF-C,1800,16,Egress44,1000.0
638.0,sfc-ingress44egress44,Ingress44,13,13,SF-B,2006,10,SF-C,1500,13,Egress44,1000.0
639.0,sfc-ingress44egress44,Ingress44,12,12,SF-B,1941,9,SF-C,1350,12,Egress44,1000.0
640.0,sfc-ingress44egress44,Ingress44,14,14,SF-B,2115,10,SF-C,1500,13,Egress44,1000.0
641.0,sfc-ingress44egress44,Ingress44,15,15,SF-B,2345,11,SF-C,1650,14,Egress44,1000.0
642.0,sfc-ingress44egress44,Ingress44,11,11,SF-B,1753,8,SF-C,1200,10,Egress44,1000.0
643.0,sfc-ingress44egress44,Ingress44,14,14,SF-B,2223,11,SF-C,1650,14,Egress44,1000.0
644.0,sfc-ingress44egress44,Ingress44,15,15,SF-B,2338,11,SF-C,1650,14,Egress44,1000.0
645.0,sfc-ingress44egress44,Ingress44,16,16,SF-B,2430,12,SF-C,1800,16,Egress44,1000.0
646.0,sfc-ingress44egress44,Ingress44,15,15,SF-B,2362,11,SF-C,1650,14,Egress44,1000.0
647.0,sfc-ingress44egress44,Ingress44,13,13,SF-B,2046,10,SF-C,1500,13,Egress44,1000.0
648.0,sfc-ingress44egress44,Ingress44,15,15,SF-B,2395,11,SF-C,1650,14,Egress44,1000.0
649.0,sfc-ingress44egress44,Ingress44,13,13,SF-B,1954,9,SF-C,1350,12,Egress44,1000.0
650.0,sfc-ingress44egress44,Ingress44,11,11,SF-B,1696,8,SF-C,1200,10,Egress44,1000.0
651.0,sfc-ingress44egress44,Ingress44,11,11,SF-B,1771,8,SF-C,1200,10,Egress44,1000.0
652.0,sfc-ingress44egress44,Ingress44,15,15,SF-B,2381,11,SF-C,1650,14,Egress44,1000.0
653.0,sfc-ingress44egress44,Ingress44,12,12,SF-B,1867,9,SF-C,1350,12,Egress44,1000.0
654.0,sfc-ingress44egress44,Ingress44,11,11,SF-B,1714,8,SF-C,1200,10,Egress44,1000.0
655.0,sfc-ingress44egress44,Ingress44,12,12,SF-B,1823,9,SF-C,1350,12,Egress44,1000.0
656.0,sfc-ingress44egress44,Ingress44,12,12,SF-B,1937,9,SF-C,1350,12,Egress44,1000.0
657.0,sfc-ingress44egress44,Ingress44,12,12,SF-B,1860,9,SF-C,1350,12,Egress44,1000.0
658.0,sfc-ingress44egress44,Ingress44,13,13,SF-B,2089,10,SF-C,1500,13,Egress44,1000.0
659.0,sfc-ingress44egress44,Ingress44,15,15,SF-B,2325,11,SF-C,1650,14,Egress44,1000.0
660.0,sfc-ingress44egress44,Ingress44,14,14,SF-B,2224,11,SF-C,1650,14,Egress44,1000.0
661.0,sfc-ingress44egress44,Ingress44,13,13,SF-B,2069,10,SF-C,1500,13,Egress44,1000.0
662.0,sfc-ingress44egress44,Ingress44,14,14,SF-B,2230,11,SF-C,1650,14,Egress44,1000.0
663.0,sfc-ingress44egress44,Ingress44,15,15,SF-B,2268,11,SF-C,1650,14,Egress44,1000.0
664.0,sfc-ingress44egress44,Ingress44,15,15,SF-B,2285,11,SF-C,1650,14,Egress44,1000.0
665.0,sfc-ingress44egress44,Ingress44,15,15,SF-B,2389,11,SF-C,1650,14,Egress44,1000.0
666.0,sfc-ingress44egress44,Ingress44,12,12,SF-B,1810,9,SF-C,1350,12,Egress44,1000.0
667.0,sfc-ingress44egress44,Ingress44,13,13,SF-B,2034,10,SF-C,1500,13,Egress44,1000.0
668.0,sfc-ingress44egress44,Ingress44,14,14,SF-B,2124,10,SF-C,1500,13,Egress44,1000.0
669.0,sfc-ingress44egress44,Ingress44,15,15,SF-B,2323,11,SF-C,1650,14,Egress44,1000.0
670.0,sfc-ingress44egress44,Ingress44,16,16,SF-B,2405,12,SF-C,1800,16,Egress44,1000.0
671.0,sfc-ingress44egress44,Ingress44,12,12,SF-B,1915,9,SF-C,1350,12,Egress44,1000.0
672.0,sfc-ingress44egress44,Ingress44,16,16,SF-B,2422,12,SF-C,1800,16,Egress44,1000.0
673.0,sfc-ingress44egress44,Ingress44,16,16,SF-B,2484,12,SF-C,1800,16,Egress44,1000.0
674.0,sfc-ingress44egress44,Ingress44,15,15,SF-B,2396,11,SF-C,1650,14,Egress44,1000.0
675.0,sfc-ingress44egress44,Ingress44,16,16,SF-B,2435,12,SF-C,1800,16,Egress44,1000.0
676.0,sfc-ingress44egress44,Ingress44,11,11,SF-B,1773,8,SF-C,1200,10,Egress44,1000.0
677.0,sfc-ingress44egress44,Ingress44,16,16,SF-B,2421,12,SF-C,1800,16,Egress44,1000.0
678.0,sfc-ingress44egress44,Ingress44,15,15,SF-B,2287,11,SF-C,1650,14,Egress44,1000.0
679.0,sfc-ingress44egress44,Ingress44,13,13,SF-B,2051,10,SF-C,1500,13,Egress44,1000.0
680.0,sfc-ingress44egress44,Ingress44,13,13,SF-B,2098,10,SF-C,1500,13,Egress44,1000.0
681.0,sfc-ingress44egress44,Ingress44,12,12,SF-B,1897,9,SF-C,1350,12,Egress44,1000.0
682.0,sfc-ingress44egress44,Ingress44,15,15,SF-B,2280,11,SF-C,1650,14,Egress44,1000.0
683.0,sfc-ingress44egress44,Ingress44,11,11,SF-B,1782,8,SF-C,1200,10,Egress44,1000.0
684.0,sfc-ingress44egress44,Ingress44,16,16,SF-B,2463,12,SF-C,1800,16,Egress44,1000.0
685.0,sfc-ingress44egress44,Ingress44,13,13,SF-B,2013,10,SF-C,1500,13,Egress44,1000.0
686.0,sfc-ingress44egress44,Ingress44,16,16,SF-B,2410,12,SF-C,1800,16,Egress44,1000.0
687.0,sfc-ingress44egress44,Ingress44,12,12,SF-B,1880,9,SF-C,1350,12,Egress44,1000.0
688.0,sfc-ingress44egress44,Ingress44,15,15,SF-B,2399,11,SF-C,1650,14,Egress44,1000.0
689.0,sfc-ingress44egress44,Ingress44,15,15,SF-B,2285,11,SF-C,1650,14,Egress44,1000.0
690.0,sfc-ingress44egress44,Ingress44,13,13,SF-B,2035,10,SF-C,1500,13,Egress44,1000.0
691.0,sfc-ingress44egress44,Ingress44,11,11,SF-B,1737,8,SF-C,1200,10,Egress44,1000.0
692.0,sfc-ingress44egress44,Ingress44,11,11,SF-B,1737,8,SF-C,1200,10,Egress44,1000.0
693.0,sfc-ingress44egress44,Ingress44,16,16,SF-B,2466,12,SF-C,1800,16,Egress44,1000.0
694.0,sfc-ingress44egress44,Ingress44,13,13,SF-B,1985,9,SF-C,1350,12,Egress44,1000.0
695.0,sfc-ingress44egress44,Ingress44,14,14,SF-B,2237,11,SF-C,1650,14,Egress44,1000.0
696.0,sfc-ingress44egress44,Ingress44,11,11,SF-B,1692,8,SF-C,1200,10,Egress44,1000.0
697.0,sfc-ingress44egress44,Ingress44,14,14,SF-B,2159,10,SF-C,1500,13,Egress44,1000.0
698.0,sfc-ingress44egress44,Ingress44,14,14,SF-B,2208,11,SF-C,1650,14,Egress44,1000.0
699.0,sfc-ingress44egress44,Ingress44,13,13,SF-B,2028,10,SF-C,1500,13,Egress44,1000.0
700.0,sfc-ingress44egress44,Ingress44,12,12,SF-B,1915,9,SF-C,1350,12,Egress44,1000.0
701.0,sfc-ingress44egress44,Ingress44,14,14,SF-B,2127,10,SF-C,1500,13,Egress44,1000.0
702.0,sfc-ingress44egress44,Ingress44,12,12,SF-B,1842,9,SF-C,1350,12,Egress44,1000.0
703.0,sfc-ingress44egress44,Ingress44,12,12,SF-B,1899,9,SF-C,1350,12,Egress44,1000.0
704.0,sfc-ingress44egress44,Ingress44,16,16,SF-B,2438,12,SF-C,1800,16,Egress44,1000.0
705.0,sfc-ingress44egress44,Ingress44,15,15,SF-B,2261,11,SF-C,1650,14,Egress44,1000.0
706.0,sfc-ingress44egress44,Ingress44,12,12,SF-B,1890,9,SF-C,1350,12,Egress44,1000.0
707.0,sfc-ingress44egress44,Ingress44,14,14,SF-B,2128,10,SF-C,1500,13,Egress44,1000.0
708.0,sfc-ingress44egress44,Ingress44,16,16,SF-B,2420,12,SF-C,1800,16,Egress44,1000.0
709.0,sfc-ingress44egress44,Ingress44,12,12,SF-B,1860,9,SF-C,1350,12,Egress44,1000.0
710.0,sfc-ingress44egress44,Ingress44,13,13,SF-B,1995,9,SF-C,1350,12,Egress44,1000.0
711.0,sfc-ingress44egress44,Ingress44,13,13,SF-B,2070,10,SF-C,1500,13,Egress44,1000.0
712.0,sfc-ingress44egress44,Ingress44,14,14,SF-B,2134,10,SF-C,1500,13,Egress44,1000.0
713.0,sfc-ingress44egress44,Ingress44,12,12,SF-B,1864,9,SF-C,1350,12,Egress44,1000.0
714.0,sfc-ingress44egress44,Ingress44,15,15,SF-B,2381,11,SF-C,1650,14,Egress44,1000.0
715.0,sfc-ingress44egress44,Ingress44,12,12,SF-B,1822,9,SF-C,1350,12,Egress44,1000.0
716.0,sfc-ingress44egress44,Ingress44,14,14,SF-B,2122,10,SF-C,1500,13,Egress44,1000.0
717.0,sfc-ingress44egress44,Ingress44,12,12,SF-B,1804,9,SF-C,1350,12,Egress44,1000.0
718.0,sfc-ingress44egress44,Ingress44,12,12,SF-B,1902,9,SF-C,1350,12,Egress44,1000.0
719.0,sfc-ingress44egress44,Ingress44,12,12,SF-B,1880,9,SF-C,1350,12,Egress44,1000.0
720.0,sfc-ingress44egress44,Ingress44,11,11,SF-B,1745,8,SF-C,1200,10,Egress44,1000.0
721.0,sfc-ingress44egress44,Ingress44,16,16,SF-B,2404,12,SF-C,1800,16,Egress44,1000.0
722.0,sfc-ingress44egress44,Ingress44,14,14,SF-B,2218,11,SF-C,1650,14,Egress44,1000.0
723.0,sfc-ingress44egress44,Ingress44,16,16,SF-B,2497,12,SF-C,1800,16,Egress44,1000.0
724.0,sfc-ingress44egress44,Ingress44,13,13,SF-B,2094,10,SF-C,1500,13,Egress44,1000.0
725.0,sfc-ingress44egress44,Ingress44,12,12,SF-B,1916,9,SF-C,1350,12,Egress44,1000.0
726.0,sfc-ingress44egress44,Ingress44,13,13,SF-B,2060,10,SF-C,1500,13,Egress44,1000.0
727.0,sfc-ingress44egress44,Ingress44,13,13,SF-B,1983,9,SF-C,1350,12,Egress44,1000.0
728.0,sfc-ingress44egress44,Ingress44,11,11,SF-B,1681,8,SF-C,1200,10,Egress44,1000.0
729.0,sfc-ingress44egress44,Ingress44,15,15,SF-B,2393,11,SF-C,1650,14,Egress44,1000.0
730.0,sfc-ingress44egress44,Ingress44,12,12,SF-B,1943,9,SF-C,1350,12,Egress44,1000.0
731.0,sfc-ingress44egress44,Ingress44,12,12,SF-B,1928,9,SF-C,1350,12,Egress44,1000.0
732.0,sfc-ingress44egress44,Ingress44,15,15,SF-B,2395,11,SF-C,1650,14,Egress44,1000.0
733.0,sfc-ingress44egress44,Ingress44,15,15,SF-B,2348,11,SF-C,1650,14,Egress44,1000.0
734.0,sfc-ingress44egress44,Ingress44,11,11,SF-B,1759,8,SF-C,1200,10,Egress44,1000.0
735.0,sfc-ingress44egress44,Ingress44,14,14,SF-B,2117,10,SF-C,1500,13,Egress44,1000.0
736.0,sfc-ingress44egress44,Ingress44,14,14,SF-B,2195,10,SF-C,1500,13,Egress44,1000.0
737.0,sfc-ingress44egress44,Ingress44,13,13,SF-B,1963,9,SF-C,1350,12,Egress44,1000.0
738.0,sfc-ingress44egress44,Ingress44,16,16,SF-B,2480,12,SF-C,1800,16,Egress44,1000.0
739.0,sfc-ingress44egress44,Ingress44,13,13,SF-B,2081,10,SF-C,1500,13,Egress44,1000.0
740.0,sfc-ingress44egress44,Ingress44,14,14,SF-B,2121,10,SF-C,1500,13,Egress44,1000.0
741.0,sfc-ingress44egress44,Ingress44,14,14,SF-B,2140,10,SF-C,1500,13,Egress44,1000.0
742.0,sfc-ingress44egress44,Ingress44,13,13,SF-B,1968,9,SF-C,1350,12,Egress44,1000.0
743.0,sfc-ingress44egress44,Ingress44,15,15,SF-B,2378,11,SF-C,1650,14,Egress44,1000.0
744.0,sfc-ingress44egress44,Ingress44,16,16,SF-B,2474,12,SF-C,1800,16,Egress44,1000.0
745.0,sfc-ingress44egress44,Ingress44,11,11,SF-B,1722,8,SF-C,1200,10,Egress44,1000.0
746.0,sfc-ingress44egress44,Ingress44,15,15,SF-B,2355,11,SF-C,1650,14,Egress44,1000.0
747.0,sfc-ingress44egress44,Ingress44,14,14,SF-B,2154,10,SF-C,1500,13,Egress44,1000.0
748.0,sfc-ingress44egress44,Ingress44,16,16,SF-B,2489,12,SF-C,1800,16,Egress44,1000.0
749.0,sfc-ingress44egress44,Ingress44,15,15,SF-B,2285,11,SF-C,1650,14,Egress44,1000.0
750.0,sfc-ingress44egress44,Ingress44,14,14,SF-B,2193,10,SF-C,1500,13,Egress44,1000.0
751.0,sfc-ingress44egress44,Ingress44,16,16,SF-B,2422,12,SF-C,1800,16,Egress44,1000.0
752.0,sfc-ingress44egress44,Ingress44,14,14,SF-B,2153,10,SF-C,1500,13,Egress44,1000.0
753.0,sfc-ingress44egress44,Ingress44,13,13,SF-B,2012,10,SF-C,1500,13,Egress44,1000.0
754.0,sfc-ingress44egress44,Ingress44,11,11,SF-B,1799,8,SF-C,1200,10,Egress44,1000.0
755.0,sfc-ingress44egress44,Ingress44,13,13,SF-B,1998,9,SF-C,1350,12,Egress44,1000.0
756.0,sfc-ingress44egress44,Ingress44,13,13,SF-B,2063,10,SF-C,1500,13,Egress44,1000.0
757.0,sfc-ingress44egress44,Ingress44,14,14,SF-B,2228,11,SF-C,1650,14,Egress44,1000.0
758.0,sfc-ingress44egress44,Ingress44,11,11,SF-B,1765,8,SF-C,1200,10,Egress44,1000.0
759.0,sfc-ingress44egress44,Ingress44,13,13,SF-B,1970,9,SF-C,1350,12,Egress44,1000.0
760.0,sfc-ingress44egress44,Ingress44,12,12,SF-B,1822,9,SF-C,1350,12,Egress44,1000.0
761.0,sfc-ingress44egress44,Ingress44,14,14,SF-B,2235,11,SF-C,1650,14,Egress44,1000.0
762.0,sfc-ingress44egress44,Ingress44,13,13,SF-B,1992,9,SF-C,1350,12,Egress44,1000.0
763.0,sfc-ingress44egress44,Ingress44,14,14,SF-B,2129,10,SF-C,1500,13,Egress44,1000.0
764.0,sfc-ingress44egress44,Ingress44,15,15,SF-B,2290,11,SF-C,1650,14,Egress44,1000.0
765.0,sfc-ingress44egress44,Ingress44,12,12,SF-B,1867,9,SF-C,1350,12,Egress44,1000.0
766.0,sfc-ingress44egress44,Ingress44,14,14,SF-B,2197,10,SF-C,1500,13,Egress44,1000.0
767.0,sfc-ingress44egress44,Ingress44,14,14,SF-B,2248,11,SF-C,1650,14,Egress44,1000.0
768.0,sfc-ingress44egress44,Ingress44,12,12,SF-B,1839,9,SF-C,1350,12,Egress44,1000.0
769.0,sfc-ingress44egress44,Ingress44,13,13,SF-B,1982,9,SF-C,1350,12,Egress44,1000.0
770.0,sfc-ingress44egress44,Ingress44,14,14,SF-B,2170,10,SF-C,1500,13,Egress44,1000.0
771.0,sfc-ingress44egress44,Ingress44,14,14,SF-B,2233,11,SF-C,1650,14,Egress44,1000.0
772.0,sfc-ingress44egress44,Ingress44,15,15,SF-B,2328,11,SF-C,1650,14,Egress44,1000.0
773.0,sfc-ingress44egress44,Ingress44,13,13,SF-B,2044,10,SF-C,1500,13,Egress44,1000.0
774.0,sfc-ingress44egress44,Ingress44,12,12,SF-B,1808,9,SF-C,1350,12,Egress44,1000.0
775.0,sfc-ingress44egress44,Ingress44,14,14,SF-B,2200,11,SF-C,1650,14,Egress44,1000.0
776.0,sfc-ingress44egress44,Ingress44,12,12,SF-B,1918,9,SF-C,1350,12,Egress44,1000.0
777.0,sfc-ingress44egress44,Ingress44,11,11,SF-B,1770,8,SF-C,1200,10,Egress44,1000.0
778.0,sfc-ingress44egress44,Ingress44,15,15,SF-B,2272,11,SF-C,1650,14,Egress44,1000.0
779.0,sfc-ingress44egress44,Ingress44,16,16,SF-B,2487,12,SF-C,1800,16,Egress44,1000.0
780.0,sfc-ingress44egress44,Ingress44,15,15,SF-B,2375,11,SF-C,1650,14,Egress44,1000.0
781.0,sfc-ingress44egress44,Ingress44,13,13,SF-B,1955,9,SF-C,1350,12,Egress44,1000.0
782.0,sfc-ingress44egress44,Ingress44,13,13,SF-B,1994,9,SF-C,1350,12,Egress44,1000.0
783.0,sfc-ingress44egress44,Ingress44,16,16,SF-B,2458,12,SF-C,1800,16,Egress44,1000.0
784.0,sfc-ingress44egress44,Ingress44,12,12,SF-B,1911,9,SF-C,1350,12,Egress44,1000.0
785.0,sfc-ingress44egress44,Ingress44,15,15,SF-B,2316,11,SF-C,1650,14,Egress44,1000.0
786.0,sfc-ingress44egress44,Ingress44,14,14,SF-B,2190,10,SF-C,1500,13,Egress44,1000.0
787.0,sfc-ingress44egress44,Ingress44,11,11,SF-B,1794,8,SF-C,1200,10,Egress44,1000.0
788.0,sfc-ingress44egress44,Ingress44,15,15,SF-B,2324,11,SF-C,1650,14,Egress44,1000.0
789.0,sfc-ingress44egress44,Ingress44,16,16,SF-B,2476,12,SF-C,1800,16,Egress44,1000.0
790.0,sfc-ingress44egress44,Ingress44,13,13,SF-B,1979,9,SF-C,1350,12,Egress44,1000.0
791.0,sfc-ingress44egress44,Ingress44,14,14,SF-B,2112,10,SF-C,1500,13,Egress44,1000.0
792.0,sfc-ingress44egress44,Ingress44,16,16,SF-B,2505,12,SF-C,1800,16,Egress44,1000.0
793.0,sfc-ingress44egress44,Ingress44,14,14,SF-B,2119,10,SF-C,1500,13,Egress44,1000.0
794.0,sfc-ingress44egress44,Ingress44,12,12,SF-B,1860,9,SF-C,1350,12,Egress44,1000.0
795.0,sfc-ingress44egress44,Ingress44,12,12,SF-B,1934,9,SF-C,1350,12,Egress44,1000.0
796.0,sfc-ingress44egress44,Ingress44,15,15,SF-B,2285,11,SF-C,1650,14,Egress44,1000.0
797.0,sfc-ingress44egress44,Ingress44,12,12,SF-B,1847,9,SF-C,1350,12,Egress44,1000.0
798.0,sfc-ingress44egress44,Ingress44,14,14,SF-B,2123,10,SF-C,1500,13,Egress44,1000.0
799.0,sfc-ingress44egress44,Ingress44,13,13,SF-B,2046,10,SF-C,1500,13,Egress44,1000.0
800.0,sfc-ingress44egress44,Ingress44,14,14,SF-B,2167,10,SF-C,1500,13,Egress44,1000.0
801.0,sfc-ingress44egress44,Ingress44,13,13,SF-B,1988,9,SF-C,1350,12,Egress44,1000.0
802.0,sfc-ingress44egress44,Ingress44,12,12,SF-B,1944,9,SF-C,1350,12,Egress44,1000.0
803.0,sfc-ingress44egress44,Ingress44,12,12,SF-B,1835,9,SF-C,1350,12,Egress44,1000.0
804.0,sfc-ingress44egress44,Ingress44,13,13,SF-B,1988,9,SF-C,1350,12,Egress44,1000.0
805.0,sfc-ingress44egress44,Ingress44,14,14,SF-B,2123,10,SF-C,1500,13,Egress44,1000.0
806.0,sfc-ingress44egress44,Ingress44,15,15,SF-B,2322,11,SF-C,1650,14,Egress44,1000.0
807.0,sfc-ingress44egress44,Ingress44,11,11,SF-B,1790,8,SF-C,1200,10,Egress44,1000.0
808.0,sfc-ingress44egress44,Ingress44,14,14,SF-B,2189,10,SF-C,1500,13,Egress44,1000.0
809.0,sfc-ingress44egress44,Ingress44,16,16,SF-B,2464,12,SF-C,1800,16,Egress44,1000.0
810.0,sfc-ingress44egress44,Ingress44,16,16,SF-B,2445,12,SF-C,1800,16,Egress44,1000.0
811.0,sfc-ingress44egress44,Ingress44,12,12,SF-B,1904,9,SF-C,1350,12,Egress44,1000.0
812.0,sfc-ingress44egress44,Ingress44,15,15,SF-B,2369,11,SF-C,1650,14,Egress44,1000.0
813.0,sfc-ingress44egress44,Ingress44,16,16,SF-B,2494,12,SF-C,1800,16,Egress44,1000.0
814.0,sfc-ingress44egress44,Ingress44,11,11,SF-B,1782,8,SF-C,1200,10,Egress44,1000.0
815.0,sfc-ingress44egress44,Ingress44,11,11,SF-B,1797,8,SF-C,1200,10,Egress44,1000.0
816.0,sfc-ingress44egress44,Ingress44,12,12,SF-B,1914,9,SF-C,1350,12,Egress44,1000.0
817.0,sfc-ingress44egress44,Ingress44,12,12,SF-B,1838,9,SF-C,1350,12,Egress44,1000.0
818.0,sfc-ingress44egress44,Ingress44,13,13,SF-B,1990,9,SF-C,1350,12,Egress44,1000.0
819.0,sfc-ingress44egress44,Ingress44,15,15,SF-B,2269,11,SF-C,1650,14,Egress44,1000.0
820.0,sfc-ingress44egress44,Ingress44,15,15,SF-B,2296,11,SF-C,1650,14,Egress44,1000.0
821.0,sfc-ingress44egress44,Ingress44,14,14,SF-B,2216,11,SF-C,1650,14,Egress44,1000.0
822.0,sfc-ingress44egress44,Ingress44,12,12,SF-B,1922,9,SF-C,1350,12,Egress44,1000.0
823.0,sfc-ingress44egress44,Ingress44,16,16,SF-B,2436,12,SF-C,1800,16,Egress44,1000.0
824.0,sfc-ingress44egress44,Ingress44,12,12,SF-B,1878,9,SF-C,1350,12,Egress44,1000.0
825.0,sfc-ingress44egress44,Ingress44,13,13,SF-B,2073,10,SF-C,1500,13,Egress44,1000.0
826.0,sfc-ingress44egress44,Ingress44,13,13,SF-B,2071,10,SF-C,1500,13,Egress44,1000.0
827.0,sfc-ingress44egress44,Ingress44,12,12,SF-B,1877,9,SF-C,1350,12,Egress44,1000.0
828.0,sfc-ingress44egress44,Ingress44,15,15,SF-B,2251,11,SF-C,1650,14,Egress44,1000.0
829.0,sfc-ingress44egress44,Ingress44,12,12,SF-B,1906,9,SF-C,1350,12,Egress44,1000.0
830.0,sfc-ingress44egress44,Ingress44,11,11,SF-B,1680,8,SF-C,1200,10,Egress44,1000.0
831.0,sfc-ingress44egress44,Ingress44,12,12,SF-B,1893,9,SF-C,1350,12,Egress44,1000.0
832.0,sfc-ingress44egress44,Ingress44,11,11,SF-B,1759,8,SF-C,1200,10,Egress44,1000.0
833.0,sfc-ingress44egress44,Ingress44,11,11,SF-B,1783,8,SF-C,1200,10,Egress44,1000.0
834.0,sfc-ingress44egress44,Ingress44,13,13,SF-B,2032,10,SF-C,1500,13,Egress44,1000.0
835.0,sfc-ingress44egress44,Ingress44,11,11,SF-B,1726,8,SF-C,1200,10,Egress44,1000.0
836.0,sfc-ingress44egress44,Ingress44,16,16,SF-B,2410,12,SF-C,1800,16,Egress44,1000.0
837.0,sfc-ingress44egress44,Ingress44,15,15,SF-B,2393,11,SF-C,1650,14,Egress44,1000.0
838.0,sfc-ingress44egress44,Ingress44,13,13,SF-B,2069,10,SF-C,1500,13,Egress44,1000.0
839.0,sfc-ingress44egress44,Ingress44,14,14,SF-B,2242,11,SF-C,1650,14,Egress44,1000.0
840.0,sfc-ingress44egress44,Ingress44,15,15,SF-B,2317,11,SF-C,1650,14,Egress44,1000.0
841.0,sfc-ingress44egress44,Ingress44,14,14,SF-B,2114,10,SF-C,1500,13,Egress44,1000.0
842.0,sfc-ingress44egress44,Ingress44,15,15,SF-B,2281,11,SF-C,1650,14,Egress44,1000.0
843.0,sfc-ingress44egress44,Ingress44,16,16,SF-B,2507,12,SF-C,1800,16,Egress44,1000.0
844.0,sfc-ingress44egress44,Ingress44,15,15,SF-B,2268,11,SF-C,1650,14,Egress44,1000.0
845.0,sfc-ingress44egress44,Ingress44,15,15,SF-B,2250,11,SF-C,1650,14,Egress44,1000.0
846.0,sfc-ingress44egress44,Ingress44,16,16,SF-B,2438,12,SF-C,1800,16,Egress44,1000.0
847.0,sfc-ingress44egress44,Ingress44,13,13,SF-B,1952,9,SF-C,1350,12,Egress44,1000.0
848.0,sfc-ingress44egress44,Ingress44,12,12,SF-B,1832,9,SF-C,1350,12,Egress44,1000.0
849.0,sfc-ingress44egress44,Ingress44,16,16,SF-B,2509,12,SF-C,1800,16,Egress44,1000.0
850.0,sfc-ingress44egress44,Ingress44,14,14,SF-B,2150,10,SF-C,1500,13,Egress44,1000.0
851.0,sfc-ingress44egress44,Ingress44,14,14,SF-B,2197,10,SF-C,1500,13,Egress44,1000.0
852.0,sfc-ingress44egress44,Ingress44,16,16,SF-B,2420,12,SF-C,1800,16,Egress44,1000.0
853.0,sfc-ingress44egress44,Ingress44,11,11,SF-B,1732,8,SF-C,1200,10,Egress44,1000.0
854.0,sfc-ingress44egress44,Ingress44,11,11,SF-B,1696,8,SF-C,1200,10,Egress44,1000.0
855.0,sfc-ingress44egress44,Ingress44,14,14,SF-B,2114,10,SF-C,1500,13,Egress44,1000.0
856.0,sfc-ingress44egress44,Ingress44,13,13,SF-B,2017,10,SF-C,1500,13,Egress44,1000.0
857.0,sfc-ingress44egress44,Ingress44,13,13,SF-B,2097,10,SF-C,1500,13,Egress44,1000.0
858.0,sfc-ingress44egress44,Ingress44,16,16,SF-B,2425,12,SF-C,1800,16,Egress44,1000.0
859.0,sfc-ingress44egress44,Ingress44,14,14,SF-B,2198,10,SF-C,1500,13,Egress44,1000.0
860.0,sfc-ingress44egress44,Ingress44,11,11,SF-B,1712,8,SF-C,1200,10,Egress44,1000.0
861.0,sfc-ingress44egress44,Ingress44,13,13,SF-B,2050,10,SF-C,1500,13,Egress44,1000.0
862.0,sfc-ingress44egress44,Ingress44,13,13,SF-B,1958,9,SF-C,1350,12,Egress44,1000.0
863.0,sfc-ingress44egress44,Ingress44,12,12,SF-B,1943,9,SF-C,1350,12,Egress44,1000.0
864.0,sfc-ingress44egress44,Ingress44,12,12,SF-B,1857,9,SF-C,1350,12,Egress44,1000.0
865.0,sfc-ingress44egress44,Ingress44,13,13,SF-B,2056,10,SF-C,1500,13,Egress44,1000.0
866.0,sfc-ingress44egress44,Ingress44,14,14,SF-B,2108,10,SF-C,1500,13,Egress44,1000.0
867.0,sfc-ingress44egress44,Ingress44,16,16,SF-B,2504,12,SF-C,1800,16,Egress44,1000.0
868.0,sfc-ingress44egress44,Ingress44,15,15,SF-B,2324,11,SF-C,1650,14,Egress44,1000.0
869.0,sfc-ingress44egress44,Ingress44,16,16,SF-B,2437,12,SF-C,1800,16,Egress44,1000.0
870.0,sfc-ingress44egress44,Ingress44,15,15,SF-B,2307,11,SF-C,1650,14,Egress44,1000.0
871.0,sfc-ingress44egress44,Ingress44,15,15,SF-B,2393,11,SF-C,1650,14,Egress44,1000.0
872.0,sfc-ingress44egress44,Ingress44,12,12,SF-B,1876,9,SF-C,1350,12,Egress44,1000.0
873.0,sfc-ingress44egress44,Ingress44,12,12,SF-B,1835,9,SF-C,1350,12,Egress44,1000.0
874.0,sfc-ingress44egress44,Ingress44,14,14,SF-B,2169,10,SF-C,1500,13,Egress44,1000.0
875.0,sfc-ingress44egress44,Ingress44,14,14,SF-B,2233,11,SF-C,1650,14,Egress44,1000.0
876.0,sfc-ingress44egress44,Ingress44,11,11,SF-B,1795,8,SF-C,1200,10,Egress44,1000.0
877.0,sfc-ingress44egress44,Ingress44,15,15,SF-B,2298,11,SF-C,1650,14,Egress44,1000.0
878.0,sfc-ingress44egress44,Ingress44,14,14,SF-B,2121,10,SF-C,1500,13,Egress44,1000.0
879.0,sfc-ingress44egress44,Ingress44,15,15,SF-B,2304,11,SF-C,1650,14,Egress44,1000.0
880.0,sfc-ingress44egress44,Ingress44,13,13,SF-B,2099,10,SF-C,1500,13,Egress44,1000.0
881.0,sfc-ingress44egress44,Ingress44,15,15,SF-B,2369,11,SF-C,1650,14,Egress44,1000.0
882.0,sfc-ingress44egress44,Ingress44,14,14,SF-B,2238,11,SF-C,1650,14,Egress44,1000.0
883.0,sfc-ingress44egress44,Ingress44,15,15,SF-B,2372,11,SF-C,1650,14,Egress44,1000.0
884.0,sfc-ingress44egress44,Ingress44,11,11,SF-B,1794,8,SF-C,1200,10,Egress44,1000.0
885.0,sfc-ingress44egress44,Ingress44,12,12,SF-B,1902,9,SF-C,1350,12,Egress44,1000.0
886.0,sfc-ingress44egress44,Ingress44,13,13,SF-B,2089,10,SF-C,1500,13,Egress44,1000.0
887.0,sfc-ingress44egress44,Ingress44,13,13,SF-B,2027,10,SF-C,1500,13,Egress44,1000.0
888.0,sfc-ingress44egress44,Ingress44,14,14,SF-B,2110,10,SF-C,1500,13,Egress44,1000.0
889.0,sfc-ingress44egress44,Ingress44,14,14,SF-B,2111,10,SF-C,1500,13,Egress44,1000.0
890.0,sfc-ingress44egress44,Ingress44,12,12,SF-B,1860,9,SF-C,1350,12,Egress44,1000.0
891.0,sfc-ingress44egress44,Ingress44,13,13,SF-B,2013,10,SF-C,1500,13,Egress44,1000.0
892.0,sfc-ingress44egress44,Ingress44,12,12,SF-B,1818,9,SF-C,1350,12,Egress44,1000.0
893.0,sfc-ingress44egress44,Ingress44,12,12,SF-B,1936,9,SF-C,1350,12,Egress44,1000.0
894.0,sfc-ingress44egress44,Ingress44,16,16,SF-B,2401,12,SF-C,1800,16,Egress44,1000.0
895.0,sfc-ingress44egress44,Ingress44,13,13,SF-B,2096,10,SF-C,1500,13,Egress44,1000.0
896.0,sfc-ingress44egress44,Ingress44,13,13,SF-B,2007,10,SF-C,1500,13,Egress44,1000.0
897.0,sfc-ingress44egress44,Ingress44,13,13,SF-B,2028,10,SF-C,1500,13,Egress44,1000.0
898.0,sfc-ingress44egress44,Ingress44,14,14,SF-B,2187,10,SF-C,1500,13,Egress44,1000.0
899.0,sfc-ingress44egress44,Ingress44,11,11,SF-B,1700,8,SF-C,1200,10,Egress44,1000.0
900.0,sfc-ingress44egress44,Ingress44,11,11,SF-B,1795,8,SF-C,1200,10,Egress44,1000.0
901.0,sfc-ingress44egress44,Ingress44,15,15,SF-B,2277,11,SF-C,1650,14,Egress44,1000.0
902.0,sfc-ingress44egress44,Ingress44,14,14,SF-B,2149,10,SF-C,1500,13,Egress44,1000.0
903.0,sfc-ingress44egress44,Ingress44,13,13,SF-B,2013,10,SF-C,1500,13,Egress44,1000.0
904.0,sfc-ingress44egress44,Ingress44,12,12,SF-B,1858,9,SF-C,1350,12,Egress44,1000.0
905.0,sfc-ingress44egress44,Ingress44,13,13,SF-B,1978,9,SF-C,1350,12,Egress44,1000.0
906.0,sfc-ingress44egress44,Ingress44,14,14,SF-B,2111,10,SF-C,1500,13,Egress44,1000.0
907.0,sfc-ingress44egress44,Ingress44,15,15,SF-B,2364,11,SF-C,1650,14,Egress44,1000.0
908.0,sfc-ingress44egress44,Ingress44,16,16,SF-B,2427,12,SF-C,1800,16,Egress44,1000.0
909.0,sfc-ingress44egress44,Ingress44,11,11,SF-B,1732,8,SF-C,1200,10,Egress44,1000.0
910.0,sfc-ingress44egress44,Ingress44,14,14,SF-B,2199,10,SF-C,1500,13,Egress44,1000.0
911.0,sfc-ingress44egress44,Ingress44,16,16,SF-B,2485,12,SF-C,1800,16,Egress44,1000.0
912.0,sfc-ingress44egress44,Ingress44,12,12,SF-B,1811,9,SF-C,1350,12,Egress44,1000.0
913.0,sfc-ingress44egress44,Ingress44,16,16,SF-B,2464,12,SF-C,1800,16,Egress44,1000.0
914.0,sfc-ingress44egress44,Ingress44,14,14,SF-B,2126,10,SF-C,1500,13,Egress44,1000.0
915.0,sfc-ingress44egress44,Ingress44,11,11,SF-B,1708,8,SF-C,1200,10,Egress44,1000.0
916.0,sfc-ingress44egress44,Ingress44,14,14,SF-B,2232,11,SF-C,1650,14,Egress44,1000.0
917.0,sfc-ingress44egress44,Ingress44,13,13,SF-B,1977,9,SF-C,1350,12,Egress44,1000.0
918.0,sfc-ingress44egress44,Ingress44,16,16,SF-B,2508,12,SF-C,1800,16,Egress44,1000.0
919.0,sfc-ingress44egress44,Ingress44,16,16,SF-B,2475,12,SF-C,1800,16,Egress44,1000.0
920.0,sfc-ingress44egress44,Ingress44,14,14,SF-B,2175,10,SF-C,1500,13,Egress44,1000.0
921.0,sfc-ingress44egress44,Ingress44,16,16,SF-B,2401,12,SF-C,1800,16,Egress44,1000.0
922.0,sfc-ingress44egress44,Ingress44,16,16,SF-B,2510,12,SF-C,1800,16,Egress44,1000.0
923.0,sfc-ingress44egress44,Ingress44,13,13,SF-B,2008,10,SF-C,1500,13,Egress44,1000.0
924.0,sfc-ingress44egress44,Ingress44,11,11,SF-B,1734,8,SF-C,1200,10,Egress44,1000.0
925.0,sfc-ingress44egress44,Ingress44,11,11,SF-B,1687,8,SF-C,1200,10,Egress44,1000.0
926.0,sfc-ingress44egress44,Ingress44,13,13,SF-B,2088,10,SF-C,1500,13,Egress44,1000.0
927.0,sfc-ingress44egress44,Ingress44,12,12,SF-B,1859,9,SF-C,1350,12,Egress44,1000.0
928.0,sfc-ingress44egress44,Ingress44,14,14,SF-B,2224,11,SF-C,1650,14,Egress44,1000.0
929.0,sfc-ingress44egress44,Ingress44,11,11,SF-B,1742,8,SF-C,1200,10,Egress44,1000.0
930.0,sfc-ingress44egress44,Ingress44,11,11,SF-B,1744,8,SF-C,1200,10,Egress44,1000.0
931.0,sfc-ingress44egress44,Ingress44,15,15,SF-B,2281,11,SF-C,1650,14,Egress44,1000.0
932.0,sfc-ingress44egress44,Ingress44,16,16,SF-B,2491,12,SF-C,1800,16,Egress44,1000.0
933.0,sfc-ingress44egress44,Ingress44,11,11,SF-B,1762,8,SF-C,1200,10,Egress44,1000.0
934.0,sfc-ingress44egress44,Ingress44,16,16,SF-B,2502,12,SF-C,1800,16,Egress44,1000.0
935.0,sfc-ingress44egress44,Ingress44,12,12,SF-B,1823,9,SF-C,1350,12,Egress44,1000.0
936.0,sfc-ingress44egress44,Ingress44,12,12,SF-B,1854,9,SF-C,1350,12,Egress44,1000.0
937.0,sfc-ingress44egress44,Ingress44,12,12,SF-B,1893,9,SF-C,1350,12,Egress44,1000.0
938.0,sfc-ingress44egress44,Ingress44,13,13,SF-B,1991,9,SF-C,1350,12,Egress44,1000.0
939.0,sfc-ingress44egress44,Ingress44,16,16,SF-B,2462,12,SF-C,1800,16,Egress44,1000.0
940.0,sfc-ingress44egress44,Ingress44,16,16,SF-B,2511,12,SF-C,1800,16,Egress44,1000.0
941.0,sfc-ingress44egress44,Ingress44,11,11,SF-B,1799,8,SF-C,1200,10,Egress44,1000.0
942.0,sfc-ingress44egress44,Ingress44,16,16,SF-B,2418,12,SF-C,1800,16,Egress44,1000.0
943.0,sfc-ingress44egress44,Ingress44,16,16,SF-B,2492,12,SF-C,1800,16,Egress44,1000.0
944.0,sfc-ingress44egress44,Ingress44,14,14,SF-B,2103,10,SF-C,1500,13,Egress44,1000.0
945.0,sfc-ingress44egress44,Ingress44,11,11,SF-B,1685,8,SF-C,1200,10,Egress44,1000.0
946.0,sfc-ingress44egress44,Ingress44,15,15,SF-B,2305,11,SF-C,1650,14,Egress44,1000.0
947.0,sfc-ingress44egress44,Ingress44,15,15,SF-B,2381,11,SF-C,1650,14,Egress44,1000.0
948.0,sfc-ingress44egress44,Ingress44,13,13,SF-B,2012,10,SF-C,1500,13,Egress44,1000.0
949.0,sfc-ingress44egress44,Ingress44,14,14,SF-B,2119,10,SF-C,1500,13,Egress44,1000.0
950.0,sfc-ingress44egress44,Ingress44,11,11,SF-B,1739,8,SF-C,1200,10,Egress44,1000.0
951.0,sfc-ingress44egress44,Ingress44,12,12,SF-B,1852,9,SF-C,1350,12,Egress44,1000.0
952.0,sfc-ingress44egress44,Ingress44,14,14,SF-B,2180,10,SF-C,1500,13,Egress44,1000.0
953.0,sfc-ingress44egress44,Ingress44,12,12,SF-B,1853,9,SF-C,1350,12,Egress44,1000.0
954.0,sfc-ingress44egress44,Ingress44,14,14,SF-B,2188,10,SF-C,1500,13,Egress44,1000.0
955.0,sfc-ingress44egress44,Ingress44,15,15,SF-B,2360,11,SF-C,1650,14,Egress44,1000.0
956.0,sfc-ingress44egress44,Ingress44,15,15,SF-B,2290,11,SF-C,1650,14,Egress44,1000.0
957.0,sfc-ingress44egress44,Ingress44,15,15,SF-B,2350,11,SF-C,1650,14,Egress44,1000.0
958.0,sfc-ingress44egress44,Ingress44,12,12,SF-B,1900,9,SF-C,1350,12,Egress44,1000.0
959.0,sfc-ingress44egress44,Ingress44,13,13,SF-B,2001,10,SF-C,1500,13,Egress44,1000.0
960.0,sfc-ingress44egress44,Ingress44,11,11,SF-B,1786,8,SF-C,1200,10,Egress44,1000.0
961.0,sfc-ingress44egress44,Ingress44,16,16,SF-B,2417,12,SF-C,1800,16,Egress44,1000.0
962.0,sfc-ingress44egress44,Ingress44,15,15,SF-B,2398,11,SF-C,1650,14,Egress44,1000.0
963.0,sfc-ingress44egress44,Ingress44,16,16,SF-B,2435,12,SF-C,1800,16,Egress44,1000.0
964.0,sfc-ingress44egress44,Ingress44,13,13,SF-B,1981,9,SF-C,1350,12,Egress44,1000.0
965.0,sfc-ingress44egress44,Ingress44,14,14,SF-B,2200,11,SF-C,1650,14,Egress44,1000.0
966.0,sfc-ingress44egress44,Ingress44,14,14,SF-B,2119,10,SF-C,1500,13,Egress44,1000.0
967.0,sfc-ingress44egress44,Ingress44,15,15,SF-B,2251,11,SF-C,1650,14,Egress44,1000.0
968.0,sfc-ingress44egress44,Ingress44,11,11,SF-B,1782,8,SF-C,1200,10,Egress44,1000.0
969.0,sfc-ingress44egress44,Ingress44,12,12,SF-B,1810,9,SF-C,1350,12,Egress44,1000.0
970.0,sfc-ingress44egress44,Ingress44,15,15,SF-B,2390,11,SF-C,1650,14,Egress44,1000.0
971.0,sfc-ingress44egress44,Ingress44,12,12,SF-B,1936,9,SF-C,1350,12,Egress44,1000.0
972.0,sfc-ingress44egress44,Ingress44,14,14,SF-B,2167,10,SF-C,1500,13,Egress44,1000.0
973.0,sfc-ingress44egress44,Ingress44,14,14,SF-B,2184,10,SF-C,1500,13,Egress44,1000.0
974.0,sfc-ingress44egress44,Ingress44,14,14,SF-B,2176,10,SF-C,1500,13,Egress44,1000.0
975.0,sfc-ingress44egress44,Ingress44,16,16,SF-B,2496,12,SF-C,1800,16,Egress44,1000.0
976.0,sfc-ingress44egress44,Ingress44,14,14,SF-B,2151,10,SF-C,1500,13,Egress44,1000.0
977.0,sfc-ingress44egress44,Ingress44,12,12,SF-B,1800,9,SF-C,1350,12,Egress44,1000.0
978.0,sfc-ingress44egress44,Ingress44,12,12,SF-B,1811,9,SF-C,1350,12,Egress44,1000.0
979.0,sfc-ingress44egress44,Ingress44,14,14,SF-B,2206,11,SF-C,1650,14,Egress44,1000.0
980.0,sfc-ingress44egress44,Ingress44,13,13,SF-B,2081,10,SF-C,1500,13,Egress44,1000.0
981.0,sfc-ingress44egress44,Ingress44,12,12,SF-B,1919,9,SF-C,1350,12,Egress44,1000.0
982.0,sfc-ingress44egress44,Ingress44,14,14,SF-B,2144,10,SF-C,1500,13,Egress44,1000.0
983.0,sfc-ingress44egress44,Ingress44,14,14,SF-B,2195,10,SF-C,1500,13,Egress44,1000.0
984.0,sfc-ingress44egress44,Ingress44,13,13,SF-B,1986,9,SF-C,1350,12,Egress44,1000.0
985.0,sfc-ingress44egress44,Ingress44,11,11,SF-B,1798,8,SF-C,1200,10,Egress44,1000.0
986.0,sfc-ingress44egress44,Ingress44,15,15,SF-B,2324,11,SF-C,1650,14,Egress44,1000.0
987.0,sfc-ingress44egress44,Ingress44,11,11,SF-B,1754,8,SF-C,1200,10,Egress44,1000.0
988.0,sfc-ingress44egress44,Ingress44,14,14,SF-B,2179,10,SF-C,1500,13,Egress44,1000.0
989.0,sfc-ingress44egress44,Ingress44,16,16,SF-B,2422,12,SF-C,1800,16,Egress44,1000.0
990.0,sfc-ingress44egress44,Ingress44,16,16,SF-B,2515,12,SF-C,1800,16,Egress44,1000.0
991.0,sfc-ingress44egress44,Ingress44,11,11,SF-B,1696,8,SF-C,1200,10,Egress44,1000.0
992.0,sfc-ingress44egress44,Ingress44,15,15,SF-B,2315,11,SF-C,1650,14,Egress44,1000.0
993.0,sfc-ingress44egress44,Ingress44,16,16,SF-B,2451,12,SF-C,1800,16,Egress44,1000.0
994.0,sfc-ingress44egress44,Ingress44,11,11,SF-B,1697,8,SF-C,1200,10,Egress44,1000.0
995.0,sfc-ingress44egress44,Ingress44,14,14,SF-B,2237,11,SF-C,1650,14,Egress44,1000.0
996.0,sfc-ingress44egress44,Ingress44,16,16,SF-B,2445,12,SF-C,1800,16,Egress44,1000.0
997.0,sfc-ingress44egress44,Ingress44,14,14,SF-B,2109,10,SF-C,1500,13,Egress44,1000.0
998.0,sfc-ingress44egress44,Ingress44,11,11,SF-B,1742,8,SF-C,1200,10,Egress44,1000.0
999.0,sfc-ingress44egress44,Ingress44,14,14,SF-B,2108,10,SF-C,1500,13,Egress44,1000.0
1000.0,sfc-ingress44egress44,Ingress44,11,11,SF-B,1745,8,SF-C,1200,10,Egress44,1000.0
